Event ID,Event Version,Level,Channel,Task,Opcode,Keyword,Windows,Version,Edition,Date,Build,Event Message,Event Fields
50001,0,,,,,,Windows 11,24H2,Pro,2024/10/2,26100.1742,IPMGM was unable to initialize a critical section. The data is the exception code.,
50001,0,,,,,,Windows 11,22H2,Pro,2022/12/20,22621.963,IPMGM was unable to initialize a critical section. The data is the exception code.,
50001,0,,,,,,Windows 11,22H2,Pro,2022/11/15,22621.819,IPMGM was unable to initialize a critical section. The data is the exception code.,
50001,0,,,,,,Windows 11,22H2,Pro,2022/10/18,22621.674,IPMGM was unable to initialize a critical section. The data is the exception code.,
50001,0,,,,,,Windows 11,22H2,Pro,2022/09/20,22621.382,IPMGM was unable to initialize a critical section. The data is the exception code.,
50001,0,,,,,,Windows 11,22H2,Pro,2023/03/21,22621.1413,IPMGM was unable to initialize a critical section. The data is the exception code.,
50001,0,,,,,,Windows 11,22H2,Pro,2023/02/21,22621.1265,IPMGM was unable to initialize a critical section. The data is the exception code.,
50001,0,,,,,,Windows 11,22H2,Pro,2023/01/17,22621.1105,IPMGM was unable to initialize a critical section. The data is the exception code.,
50001,0,,,,,,Windows 11,21H2,Pro,2022/09/20,22000.978,IPMGM was unable to initialize a critical section. The data is the exception code.,
50001,0,,,,,,Windows 11,21H2,Pro,2022/08/16,22000.856,IPMGM was unable to initialize a critical section. The data is the exception code.,
50001,0,,,,,,Windows 11,21H2,Pro,2022/07/19,22000.795,IPMGM was unable to initialize a critical section. The data is the exception code.,
50001,0,,,,,,Windows 11,21H2,Pro,2022/06/21,22000.739,IPMGM was unable to initialize a critical section. The data is the exception code.,
50001,0,,,,,,Windows 11,21H2,Pro,2022/05/17,22000.675,IPMGM was unable to initialize a critical section. The data is the exception code.,
50001,0,,,,,,Windows 11,21H2,Pro,2022/04/19,22000.613,IPMGM was unable to initialize a critical section. The data is the exception code.,
50001,0,,,,,,Windows 11,21H2,Pro,2022/03/15,22000.556,IPMGM was unable to initialize a critical section. The data is the exception code.,
50001,0,,,,,,Windows 11,21H2,Pro,2022/02/15,22000.493,IPMGM was unable to initialize a critical section. The data is the exception code.,
50001,0,,,,,,Windows 11,21H2,Pro,2022/01/11,22000.434,IPMGM was unable to initialize a critical section. The data is the exception code.,
50001,0,,,,,,Windows 11,21H2,Pro,2021/12/14,22000.376,IPMGM was unable to initialize a critical section. The data is the exception code.,
50001,0,,,,,,Windows 11,21H2,Pro,2021/11/09,22000.318,IPMGM was unable to initialize a critical section. The data is the exception code.,
50001,0,,,,,,Windows 11,21H2,Pro,2021/09/16,22000.194,IPMGM was unable to initialize a critical section. The data is the exception code.,
50001,0,,,,,,Windows 11,21H2,Pro,2023/03/21,22000.1696,IPMGM was unable to initialize a critical section. The data is the exception code.,
50001,0,,,,,,Windows 11,21H2,Pro,2023/02/21,22000.1574,IPMGM was unable to initialize a critical section. The data is the exception code.,
50001,0,,,,,,Windows 11,21H2,Pro,2023/01/17,22000.1455,IPMGM was unable to initialize a critical section. The data is the exception code.,
50001,0,,,,,,Windows 11,21H2,Pro,2022/12/20,22000.1335,IPMGM was unable to initialize a critical section. The data is the exception code.,
50001,0,,,,,,Windows 11,21H2,Pro,2022/11/15,22000.1219,IPMGM was unable to initialize a critical section. The data is the exception code.,
50001,0,,,,,,Windows 11,21H2,Pro,2022/10/18,22000.1098,IPMGM was unable to initialize a critical section. The data is the exception code.,
50001,0,,,,,,Windows 11,21H2,Pro-Dev,1970/01/01,21996.1,IPMGM was unable to initialize a critical section. The data is the exception code.,
50001,0,,,,,,Windows Server 2022,21H2,Standard,2022/08/16,20348.887,IPMGM was unable to initialize a critical section. The data is the exception code.,
50001,0,,,,,,Windows Server 2022,21H2,Standard,2022/07/19,20348.825,IPMGM was unable to initialize a critical section. The data is the exception code.,
50001,0,,,,,,Windows Server 2022,21H2,Standard,2022/06/21,20348.768,IPMGM was unable to initialize a critical section. The data is the exception code.,
50001,0,,,,,,Windows Server 2022,21H2,Standard,2022/05/17,20348.707,IPMGM was unable to initialize a critical section. The data is the exception code.,
50001,0,,,,,,Windows Server 2022,21H2,Standard,2022/04/19,20348.643,IPMGM was unable to initialize a critical section. The data is the exception code.,
50001,0,,,,,,Windows Server 2022,21H2,Standard,2022/02/15,20348.587,IPMGM was unable to initialize a critical section. The data is the exception code.,
50001,0,,,,,,Windows Server 2022,21H2,Standard,2022/02/15,20348.524,IPMGM was unable to initialize a critical section. The data is the exception code.,
50001,0,,,,,,Windows Server 2022,21H2,Standard,2022/01/11,20348.469,IPMGM was unable to initialize a critical section. The data is the exception code.,
50001,0,,,,,,Windows Server 2022,21H2,Standard,2021/12/08,20348.405,IPMGM was unable to initialize a critical section. The data is the exception code.,
50001,0,,,,,,Windows Server 2022,21H2,Standard,2021/11/09,20348.35,IPMGM was unable to initialize a critical section. The data is the exception code.,
50001,0,,,,,,Windows Server 2022,21H2,Standard,2021/10/12,20348.288,IPMGM was unable to initialize a critical section. The data is the exception code.,
50001,0,,,,,,Windows Server 2022,21H2,Standard,2021/09/14,20348.23,IPMGM was unable to initialize a critical section. The data is the exception code.,
50001,0,,,,,,Windows Server 2022,21H2,Standard,2021/08/18,20348.169,IPMGM was unable to initialize a critical section. The data is the exception code.,
50001,0,,,,,,Windows Server 2022,21H2,Standard,2023/03/21,20348.1607,IPMGM was unable to initialize a critical section. The data is the exception code.,
50001,0,,,,,,Windows Server 2022,21H2,Standard,2023/02/21,20348.1547,IPMGM was unable to initialize a critical section. The data is the exception code.,
50001,0,,,,,,Windows Server 2022,21H2,Standard,2023/01/17,20348.1487,IPMGM was unable to initialize a critical section. The data is the exception code.,
50001,0,,,,,,Windows Server 2022,21H2,Standard,2022/12/20,20348.1366,IPMGM was unable to initialize a critical section. The data is the exception code.,
50001,0,,,,,,Windows Server 2022,21H2,Standard,2022/11/15,20348.1249,IPMGM was unable to initialize a critical section. The data is the exception code.,
50001,0,,,,,,Windows Server 2022,21H2,Standard,2022/10/18,20348.1129,IPMGM was unable to initialize a critical section. The data is the exception code.,
50001,0,,,,,,Windows Server 2022,21H2,Standard,2022/09/20,20348.1006,IPMGM was unable to initialize a critical section. The data is the exception code.,
50001,0,,,,,,Windows 10,22H2,Pro,2023/03/21,19045.2728,IPMGM was unable to initialize a critical section. The data is the exception code.,
50001,0,,,,,,Windows 10,22H2,Pro,2023/02/21,19045.2604,IPMGM was unable to initialize a critical section. The data is the exception code.,
50001,0,,,,,,Windows 10,22H2,Pro,2023/01/17,19045.2486,IPMGM was unable to initialize a critical section. The data is the exception code.,
50001,0,,,,,,Windows 10,22H2,Pro,2022/12/20,19045.2364,IPMGM was unable to initialize a critical section. The data is the exception code.,
50001,0,,,,,,Windows 10,22H2,Pro,2022/11/15,19045.2251,IPMGM was unable to initialize a critical section. The data is the exception code.,
50001,0,,,,,,Windows 10,21H2,Pro,2023/03/21,19044.2728,IPMGM was unable to initialize a critical section. The data is the exception code.,
50001,0,,,,,,Windows 10,21H2,Pro,2023/02/21,19044.2604,IPMGM was unable to initialize a critical section. The data is the exception code.,
50001,0,,,,,,Windows 10,21H2,Pro,2023/01/17,19044.2486,IPMGM was unable to initialize a critical section. The data is the exception code.,
50001,0,,,,,,Windows 10,21H2,Pro,2022/12/20,19044.2364,IPMGM was unable to initialize a critical section. The data is the exception code.,
50001,0,,,,,,Windows 10,21H2,Pro,2022/11/15,19044.2251,IPMGM was unable to initialize a critical section. The data is the exception code.,
50001,0,,,,,,Windows 10,21H2,Pro,2022/10/18,19044.213,IPMGM was unable to initialize a critical section. The data is the exception code.,
50001,0,,,,,,Windows 10,21H2,Pro,2022/09/20,19044.2006,IPMGM was unable to initialize a critical section. The data is the exception code.,
50001,0,,,,,,Windows 10,21H2,Pro,2022/08/16,19044.1889,IPMGM was unable to initialize a critical section. The data is the exception code.,
50001,0,,,,,,Windows 10,21H2,Pro,2022/07/19,19044.1826,IPMGM was unable to initialize a critical section. The data is the exception code.,
50001,0,,,,,,Windows 10,21H2,Pro,2022/06/21,19044.1766,IPMGM was unable to initialize a critical section. The data is the exception code.,
50001,0,,,,,,Windows 10,21H2,Pro,2022/05/17,19044.1706,IPMGM was unable to initialize a critical section. The data is the exception code.,
50001,0,,,,,,Windows 10,21H2,Pro,2022/04/19,19044.1645,IPMGM was unable to initialize a critical section. The data is the exception code.,
50001,0,,,,,,Windows 10,21H2,Pro,2022/01/11,19044.1466,IPMGM was unable to initialize a critical section. The data is the exception code.,
50001,0,,,,,,Windows 10,21H2,Pro,2021/10/12,19044.1288,IPMGM was unable to initialize a critical section. The data is the exception code.,
50001,0,,,,,,Windows 10,21H1,Pro,2021/04/13,19043.928,IPMGM was unable to initialize a critical section. The data is the exception code.,
50001,0,,,,,,Windows 10,21H1,Pro,2022/12/20,19043.2364,IPMGM was unable to initialize a critical section. The data is the exception code.,
50001,0,,,,,,Windows 10,21H1,Pro,2022/11/15,19043.2251,IPMGM was unable to initialize a critical section. The data is the exception code.,
50001,0,,,,,,Windows 10,21H1,Pro,2022/10/18,19043.213,IPMGM was unable to initialize a critical section. The data is the exception code.,
50001,0,,,,,,Windows 10,21H1,Pro,2022/09/20,19043.2006,IPMGM was unable to initialize a critical section. The data is the exception code.,
50001,0,,,,,,Windows 10,21H1,Pro,2022/08/16,19043.1889,IPMGM was unable to initialize a critical section. The data is the exception code.,
50001,0,,,,,,Windows 10,21H1,Pro,2022/07/19,19043.1826,IPMGM was unable to initialize a critical section. The data is the exception code.,
50001,0,,,,,,Windows 10,21H1,Pro,2022/06/21,19043.1766,IPMGM was unable to initialize a critical section. The data is the exception code.,
50001,0,,,,,,Windows 10,21H1,Pro,2022/05/17,19043.1706,IPMGM was unable to initialize a critical section. The data is the exception code.,
50001,0,,,,,,Windows 10,21H1,Pro,2022/04/19,19043.1645,IPMGM was unable to initialize a critical section. The data is the exception code.,
50001,0,,,,,,Windows 10,21H1,Pro,2022/01/11,19043.1466,IPMGM was unable to initialize a critical section. The data is the exception code.,
50001,0,,,,,,Windows 10,21H1,Pro,2021/12/14,19043.1415,IPMGM was unable to initialize a critical section. The data is the exception code.,
50001,0,,,,,,Windows 10,21H2,Pro,2021/12/14,19043.1415,IPMGM was unable to initialize a critical section. The data is the exception code.,
50001,0,,,,,,Windows 10,21H1,Pro,2021/11/09,19043.1348,IPMGM was unable to initialize a critical section. The data is the exception code.,
50001,0,,,,,,Windows 10,21H1,Pro,2021/10/12,19043.1288,IPMGM was unable to initialize a critical section. The data is the exception code.,
50001,0,,,,,,Windows 10,21H1,Pro,2021/09/14,19043.1237,IPMGM was unable to initialize a critical section. The data is the exception code.,
50001,0,,,,,,Windows 10,21H1,Pro,2021/08/10,19043.1165,IPMGM was unable to initialize a critical section. The data is the exception code.,
50001,0,,,,,,Windows 10,21H1,Pro,2021/07/13,19043.111,IPMGM was unable to initialize a critical section. The data is the exception code.,
50001,0,,,,,,Windows 10,21H1,Pro,2021/06/08,19043.1052,IPMGM was unable to initialize a critical section. The data is the exception code.,
50001,0,,,,,,Windows 10,20H2,Pro,2022/04/19,19042.1645,IPMGM was unable to initialize a critical section. The data is the exception code.,
50001,0,,,,,,Windows 10,20H2,Pro,2022/01/11,19042.1466,IPMGM was unable to initialize a critical section. The data is the exception code.,
50001,0,,,,,,Windows 10,2004,Pro,2021/05/11,19041.985,IPMGM was unable to initialize a critical section. The data is the exception code.,
50001,0,,,,,,Windows 10,20H2,Pro,2021/05/11,19041.985,IPMGM was unable to initialize a critical section. The data is the exception code.,
50001,0,,,,,,Windows 10,2004,Pro,2021/04/13,19041.928,IPMGM was unable to initialize a critical section. The data is the exception code.,
50001,0,,,,,,Windows 10,20H2,Pro,2021/04/13,19041.928,IPMGM was unable to initialize a critical section. The data is the exception code.,
50001,0,,,,,,Windows 10,2004,Pro,2021/03/09,19041.867,IPMGM was unable to initialize a critical section. The data is the exception code.,
50001,0,,,,,,Windows 10,20H2,Pro,2021/03/09,19041.867,IPMGM was unable to initialize a critical section. The data is the exception code.,
50001,0,,,,,,Windows 10,2004,Pro,2021/02/09,19041.804,IPMGM was unable to initialize a critical section. The data is the exception code.,
50001,0,,,,,,Windows 10,20H2,Pro,2021/02/09,19041.804,IPMGM was unable to initialize a critical section. The data is the exception code.,
50001,0,,,,,,Windows 10,2004,Pro,2021/01/12,19041.746,IPMGM was unable to initialize a critical section. The data is the exception code.,
50001,0,,,,,,Windows 10,20H2,Pro,2021/01/12,19041.746,IPMGM was unable to initialize a critical section. The data is the exception code.,
50001,0,,,,,,Windows 10,2004,Pro,2020/12/08,19041.685,IPMGM was unable to initialize a critical section. The data is the exception code.,
50001,0,,,,,,Windows 10,20H2,Pro,2020/12/08,19041.685,IPMGM was unable to initialize a critical section. The data is the exception code.,
50001,0,,,,,,Windows 10,20H2,Pro,2020/11/19,19041.631,IPMGM was unable to initialize a critical section. The data is the exception code.,
50001,0,,,,,,Windows 10,2004,Pro,2020/11/10,19041.63,IPMGM was unable to initialize a critical section. The data is the exception code.,
50001,0,,,,,,Windows 10,2004,Pro,2020/10/13,19041.572,IPMGM was unable to initialize a critical section. The data is the exception code.,
50001,0,,,,,,Windows 10,2004,Pro,2020/09/08,19041.508,IPMGM was unable to initialize a critical section. The data is the exception code.,
50001,0,,,,,,Windows 10,2004,Pro,2020/08/11,19041.45,IPMGM was unable to initialize a critical section. The data is the exception code.,
50001,0,,,,,,Windows 10,2004,Pro,2020/07/14,19041.388,IPMGM was unable to initialize a critical section. The data is the exception code.,
50001,0,,,,,,Windows 10,2004,Pro,2020/06/09,19041.329,IPMGM was unable to initialize a critical section. The data is the exception code.,
50001,0,,,,,,Windows 10,2004,Pro,2020/05/27,19041.264,IPMGM was unable to initialize a critical section. The data is the exception code.,
50001,0,,,,,,Windows 10,2004,Pro,2020/04/16,19041.208,IPMGM was unable to initialize a critical section. The data is the exception code.,
50001,0,,,,,,Windows 10,21H1,Pro,2022/03/15,19041.1586,IPMGM was unable to initialize a critical section. The data is the exception code.,
50001,0,,,,,,Windows 10,20H2,Pro,2022/03/15,19041.1586,IPMGM was unable to initialize a critical section. The data is the exception code.,
50001,0,,,,,,Windows 10,21H2,Pro,2022/03/15,19041.1586,IPMGM was unable to initialize a critical section. The data is the exception code.,
50001,0,,,,,,Windows 10,21H1,Pro,2022/02/15,19041.1526,IPMGM was unable to initialize a critical section. The data is the exception code.,
50001,0,,,,,,Windows 10,20H2,Pro,2022/02/15,19041.1526,IPMGM was unable to initialize a critical section. The data is the exception code.,
50001,0,,,,,,Windows 10,21H2,Pro,2022/02/15,19041.1526,IPMGM was unable to initialize a critical section. The data is the exception code.,
50001,0,,,,,,Windows 10,20H2,Pro,2021/12/14,19041.1415,IPMGM was unable to initialize a critical section. The data is the exception code.,
50001,0,,,,,,Windows 10,2004,Pro,2021/11/09,19041.1348,IPMGM was unable to initialize a critical section. The data is the exception code.,
50001,0,,,,,,Windows 10,20H2,Pro,2021/11/09,19041.1348,IPMGM was unable to initialize a critical section. The data is the exception code.,
50001,0,,,,,,Windows 10,2004,Pro,2021/10/12,19041.1288,IPMGM was unable to initialize a critical section. The data is the exception code.,
50001,0,,,,,,Windows 10,20H2,Pro,2021/10/12,19041.1288,IPMGM was unable to initialize a critical section. The data is the exception code.,
50001,0,,,,,,Windows 10,2004,Pro,2021/09/14,19041.1237,IPMGM was unable to initialize a critical section. The data is the exception code.,
50001,0,,,,,,Windows 10,20H2,Pro,2021/09/14,19041.1237,IPMGM was unable to initialize a critical section. The data is the exception code.,
50001,0,,,,,,Windows 10,2004,Pro,2021/08/10,19041.1165,IPMGM was unable to initialize a critical section. The data is the exception code.,
50001,0,,,,,,Windows 10,20H2,Pro,2021/08/10,19041.1165,IPMGM was unable to initialize a critical section. The data is the exception code.,
50001,0,,,,,,Windows 10,2004,Pro,2021/07/13,19041.111,IPMGM was unable to initialize a critical section. The data is the exception code.,
50001,0,,,,,,Windows 10,20H2,Pro,2021/07/13,19041.111,IPMGM was unable to initialize a critical section. The data is the exception code.,
50001,0,,,,,,Windows 10,2004,Pro,2021/06/08,19041.1052,IPMGM was unable to initialize a critical section. The data is the exception code.,
50001,0,,,,,,Windows 10,20H2,Pro,2021/06/08,19041.1052,IPMGM was unable to initialize a critical section. The data is the exception code.,
50001,0,,,,,,Windows 10,1909,Pro,2020/07/14,18363.959,IPMGM was unable to initialize a critical section. The data is the exception code.,
50001,0,,,,,,Windows 10,1909,Pro,2020/06/09,18363.9,IPMGM was unable to initialize a critical section. The data is the exception code.,
50001,0,,,,,,Windows 10,1909,Pro,2020/05/12,18363.836,IPMGM was unable to initialize a critical section. The data is the exception code.,
50001,0,,,,,,Windows 10,1909,Pro,2020/04/14,18363.778,IPMGM was unable to initialize a critical section. The data is the exception code.,
50001,0,,,,,,Windows 10,1909,Pro,2020/03/12,18363.72,IPMGM was unable to initialize a critical section. The data is the exception code.,
50001,0,,,,,,Windows 10,1909,Pro,2020/02/11,18363.657,IPMGM was unable to initialize a critical section. The data is the exception code.,
50001,0,,,,,,Windows 10,1909,Pro,2020/01/14,18363.592,IPMGM was unable to initialize a critical section. The data is the exception code.,
50001,0,,,,,,Windows 10,1909,Pro,2019/12/10,18363.535,IPMGM was unable to initialize a critical section. The data is the exception code.,
50001,0,,,,,,Windows 10,1909,Pro,2019/10/05,18363.418,IPMGM was unable to initialize a critical section. The data is the exception code.,
50001,0,,,,,,Windows 10,1909,Pro,2021/06/08,18363.1621,IPMGM was unable to initialize a critical section. The data is the exception code.,
50001,0,,,,,,Windows 10,1909,Pro,2021/05/11,18363.1556,IPMGM was unable to initialize a critical section. The data is the exception code.,
50001,0,,,,,,Windows 10,1909,Pro,2021/04/13,18363.15,IPMGM was unable to initialize a critical section. The data is the exception code.,
50001,0,,,,,,Windows 10,1909,Pro,2021/03/09,18363.144,IPMGM was unable to initialize a critical section. The data is the exception code.,
50001,0,,,,,,Windows 10,1909,Pro,2021/02/11,18363.1379,IPMGM was unable to initialize a critical section. The data is the exception code.,
50001,0,,,,,,Windows 10,1909,Pro,2021/01/12,18363.1316,IPMGM was unable to initialize a critical section. The data is the exception code.,
50001,0,,,,,,Windows 10,1909,Pro,2020/12/08,18363.1256,IPMGM was unable to initialize a critical section. The data is the exception code.,
50001,0,,,,,,Windows 10,1909,Pro,2020/11/10,18363.1198,IPMGM was unable to initialize a critical section. The data is the exception code.,
50001,0,,,,,,Windows 10,1909,Pro,2020/10/13,18363.1139,IPMGM was unable to initialize a critical section. The data is the exception code.,
50001,0,,,,,,Windows 10,1909,Pro,2020/09/08,18363.1082,IPMGM was unable to initialize a critical section. The data is the exception code.,
50001,0,,,,,,Windows 10,1909,Pro,2020/08/11,18363.1016,IPMGM was unable to initialize a critical section. The data is the exception code.,
50001,0,,,,,,Windows 10,1903,Pro,2020/07/14,18362.959,IPMGM was unable to initialize a critical section. The data is the exception code.,
50001,0,,,,,,Windows 10,1903,Pro,2020/05/12,18362.836,IPMGM was unable to initialize a critical section. The data is the exception code.,
50001,0,,,,,,Windows 10,1903,Pro,2020/03/12,18362.72,IPMGM was unable to initialize a critical section. The data is the exception code.,
50001,0,,,,,,Windows 10,1903,Pro,2020/02/11,18362.657,IPMGM was unable to initialize a critical section. The data is the exception code.,
50001,0,,,,,,Windows 10,1903,Pro,2019/12/10,18362.535,IPMGM was unable to initialize a critical section. The data is the exception code.,
50001,0,,,,,,Windows 10,1903,Pro,2019/11/12,18362.476,IPMGM was unable to initialize a critical section. The data is the exception code.,
50001,0,,,,,,Windows 10,1903,Pro,2019/09/10,18362.356,IPMGM was unable to initialize a critical section. The data is the exception code.,
50001,0,,,,,,Windows 10,1903,Pro,2019/03/29,18362.3,IPMGM was unable to initialize a critical section. The data is the exception code.,
50001,0,,,,,,Windows 10,1903,Pro,2019/07/09,18362.239,IPMGM was unable to initialize a critical section. The data is the exception code.,
50001,0,,,,,,Windows 10,1903,Pro,2019/06/11,18362.175,IPMGM was unable to initialize a critical section. The data is the exception code.,
50001,0,,,,,,Windows 10,1903,Pro,2020/12/08,18362.1256,IPMGM was unable to initialize a critical section. The data is the exception code.,
50001,0,,,,,,Windows 10,1903,Pro,2020/11/10,18362.1198,IPMGM was unable to initialize a critical section. The data is the exception code.,
50001,0,,,,,,Windows 10,1903,Pro,2020/10/13,18362.1139,IPMGM was unable to initialize a critical section. The data is the exception code.,
50001,0,,,,,,Windows 10,1903,Pro,2020/09/08,18362.1082,IPMGM was unable to initialize a critical section. The data is the exception code.,
50001,0,,,,,,Windows 10,1903,Pro,2019/12/10,18362.1016,IPMGM was unable to initialize a critical section. The data is the exception code.,
50001,0,,,,,,Windows 10,1809,Pro,2020/01/14,17763.973,IPMGM was unable to initialize a critical section. The data is the exception code.,
50001,0,,,,,,Windows Server 2019,1809,Standard,2020/01/14,17763.973,IPMGM was unable to initialize a critical section. The data is the exception code.,
50001,0,,,,,,Windows 10,1809,Pro,2019/12/10,17763.914,IPMGM was unable to initialize a critical section. The data is the exception code.,
50001,0,,,,,,Windows Server 2019,1809,Standard,2019/12/10,17763.914,IPMGM was unable to initialize a critical section. The data is the exception code.,
50001,0,,,,,,Windows 10,1809,Pro,2019/11/12,17763.864,IPMGM was unable to initialize a critical section. The data is the exception code.,
50001,0,,,,,,Windows Server 2019,1809,Standard,2019/11/12,17763.864,IPMGM was unable to initialize a critical section. The data is the exception code.,
50001,0,,,,,,Windows 10,1809,Pro,2019/10/08,17763.805,IPMGM was unable to initialize a critical section. The data is the exception code.,
50001,0,,,,,,Windows 10,1809,Pro,2019/09/10,17763.737,IPMGM was unable to initialize a critical section. The data is the exception code.,
50001,0,,,,,,Windows Server 2019,1809,Standard,2019/09/10,17763.737,IPMGM was unable to initialize a critical section. The data is the exception code.,
50001,0,,,,,,Windows 10,1809,Pro,2019/08/13,17763.678,IPMGM was unable to initialize a critical section. The data is the exception code.,
50001,0,,,,,,Windows Server 2019,1809,Standard,2019/08/13,17763.678,IPMGM was unable to initialize a critical section. The data is the exception code.,
50001,0,,,,,,Windows 10,1809,Pro,2019/07/09,17763.615,IPMGM was unable to initialize a critical section. The data is the exception code.,
50001,0,,,,,,Windows 10,1809,Pro,2019/06/11,17763.557,IPMGM was unable to initialize a critical section. The data is the exception code.,
50001,0,,,,,,Windows 10,1809,Pro,2019/05/19,17763.504,IPMGM was unable to initialize a critical section. The data is the exception code.,
50001,0,,,,,,Windows 10,1809,Pro,2019/04/09,17763.437,IPMGM was unable to initialize a critical section. The data is the exception code.,
50001,0,,,,,,Windows 10,1809,Pro,2019/03/12,17763.379,IPMGM was unable to initialize a critical section. The data is the exception code.,
50001,0,,,,,,Windows Server 2019,1809,Standard,2019/03/12,17763.379,IPMGM was unable to initialize a critical section. The data is the exception code.,
50001,0,,,,,,Windows Server 2019,1809,Standard,2022/11/15,17763.365,IPMGM was unable to initialize a critical section. The data is the exception code.,
50001,0,,,,,,Windows 10,1809,Pro,2019/02/12,17763.316,IPMGM was unable to initialize a critical section. The data is the exception code.,
50001,0,,,,,,Windows 10,1803,Pro,2019/01/08,17763.253,IPMGM was unable to initialize a critical section. The data is the exception code.,
50001,0,,,,,,Windows Server 2019,1809,Standard,2021/08/10,17763.2114,IPMGM was unable to initialize a critical section. The data is the exception code.,
50001,0,,,,,,Windows Server 2019,1809,Standard,2021/07/13,17763.2061,IPMGM was unable to initialize a critical section. The data is the exception code.,
50001,0,,,,,,Windows Server 2019,1809,Standard,2021/06/08,17763.1999,IPMGM was unable to initialize a critical section. The data is the exception code.,
50001,0,,,,,,Windows 10,1809,Pro,2018/12/11,17763.194,IPMGM was unable to initialize a critical section. The data is the exception code.,
50001,0,,,,,,Windows Server 2019,1809,Standard,2021/05/11,17763.1935,IPMGM was unable to initialize a critical section. The data is the exception code.,
50001,0,,,,,,Windows Server 2019,1809,Standard,2021/04/13,17763.1879,IPMGM was unable to initialize a critical section. The data is the exception code.,
50001,0,,,,,,Windows Server 2019,1809,Standard,2021/03/09,17763.1817,IPMGM was unable to initialize a critical section. The data is the exception code.,
50001,0,,,,,,Windows Server 2019,1809,Standard,2021/02/09,17763.1757,IPMGM was unable to initialize a critical section. The data is the exception code.,
50001,0,,,,,,Windows Server 2019,1809,Standard,2021/01/12,17763.1697,IPMGM was unable to initialize a critical section. The data is the exception code.,
50001,0,,,,,,Windows Server 2019,1809,Standard,2020/12/08,17763.1637,IPMGM was unable to initialize a critical section. The data is the exception code.,
50001,0,,,,,,Windows 10,1809,Pro,2020/11/10,17763.1577,IPMGM was unable to initialize a critical section. The data is the exception code.,
50001,0,,,,,,Windows Server 2019,1809,Standard,2020/11/10,17763.1577,IPMGM was unable to initialize a critical section. The data is the exception code.,
50001,0,,,,,,Windows 10,1809,Pro,2020/10/13,17763.1518,IPMGM was unable to initialize a critical section. The data is the exception code.,
50001,0,,,,,,Windows Server 2019,1809,Standard,2020/10/13,17763.1518,IPMGM was unable to initialize a critical section. The data is the exception code.,
50001,0,,,,,,Windows 10,1809,Pro,2020/09/08,17763.1457,IPMGM was unable to initialize a critical section. The data is the exception code.,
50001,0,,,,,,Windows Server 2019,1809,Standard,2020/09/10,17763.1457,IPMGM was unable to initialize a critical section. The data is the exception code.,
50001,0,,,,,,Windows 10,1809,Pro,2020/08/11,17763.1397,IPMGM was unable to initialize a critical section. The data is the exception code.,
50001,0,,,,,,Windows Server 2019,1809,Standard,2020/08/11,17763.1397,IPMGM was unable to initialize a critical section. The data is the exception code.,
50001,0,,,,,,Windows 10,1809,Pro,2020/07/14,17763.1339,IPMGM was unable to initialize a critical section. The data is the exception code.,
50001,0,,,,,,Windows Server 2019,1809,Standard,2020/07/14,17763.1339,IPMGM was unable to initialize a critical section. The data is the exception code.,
50001,0,,,,,,Windows 10,1809,Pro,2020/06/09,17763.1282,IPMGM was unable to initialize a critical section. The data is the exception code.,
50001,0,,,,,,Windows Server 2019,1809,Standard,2020/06/09,17763.1282,IPMGM was unable to initialize a critical section. The data is the exception code.,
50001,0,,,,,,Windows 10,1809,Pro,2020/05/12,17763.1217,IPMGM was unable to initialize a critical section. The data is the exception code.,
50001,0,,,,,,Windows Server 2019,1809,Standard,2020/05/12,17763.1217,IPMGM was unable to initialize a critical section. The data is the exception code.,
50001,0,,,,,,Windows 10,1809,Pro,2020/04/14,17763.1158,IPMGM was unable to initialize a critical section. The data is the exception code.,
50001,0,,,,,,Windows Server 2019,1809,Standard,2020/04/14,17763.1158,IPMGM was unable to initialize a critical section. The data is the exception code.,
50001,0,,,,,,Windows 10,1809,Pro,2020/03/12,17763.1098,IPMGM was unable to initialize a critical section. The data is the exception code.,
50001,0,,,,,,Windows Server 2019,1809,Standard,2020/03/10,17763.1098,IPMGM was unable to initialize a critical section. The data is the exception code.,
50001,0,,,,,,Windows 10,1809,Pro,2018/11/13,17763.107,IPMGM was unable to initialize a critical section. The data is the exception code.,
50001,0,,,,,,Windows Server 2019,1809,Standard,2018/11/13,17763.107,IPMGM was unable to initialize a critical section. The data is the exception code.,
50001,0,,,,,,Windows 10,1809,Pro,2020/02/11,17763.1039,IPMGM was unable to initialize a critical section. The data is the exception code.,
50001,0,,,,,,Windows Server 2019,1809,Standard,2020/02/11,17763.1039,IPMGM was unable to initialize a critical section. The data is the exception code.,
50001,0,,,,,,Windows 10,1803,Pro,2019/08/13,17134.95,IPMGM was unable to initialize a critical section. The data is the exception code.,
50001,0,,,,,,Windows 10,1803,Pro,2019/07/09,17134.885,IPMGM was unable to initialize a critical section. The data is the exception code.,
50001,0,,,,,,Windows 10,1803,Pro,2019/06/11,17134.829,IPMGM was unable to initialize a critical section. The data is the exception code.,
50001,0,,,,,,Windows 10,1803,Pro,2019/05/19,17134.766,IPMGM was unable to initialize a critical section. The data is the exception code.,
50001,0,,,,,,Windows 10,1803,Pro,2019/04/09,17134.706,IPMGM was unable to initialize a critical section. The data is the exception code.,
50001,0,,,,,,Windows 10,1803,Pro,2019/03/12,17134.648,IPMGM was unable to initialize a critical section. The data is the exception code.,
50001,0,,,,,,Windows 10,1803,Pro,2019/01/08,17134.523,IPMGM was unable to initialize a critical section. The data is the exception code.,
50001,0,,,,,,Windows 10,1803,Pro,2018/09/11,17134.285,IPMGM was unable to initialize a critical section. The data is the exception code.,
50001,0,,,,,,Windows 10,1803,Pro,2018/08/14,17134.228,IPMGM was unable to initialize a critical section. The data is the exception code.,
50001,0,,,,,,Windows 10,1803,Pro,2018/06/12,17134.112,IPMGM was unable to initialize a critical section. The data is the exception code.,
50001,0,,,,,,Windows 10,1803,Pro,2019/09/10,17134.1006,IPMGM was unable to initialize a critical section. The data is the exception code.,
50001,0,,,,,,Windows 10,1803,Pro,1970/01/01,17134.1,IPMGM was unable to initialize a critical section. The data is the exception code.,
50001,0,,,,,,Windows 10,1709,Pro,2017/11/14,16299.64,IPMGM was unable to initialize a critical section. The data is the exception code.,
50001,0,,,,,,Windows 10,1709,Pro,2017/11/14,16299.15,IPMGM was unable to initialize a critical section. The data is the exception code.,
50001,0,,,,,,Windows 10,1709,Pro,2017/12/12,16299.125,IPMGM was unable to initialize a critical section. The data is the exception code.,
50001,0,,,,,,Windows 10,1703,Pro,2017/07/11,15063.483,IPMGM was unable to initialize a critical section. The data is the exception code.,
50001,0,,,,,,Windows 10,1703,Pro,2017/06/13,15063.413,IPMGM was unable to initialize a critical section. The data is the exception code.,
50001,0,,,,,,Windows 10,1703,Pro,2017/03/20,15063.0,IPMGM was unable to initialize a critical section. The data is the exception code.,
50001,0,,,,,,Windows 10,1607,Pro,2016/11/08,14393.447,IPMGM was unable to initialize a critical section. The data is the exception code.,
50001,0,,,,,,Windows Server 2016,1607,Standard,2016/11/08,14393.447,IPMGM was unable to initialize a critical section. The data is the exception code.,
50001,0,,,,,,Windows Server 2016,1607,Standard,2017/11/14,14393.1884,IPMGM was unable to initialize a critical section. The data is the exception code.,
50001,0,,,,,,Windows Server 2016,1607,Standard,2016/10/12,14393.0,IPMGM was unable to initialize a critical section. The data is the exception code.,
50001,0,,,,,,Windows 10,1511,Pro,2016/03/08,10586.164,IPMGM was unable to initialize a critical section. The data is the exception code.,
50001,0,,,,,,Windows 10,1511,Enterprise,2016/02/09,10586.104,IPMGM was unable to initialize a critical section. The data is the exception code.,
50001,0,,,,,,Windows 10,1511,Pro,1970/01/01,10586.0,IPMGM was unable to initialize a critical section. The data is the exception code.,
50001,0,,,,,,Windows 10,1507,Pro,2015/07/29,10240.0,IPMGM was unable to initialize a critical section. The data is the exception code.,
50001,0,,,,,,Windows 8.1,8.1,Pro,1970/01/01,9600.0,IPMGM was unable to initialize a critical section. The data is the exception code.,
50001,0,,,,,,Windows 8,8,Pro,1970/01/01,9200.0,IPMGM was unable to initialize a critical section. The data is the exception code.,
50001,0,,,,,,Windows Server 2008R2,SP1,Standard,2011/02/09,7601.0,IPMGM was unable to initialize a critical section. The data is the exception code.,
50001,0,,,,,,Windows 7,SP1,Ultimate,1970/01/01,7601.0,IPMGM was unable to initialize a critical section. The data is the exception code.,
50001,0,,,,,,Windows Server 2008,SP2,Standard,2009/05/26,6002.0,IPMGM was unable to initialize a critical section. The data is the exception code.,
50002,0,,,,,,Windows 11,24H2,Pro,2024/10/2,26100.1742,IPMGM was unable to create a heap. The data is the error code.,
50002,0,,,,,,Windows 11,22H2,Pro,2022/12/20,22621.963,IPMGM was unable to create a heap. The data is the error code.,
50002,0,,,,,,Windows 11,22H2,Pro,2022/11/15,22621.819,IPMGM was unable to create a heap. The data is the error code.,
50002,0,,,,,,Windows 11,22H2,Pro,2022/10/18,22621.674,IPMGM was unable to create a heap. The data is the error code.,
50002,0,,,,,,Windows 11,22H2,Pro,2022/09/20,22621.382,IPMGM was unable to create a heap. The data is the error code.,
50002,0,,,,,,Windows 11,22H2,Pro,2023/03/21,22621.1413,IPMGM was unable to create a heap. The data is the error code.,
50002,0,,,,,,Windows 11,22H2,Pro,2023/02/21,22621.1265,IPMGM was unable to create a heap. The data is the error code.,
50002,0,,,,,,Windows 11,22H2,Pro,2023/01/17,22621.1105,IPMGM was unable to create a heap. The data is the error code.,
50002,0,,,,,,Windows 11,21H2,Pro,2022/09/20,22000.978,IPMGM was unable to create a heap. The data is the error code.,
50002,0,,,,,,Windows 11,21H2,Pro,2022/08/16,22000.856,IPMGM was unable to create a heap. The data is the error code.,
50002,0,,,,,,Windows 11,21H2,Pro,2022/07/19,22000.795,IPMGM was unable to create a heap. The data is the error code.,
50002,0,,,,,,Windows 11,21H2,Pro,2022/06/21,22000.739,IPMGM was unable to create a heap. The data is the error code.,
50002,0,,,,,,Windows 11,21H2,Pro,2022/05/17,22000.675,IPMGM was unable to create a heap. The data is the error code.,
50002,0,,,,,,Windows 11,21H2,Pro,2022/04/19,22000.613,IPMGM was unable to create a heap. The data is the error code.,
50002,0,,,,,,Windows 11,21H2,Pro,2022/03/15,22000.556,IPMGM was unable to create a heap. The data is the error code.,
50002,0,,,,,,Windows 11,21H2,Pro,2022/02/15,22000.493,IPMGM was unable to create a heap. The data is the error code.,
50002,0,,,,,,Windows 11,21H2,Pro,2022/01/11,22000.434,IPMGM was unable to create a heap. The data is the error code.,
50002,0,,,,,,Windows 11,21H2,Pro,2021/12/14,22000.376,IPMGM was unable to create a heap. The data is the error code.,
50002,0,,,,,,Windows 11,21H2,Pro,2021/11/09,22000.318,IPMGM was unable to create a heap. The data is the error code.,
50002,0,,,,,,Windows 11,21H2,Pro,2021/09/16,22000.194,IPMGM was unable to create a heap. The data is the error code.,
50002,0,,,,,,Windows 11,21H2,Pro,2023/03/21,22000.1696,IPMGM was unable to create a heap. The data is the error code.,
50002,0,,,,,,Windows 11,21H2,Pro,2023/02/21,22000.1574,IPMGM was unable to create a heap. The data is the error code.,
50002,0,,,,,,Windows 11,21H2,Pro,2023/01/17,22000.1455,IPMGM was unable to create a heap. The data is the error code.,
50002,0,,,,,,Windows 11,21H2,Pro,2022/12/20,22000.1335,IPMGM was unable to create a heap. The data is the error code.,
50002,0,,,,,,Windows 11,21H2,Pro,2022/11/15,22000.1219,IPMGM was unable to create a heap. The data is the error code.,
50002,0,,,,,,Windows 11,21H2,Pro,2022/10/18,22000.1098,IPMGM was unable to create a heap. The data is the error code.,
50002,0,,,,,,Windows 11,21H2,Pro-Dev,1970/01/01,21996.1,IPMGM was unable to create a heap. The data is the error code.,
50002,0,,,,,,Windows Server 2022,21H2,Standard,2022/08/16,20348.887,IPMGM was unable to create a heap. The data is the error code.,
50002,0,,,,,,Windows Server 2022,21H2,Standard,2022/07/19,20348.825,IPMGM was unable to create a heap. The data is the error code.,
50002,0,,,,,,Windows Server 2022,21H2,Standard,2022/06/21,20348.768,IPMGM was unable to create a heap. The data is the error code.,
50002,0,,,,,,Windows Server 2022,21H2,Standard,2022/05/17,20348.707,IPMGM was unable to create a heap. The data is the error code.,
50002,0,,,,,,Windows Server 2022,21H2,Standard,2022/04/19,20348.643,IPMGM was unable to create a heap. The data is the error code.,
50002,0,,,,,,Windows Server 2022,21H2,Standard,2022/02/15,20348.587,IPMGM was unable to create a heap. The data is the error code.,
50002,0,,,,,,Windows Server 2022,21H2,Standard,2022/02/15,20348.524,IPMGM was unable to create a heap. The data is the error code.,
50002,0,,,,,,Windows Server 2022,21H2,Standard,2022/01/11,20348.469,IPMGM was unable to create a heap. The data is the error code.,
50002,0,,,,,,Windows Server 2022,21H2,Standard,2021/12/08,20348.405,IPMGM was unable to create a heap. The data is the error code.,
50002,0,,,,,,Windows Server 2022,21H2,Standard,2021/11/09,20348.35,IPMGM was unable to create a heap. The data is the error code.,
50002,0,,,,,,Windows Server 2022,21H2,Standard,2021/10/12,20348.288,IPMGM was unable to create a heap. The data is the error code.,
50002,0,,,,,,Windows Server 2022,21H2,Standard,2021/09/14,20348.23,IPMGM was unable to create a heap. The data is the error code.,
50002,0,,,,,,Windows Server 2022,21H2,Standard,2021/08/18,20348.169,IPMGM was unable to create a heap. The data is the error code.,
50002,0,,,,,,Windows Server 2022,21H2,Standard,2023/03/21,20348.1607,IPMGM was unable to create a heap. The data is the error code.,
50002,0,,,,,,Windows Server 2022,21H2,Standard,2023/02/21,20348.1547,IPMGM was unable to create a heap. The data is the error code.,
50002,0,,,,,,Windows Server 2022,21H2,Standard,2023/01/17,20348.1487,IPMGM was unable to create a heap. The data is the error code.,
50002,0,,,,,,Windows Server 2022,21H2,Standard,2022/12/20,20348.1366,IPMGM was unable to create a heap. The data is the error code.,
50002,0,,,,,,Windows Server 2022,21H2,Standard,2022/11/15,20348.1249,IPMGM was unable to create a heap. The data is the error code.,
50002,0,,,,,,Windows Server 2022,21H2,Standard,2022/10/18,20348.1129,IPMGM was unable to create a heap. The data is the error code.,
50002,0,,,,,,Windows Server 2022,21H2,Standard,2022/09/20,20348.1006,IPMGM was unable to create a heap. The data is the error code.,
50002,0,,,,,,Windows 10,22H2,Pro,2023/03/21,19045.2728,IPMGM was unable to create a heap. The data is the error code.,
50002,0,,,,,,Windows 10,22H2,Pro,2023/02/21,19045.2604,IPMGM was unable to create a heap. The data is the error code.,
50002,0,,,,,,Windows 10,22H2,Pro,2023/01/17,19045.2486,IPMGM was unable to create a heap. The data is the error code.,
50002,0,,,,,,Windows 10,22H2,Pro,2022/12/20,19045.2364,IPMGM was unable to create a heap. The data is the error code.,
50002,0,,,,,,Windows 10,22H2,Pro,2022/11/15,19045.2251,IPMGM was unable to create a heap. The data is the error code.,
50002,0,,,,,,Windows 10,21H2,Pro,2023/03/21,19044.2728,IPMGM was unable to create a heap. The data is the error code.,
50002,0,,,,,,Windows 10,21H2,Pro,2023/02/21,19044.2604,IPMGM was unable to create a heap. The data is the error code.,
50002,0,,,,,,Windows 10,21H2,Pro,2023/01/17,19044.2486,IPMGM was unable to create a heap. The data is the error code.,
50002,0,,,,,,Windows 10,21H2,Pro,2022/12/20,19044.2364,IPMGM was unable to create a heap. The data is the error code.,
50002,0,,,,,,Windows 10,21H2,Pro,2022/11/15,19044.2251,IPMGM was unable to create a heap. The data is the error code.,
50002,0,,,,,,Windows 10,21H2,Pro,2022/10/18,19044.213,IPMGM was unable to create a heap. The data is the error code.,
50002,0,,,,,,Windows 10,21H2,Pro,2022/09/20,19044.2006,IPMGM was unable to create a heap. The data is the error code.,
50002,0,,,,,,Windows 10,21H2,Pro,2022/08/16,19044.1889,IPMGM was unable to create a heap. The data is the error code.,
50002,0,,,,,,Windows 10,21H2,Pro,2022/07/19,19044.1826,IPMGM was unable to create a heap. The data is the error code.,
50002,0,,,,,,Windows 10,21H2,Pro,2022/06/21,19044.1766,IPMGM was unable to create a heap. The data is the error code.,
50002,0,,,,,,Windows 10,21H2,Pro,2022/05/17,19044.1706,IPMGM was unable to create a heap. The data is the error code.,
50002,0,,,,,,Windows 10,21H2,Pro,2022/04/19,19044.1645,IPMGM was unable to create a heap. The data is the error code.,
50002,0,,,,,,Windows 10,21H2,Pro,2022/01/11,19044.1466,IPMGM was unable to create a heap. The data is the error code.,
50002,0,,,,,,Windows 10,21H2,Pro,2021/10/12,19044.1288,IPMGM was unable to create a heap. The data is the error code.,
50002,0,,,,,,Windows 10,21H1,Pro,2021/04/13,19043.928,IPMGM was unable to create a heap. The data is the error code.,
50002,0,,,,,,Windows 10,21H1,Pro,2022/12/20,19043.2364,IPMGM was unable to create a heap. The data is the error code.,
50002,0,,,,,,Windows 10,21H1,Pro,2022/11/15,19043.2251,IPMGM was unable to create a heap. The data is the error code.,
50002,0,,,,,,Windows 10,21H1,Pro,2022/10/18,19043.213,IPMGM was unable to create a heap. The data is the error code.,
50002,0,,,,,,Windows 10,21H1,Pro,2022/09/20,19043.2006,IPMGM was unable to create a heap. The data is the error code.,
50002,0,,,,,,Windows 10,21H1,Pro,2022/08/16,19043.1889,IPMGM was unable to create a heap. The data is the error code.,
50002,0,,,,,,Windows 10,21H1,Pro,2022/07/19,19043.1826,IPMGM was unable to create a heap. The data is the error code.,
50002,0,,,,,,Windows 10,21H1,Pro,2022/06/21,19043.1766,IPMGM was unable to create a heap. The data is the error code.,
50002,0,,,,,,Windows 10,21H1,Pro,2022/05/17,19043.1706,IPMGM was unable to create a heap. The data is the error code.,
50002,0,,,,,,Windows 10,21H1,Pro,2022/04/19,19043.1645,IPMGM was unable to create a heap. The data is the error code.,
50002,0,,,,,,Windows 10,21H1,Pro,2022/01/11,19043.1466,IPMGM was unable to create a heap. The data is the error code.,
50002,0,,,,,,Windows 10,21H1,Pro,2021/12/14,19043.1415,IPMGM was unable to create a heap. The data is the error code.,
50002,0,,,,,,Windows 10,21H2,Pro,2021/12/14,19043.1415,IPMGM was unable to create a heap. The data is the error code.,
50002,0,,,,,,Windows 10,21H1,Pro,2021/11/09,19043.1348,IPMGM was unable to create a heap. The data is the error code.,
50002,0,,,,,,Windows 10,21H1,Pro,2021/10/12,19043.1288,IPMGM was unable to create a heap. The data is the error code.,
50002,0,,,,,,Windows 10,21H1,Pro,2021/09/14,19043.1237,IPMGM was unable to create a heap. The data is the error code.,
50002,0,,,,,,Windows 10,21H1,Pro,2021/08/10,19043.1165,IPMGM was unable to create a heap. The data is the error code.,
50002,0,,,,,,Windows 10,21H1,Pro,2021/07/13,19043.111,IPMGM was unable to create a heap. The data is the error code.,
50002,0,,,,,,Windows 10,21H1,Pro,2021/06/08,19043.1052,IPMGM was unable to create a heap. The data is the error code.,
50002,0,,,,,,Windows 10,20H2,Pro,2022/04/19,19042.1645,IPMGM was unable to create a heap. The data is the error code.,
50002,0,,,,,,Windows 10,20H2,Pro,2022/01/11,19042.1466,IPMGM was unable to create a heap. The data is the error code.,
50002,0,,,,,,Windows 10,2004,Pro,2021/05/11,19041.985,IPMGM was unable to create a heap. The data is the error code.,
50002,0,,,,,,Windows 10,20H2,Pro,2021/05/11,19041.985,IPMGM was unable to create a heap. The data is the error code.,
50002,0,,,,,,Windows 10,2004,Pro,2021/04/13,19041.928,IPMGM was unable to create a heap. The data is the error code.,
50002,0,,,,,,Windows 10,20H2,Pro,2021/04/13,19041.928,IPMGM was unable to create a heap. The data is the error code.,
50002,0,,,,,,Windows 10,2004,Pro,2021/03/09,19041.867,IPMGM was unable to create a heap. The data is the error code.,
50002,0,,,,,,Windows 10,20H2,Pro,2021/03/09,19041.867,IPMGM was unable to create a heap. The data is the error code.,
50002,0,,,,,,Windows 10,2004,Pro,2021/02/09,19041.804,IPMGM was unable to create a heap. The data is the error code.,
50002,0,,,,,,Windows 10,20H2,Pro,2021/02/09,19041.804,IPMGM was unable to create a heap. The data is the error code.,
50002,0,,,,,,Windows 10,2004,Pro,2021/01/12,19041.746,IPMGM was unable to create a heap. The data is the error code.,
50002,0,,,,,,Windows 10,20H2,Pro,2021/01/12,19041.746,IPMGM was unable to create a heap. The data is the error code.,
50002,0,,,,,,Windows 10,2004,Pro,2020/12/08,19041.685,IPMGM was unable to create a heap. The data is the error code.,
50002,0,,,,,,Windows 10,20H2,Pro,2020/12/08,19041.685,IPMGM was unable to create a heap. The data is the error code.,
50002,0,,,,,,Windows 10,20H2,Pro,2020/11/19,19041.631,IPMGM was unable to create a heap. The data is the error code.,
50002,0,,,,,,Windows 10,2004,Pro,2020/11/10,19041.63,IPMGM was unable to create a heap. The data is the error code.,
50002,0,,,,,,Windows 10,2004,Pro,2020/10/13,19041.572,IPMGM was unable to create a heap. The data is the error code.,
50002,0,,,,,,Windows 10,2004,Pro,2020/09/08,19041.508,IPMGM was unable to create a heap. The data is the error code.,
50002,0,,,,,,Windows 10,2004,Pro,2020/08/11,19041.45,IPMGM was unable to create a heap. The data is the error code.,
50002,0,,,,,,Windows 10,2004,Pro,2020/07/14,19041.388,IPMGM was unable to create a heap. The data is the error code.,
50002,0,,,,,,Windows 10,2004,Pro,2020/06/09,19041.329,IPMGM was unable to create a heap. The data is the error code.,
50002,0,,,,,,Windows 10,2004,Pro,2020/05/27,19041.264,IPMGM was unable to create a heap. The data is the error code.,
50002,0,,,,,,Windows 10,2004,Pro,2020/04/16,19041.208,IPMGM was unable to create a heap. The data is the error code.,
50002,0,,,,,,Windows 10,21H1,Pro,2022/03/15,19041.1586,IPMGM was unable to create a heap. The data is the error code.,
50002,0,,,,,,Windows 10,20H2,Pro,2022/03/15,19041.1586,IPMGM was unable to create a heap. The data is the error code.,
50002,0,,,,,,Windows 10,21H2,Pro,2022/03/15,19041.1586,IPMGM was unable to create a heap. The data is the error code.,
50002,0,,,,,,Windows 10,21H1,Pro,2022/02/15,19041.1526,IPMGM was unable to create a heap. The data is the error code.,
50002,0,,,,,,Windows 10,20H2,Pro,2022/02/15,19041.1526,IPMGM was unable to create a heap. The data is the error code.,
50002,0,,,,,,Windows 10,21H2,Pro,2022/02/15,19041.1526,IPMGM was unable to create a heap. The data is the error code.,
50002,0,,,,,,Windows 10,20H2,Pro,2021/12/14,19041.1415,IPMGM was unable to create a heap. The data is the error code.,
50002,0,,,,,,Windows 10,2004,Pro,2021/11/09,19041.1348,IPMGM was unable to create a heap. The data is the error code.,
50002,0,,,,,,Windows 10,20H2,Pro,2021/11/09,19041.1348,IPMGM was unable to create a heap. The data is the error code.,
50002,0,,,,,,Windows 10,2004,Pro,2021/10/12,19041.1288,IPMGM was unable to create a heap. The data is the error code.,
50002,0,,,,,,Windows 10,20H2,Pro,2021/10/12,19041.1288,IPMGM was unable to create a heap. The data is the error code.,
50002,0,,,,,,Windows 10,2004,Pro,2021/09/14,19041.1237,IPMGM was unable to create a heap. The data is the error code.,
50002,0,,,,,,Windows 10,20H2,Pro,2021/09/14,19041.1237,IPMGM was unable to create a heap. The data is the error code.,
50002,0,,,,,,Windows 10,2004,Pro,2021/08/10,19041.1165,IPMGM was unable to create a heap. The data is the error code.,
50002,0,,,,,,Windows 10,20H2,Pro,2021/08/10,19041.1165,IPMGM was unable to create a heap. The data is the error code.,
50002,0,,,,,,Windows 10,2004,Pro,2021/07/13,19041.111,IPMGM was unable to create a heap. The data is the error code.,
50002,0,,,,,,Windows 10,20H2,Pro,2021/07/13,19041.111,IPMGM was unable to create a heap. The data is the error code.,
50002,0,,,,,,Windows 10,2004,Pro,2021/06/08,19041.1052,IPMGM was unable to create a heap. The data is the error code.,
50002,0,,,,,,Windows 10,20H2,Pro,2021/06/08,19041.1052,IPMGM was unable to create a heap. The data is the error code.,
50002,0,,,,,,Windows 10,1909,Pro,2020/07/14,18363.959,IPMGM was unable to create a heap. The data is the error code.,
50002,0,,,,,,Windows 10,1909,Pro,2020/06/09,18363.9,IPMGM was unable to create a heap. The data is the error code.,
50002,0,,,,,,Windows 10,1909,Pro,2020/05/12,18363.836,IPMGM was unable to create a heap. The data is the error code.,
50002,0,,,,,,Windows 10,1909,Pro,2020/04/14,18363.778,IPMGM was unable to create a heap. The data is the error code.,
50002,0,,,,,,Windows 10,1909,Pro,2020/03/12,18363.72,IPMGM was unable to create a heap. The data is the error code.,
50002,0,,,,,,Windows 10,1909,Pro,2020/02/11,18363.657,IPMGM was unable to create a heap. The data is the error code.,
50002,0,,,,,,Windows 10,1909,Pro,2020/01/14,18363.592,IPMGM was unable to create a heap. The data is the error code.,
50002,0,,,,,,Windows 10,1909,Pro,2019/12/10,18363.535,IPMGM was unable to create a heap. The data is the error code.,
50002,0,,,,,,Windows 10,1909,Pro,2019/10/05,18363.418,IPMGM was unable to create a heap. The data is the error code.,
50002,0,,,,,,Windows 10,1909,Pro,2021/06/08,18363.1621,IPMGM was unable to create a heap. The data is the error code.,
50002,0,,,,,,Windows 10,1909,Pro,2021/05/11,18363.1556,IPMGM was unable to create a heap. The data is the error code.,
50002,0,,,,,,Windows 10,1909,Pro,2021/04/13,18363.15,IPMGM was unable to create a heap. The data is the error code.,
50002,0,,,,,,Windows 10,1909,Pro,2021/03/09,18363.144,IPMGM was unable to create a heap. The data is the error code.,
50002,0,,,,,,Windows 10,1909,Pro,2021/02/11,18363.1379,IPMGM was unable to create a heap. The data is the error code.,
50002,0,,,,,,Windows 10,1909,Pro,2021/01/12,18363.1316,IPMGM was unable to create a heap. The data is the error code.,
50002,0,,,,,,Windows 10,1909,Pro,2020/12/08,18363.1256,IPMGM was unable to create a heap. The data is the error code.,
50002,0,,,,,,Windows 10,1909,Pro,2020/11/10,18363.1198,IPMGM was unable to create a heap. The data is the error code.,
50002,0,,,,,,Windows 10,1909,Pro,2020/10/13,18363.1139,IPMGM was unable to create a heap. The data is the error code.,
50002,0,,,,,,Windows 10,1909,Pro,2020/09/08,18363.1082,IPMGM was unable to create a heap. The data is the error code.,
50002,0,,,,,,Windows 10,1909,Pro,2020/08/11,18363.1016,IPMGM was unable to create a heap. The data is the error code.,
50002,0,,,,,,Windows 10,1903,Pro,2020/07/14,18362.959,IPMGM was unable to create a heap. The data is the error code.,
50002,0,,,,,,Windows 10,1903,Pro,2020/05/12,18362.836,IPMGM was unable to create a heap. The data is the error code.,
50002,0,,,,,,Windows 10,1903,Pro,2020/03/12,18362.72,IPMGM was unable to create a heap. The data is the error code.,
50002,0,,,,,,Windows 10,1903,Pro,2020/02/11,18362.657,IPMGM was unable to create a heap. The data is the error code.,
50002,0,,,,,,Windows 10,1903,Pro,2019/12/10,18362.535,IPMGM was unable to create a heap. The data is the error code.,
50002,0,,,,,,Windows 10,1903,Pro,2019/11/12,18362.476,IPMGM was unable to create a heap. The data is the error code.,
50002,0,,,,,,Windows 10,1903,Pro,2019/09/10,18362.356,IPMGM was unable to create a heap. The data is the error code.,
50002,0,,,,,,Windows 10,1903,Pro,2019/03/29,18362.3,IPMGM was unable to create a heap. The data is the error code.,
50002,0,,,,,,Windows 10,1903,Pro,2019/07/09,18362.239,IPMGM was unable to create a heap. The data is the error code.,
50002,0,,,,,,Windows 10,1903,Pro,2019/06/11,18362.175,IPMGM was unable to create a heap. The data is the error code.,
50002,0,,,,,,Windows 10,1903,Pro,2020/12/08,18362.1256,IPMGM was unable to create a heap. The data is the error code.,
50002,0,,,,,,Windows 10,1903,Pro,2020/11/10,18362.1198,IPMGM was unable to create a heap. The data is the error code.,
50002,0,,,,,,Windows 10,1903,Pro,2020/10/13,18362.1139,IPMGM was unable to create a heap. The data is the error code.,
50002,0,,,,,,Windows 10,1903,Pro,2020/09/08,18362.1082,IPMGM was unable to create a heap. The data is the error code.,
50002,0,,,,,,Windows 10,1903,Pro,2019/12/10,18362.1016,IPMGM was unable to create a heap. The data is the error code.,
50002,0,,,,,,Windows 10,1809,Pro,2020/01/14,17763.973,IPMGM was unable to create a heap. The data is the error code.,
50002,0,,,,,,Windows Server 2019,1809,Standard,2020/01/14,17763.973,IPMGM was unable to create a heap. The data is the error code.,
50002,0,,,,,,Windows 10,1809,Pro,2019/12/10,17763.914,IPMGM was unable to create a heap. The data is the error code.,
50002,0,,,,,,Windows Server 2019,1809,Standard,2019/12/10,17763.914,IPMGM was unable to create a heap. The data is the error code.,
50002,0,,,,,,Windows 10,1809,Pro,2019/11/12,17763.864,IPMGM was unable to create a heap. The data is the error code.,
50002,0,,,,,,Windows Server 2019,1809,Standard,2019/11/12,17763.864,IPMGM was unable to create a heap. The data is the error code.,
50002,0,,,,,,Windows 10,1809,Pro,2019/10/08,17763.805,IPMGM was unable to create a heap. The data is the error code.,
50002,0,,,,,,Windows 10,1809,Pro,2019/09/10,17763.737,IPMGM was unable to create a heap. The data is the error code.,
50002,0,,,,,,Windows Server 2019,1809,Standard,2019/09/10,17763.737,IPMGM was unable to create a heap. The data is the error code.,
50002,0,,,,,,Windows 10,1809,Pro,2019/08/13,17763.678,IPMGM was unable to create a heap. The data is the error code.,
50002,0,,,,,,Windows Server 2019,1809,Standard,2019/08/13,17763.678,IPMGM was unable to create a heap. The data is the error code.,
50002,0,,,,,,Windows 10,1809,Pro,2019/07/09,17763.615,IPMGM was unable to create a heap. The data is the error code.,
50002,0,,,,,,Windows 10,1809,Pro,2019/06/11,17763.557,IPMGM was unable to create a heap. The data is the error code.,
50002,0,,,,,,Windows 10,1809,Pro,2019/05/19,17763.504,IPMGM was unable to create a heap. The data is the error code.,
50002,0,,,,,,Windows 10,1809,Pro,2019/04/09,17763.437,IPMGM was unable to create a heap. The data is the error code.,
50002,0,,,,,,Windows 10,1809,Pro,2019/03/12,17763.379,IPMGM was unable to create a heap. The data is the error code.,
50002,0,,,,,,Windows Server 2019,1809,Standard,2019/03/12,17763.379,IPMGM was unable to create a heap. The data is the error code.,
50002,0,,,,,,Windows Server 2019,1809,Standard,2022/11/15,17763.365,IPMGM was unable to create a heap. The data is the error code.,
50002,0,,,,,,Windows 10,1809,Pro,2019/02/12,17763.316,IPMGM was unable to create a heap. The data is the error code.,
50002,0,,,,,,Windows 10,1803,Pro,2019/01/08,17763.253,IPMGM was unable to create a heap. The data is the error code.,
50002,0,,,,,,Windows Server 2019,1809,Standard,2021/08/10,17763.2114,IPMGM was unable to create a heap. The data is the error code.,
50002,0,,,,,,Windows Server 2019,1809,Standard,2021/07/13,17763.2061,IPMGM was unable to create a heap. The data is the error code.,
50002,0,,,,,,Windows Server 2019,1809,Standard,2021/06/08,17763.1999,IPMGM was unable to create a heap. The data is the error code.,
50002,0,,,,,,Windows 10,1809,Pro,2018/12/11,17763.194,IPMGM was unable to create a heap. The data is the error code.,
50002,0,,,,,,Windows Server 2019,1809,Standard,2021/05/11,17763.1935,IPMGM was unable to create a heap. The data is the error code.,
50002,0,,,,,,Windows Server 2019,1809,Standard,2021/04/13,17763.1879,IPMGM was unable to create a heap. The data is the error code.,
50002,0,,,,,,Windows Server 2019,1809,Standard,2021/03/09,17763.1817,IPMGM was unable to create a heap. The data is the error code.,
50002,0,,,,,,Windows Server 2019,1809,Standard,2021/02/09,17763.1757,IPMGM was unable to create a heap. The data is the error code.,
50002,0,,,,,,Windows Server 2019,1809,Standard,2021/01/12,17763.1697,IPMGM was unable to create a heap. The data is the error code.,
50002,0,,,,,,Windows Server 2019,1809,Standard,2020/12/08,17763.1637,IPMGM was unable to create a heap. The data is the error code.,
50002,0,,,,,,Windows 10,1809,Pro,2020/11/10,17763.1577,IPMGM was unable to create a heap. The data is the error code.,
50002,0,,,,,,Windows Server 2019,1809,Standard,2020/11/10,17763.1577,IPMGM was unable to create a heap. The data is the error code.,
50002,0,,,,,,Windows 10,1809,Pro,2020/10/13,17763.1518,IPMGM was unable to create a heap. The data is the error code.,
50002,0,,,,,,Windows Server 2019,1809,Standard,2020/10/13,17763.1518,IPMGM was unable to create a heap. The data is the error code.,
50002,0,,,,,,Windows 10,1809,Pro,2020/09/08,17763.1457,IPMGM was unable to create a heap. The data is the error code.,
50002,0,,,,,,Windows Server 2019,1809,Standard,2020/09/10,17763.1457,IPMGM was unable to create a heap. The data is the error code.,
50002,0,,,,,,Windows 10,1809,Pro,2020/08/11,17763.1397,IPMGM was unable to create a heap. The data is the error code.,
50002,0,,,,,,Windows Server 2019,1809,Standard,2020/08/11,17763.1397,IPMGM was unable to create a heap. The data is the error code.,
50002,0,,,,,,Windows 10,1809,Pro,2020/07/14,17763.1339,IPMGM was unable to create a heap. The data is the error code.,
50002,0,,,,,,Windows Server 2019,1809,Standard,2020/07/14,17763.1339,IPMGM was unable to create a heap. The data is the error code.,
50002,0,,,,,,Windows 10,1809,Pro,2020/06/09,17763.1282,IPMGM was unable to create a heap. The data is the error code.,
50002,0,,,,,,Windows Server 2019,1809,Standard,2020/06/09,17763.1282,IPMGM was unable to create a heap. The data is the error code.,
50002,0,,,,,,Windows 10,1809,Pro,2020/05/12,17763.1217,IPMGM was unable to create a heap. The data is the error code.,
50002,0,,,,,,Windows Server 2019,1809,Standard,2020/05/12,17763.1217,IPMGM was unable to create a heap. The data is the error code.,
50002,0,,,,,,Windows 10,1809,Pro,2020/04/14,17763.1158,IPMGM was unable to create a heap. The data is the error code.,
50002,0,,,,,,Windows Server 2019,1809,Standard,2020/04/14,17763.1158,IPMGM was unable to create a heap. The data is the error code.,
50002,0,,,,,,Windows 10,1809,Pro,2020/03/12,17763.1098,IPMGM was unable to create a heap. The data is the error code.,
50002,0,,,,,,Windows Server 2019,1809,Standard,2020/03/10,17763.1098,IPMGM was unable to create a heap. The data is the error code.,
50002,0,,,,,,Windows 10,1809,Pro,2018/11/13,17763.107,IPMGM was unable to create a heap. The data is the error code.,
50002,0,,,,,,Windows Server 2019,1809,Standard,2018/11/13,17763.107,IPMGM was unable to create a heap. The data is the error code.,
50002,0,,,,,,Windows 10,1809,Pro,2020/02/11,17763.1039,IPMGM was unable to create a heap. The data is the error code.,
50002,0,,,,,,Windows Server 2019,1809,Standard,2020/02/11,17763.1039,IPMGM was unable to create a heap. The data is the error code.,
50002,0,,,,,,Windows 10,1803,Pro,2019/08/13,17134.95,IPMGM was unable to create a heap. The data is the error code.,
50002,0,,,,,,Windows 10,1803,Pro,2019/07/09,17134.885,IPMGM was unable to create a heap. The data is the error code.,
50002,0,,,,,,Windows 10,1803,Pro,2019/06/11,17134.829,IPMGM was unable to create a heap. The data is the error code.,
50002,0,,,,,,Windows 10,1803,Pro,2019/05/19,17134.766,IPMGM was unable to create a heap. The data is the error code.,
50002,0,,,,,,Windows 10,1803,Pro,2019/04/09,17134.706,IPMGM was unable to create a heap. The data is the error code.,
50002,0,,,,,,Windows 10,1803,Pro,2019/03/12,17134.648,IPMGM was unable to create a heap. The data is the error code.,
50002,0,,,,,,Windows 10,1803,Pro,2019/01/08,17134.523,IPMGM was unable to create a heap. The data is the error code.,
50002,0,,,,,,Windows 10,1803,Pro,2018/09/11,17134.285,IPMGM was unable to create a heap. The data is the error code.,
50002,0,,,,,,Windows 10,1803,Pro,2018/08/14,17134.228,IPMGM was unable to create a heap. The data is the error code.,
50002,0,,,,,,Windows 10,1803,Pro,2018/06/12,17134.112,IPMGM was unable to create a heap. The data is the error code.,
50002,0,,,,,,Windows 10,1803,Pro,2019/09/10,17134.1006,IPMGM was unable to create a heap. The data is the error code.,
50002,0,,,,,,Windows 10,1803,Pro,1970/01/01,17134.1,IPMGM was unable to create a heap. The data is the error code.,
50002,0,,,,,,Windows 10,1709,Pro,2017/11/14,16299.64,IPMGM was unable to create a heap. The data is the error code.,
50002,0,,,,,,Windows 10,1709,Pro,2017/11/14,16299.15,IPMGM was unable to create a heap. The data is the error code.,
50002,0,,,,,,Windows 10,1709,Pro,2017/12/12,16299.125,IPMGM was unable to create a heap. The data is the error code.,
50002,0,,,,,,Windows 10,1703,Pro,2017/07/11,15063.483,IPMGM was unable to create a heap. The data is the error code.,
50002,0,,,,,,Windows 10,1703,Pro,2017/06/13,15063.413,IPMGM was unable to create a heap. The data is the error code.,
50002,0,,,,,,Windows 10,1703,Pro,2017/03/20,15063.0,IPMGM was unable to create a heap. The data is the error code.,
50002,0,,,,,,Windows 10,1607,Pro,2016/11/08,14393.447,IPMGM was unable to create a heap. The data is the error code.,
50002,0,,,,,,Windows Server 2016,1607,Standard,2016/11/08,14393.447,IPMGM was unable to create a heap. The data is the error code.,
50002,0,,,,,,Windows Server 2016,1607,Standard,2017/11/14,14393.1884,IPMGM was unable to create a heap. The data is the error code.,
50002,0,,,,,,Windows Server 2016,1607,Standard,2016/10/12,14393.0,IPMGM was unable to create a heap. The data is the error code.,
50002,0,,,,,,Windows 10,1511,Pro,2016/03/08,10586.164,IPMGM was unable to create a heap. The data is the error code.,
50002,0,,,,,,Windows 10,1511,Enterprise,2016/02/09,10586.104,IPMGM was unable to create a heap. The data is the error code.,
50002,0,,,,,,Windows 10,1511,Pro,1970/01/01,10586.0,IPMGM was unable to create a heap. The data is the error code.,
50002,0,,,,,,Windows 10,1507,Pro,2015/07/29,10240.0,IPMGM was unable to create a heap. The data is the error code.,
50002,0,,,,,,Windows 8.1,8.1,Pro,1970/01/01,9600.0,IPMGM was unable to create a heap. The data is the error code.,
50002,0,,,,,,Windows 8,8,Pro,1970/01/01,9200.0,IPMGM was unable to create a heap. The data is the error code.,
50002,0,,,,,,Windows Server 2008R2,SP1,Standard,2011/02/09,7601.0,IPMGM was unable to create a heap. The data is the error code.,
50002,0,,,,,,Windows 7,SP1,Ultimate,1970/01/01,7601.0,IPMGM was unable to create a heap. The data is the error code.,
50002,0,,,,,,Windows Server 2008,SP2,Standard,2009/05/26,6002.0,IPMGM was unable to create a heap. The data is the error code.,
50003,0,,,,,,Windows 11,24H2,Pro,2024/10/2,26100.1742,IPMGM was unable to allocate memory from its heap. The data is the error code.,
50003,0,,,,,,Windows 11,22H2,Pro,2022/12/20,22621.963,IPMGM was unable to allocate memory from its heap. The data is the error code.,
50003,0,,,,,,Windows 11,22H2,Pro,2022/11/15,22621.819,IPMGM was unable to allocate memory from its heap. The data is the error code.,
50003,0,,,,,,Windows 11,22H2,Pro,2022/10/18,22621.674,IPMGM was unable to allocate memory from its heap. The data is the error code.,
50003,0,,,,,,Windows 11,22H2,Pro,2022/09/20,22621.382,IPMGM was unable to allocate memory from its heap. The data is the error code.,
50003,0,,,,,,Windows 11,22H2,Pro,2023/03/21,22621.1413,IPMGM was unable to allocate memory from its heap. The data is the error code.,
50003,0,,,,,,Windows 11,22H2,Pro,2023/02/21,22621.1265,IPMGM was unable to allocate memory from its heap. The data is the error code.,
50003,0,,,,,,Windows 11,22H2,Pro,2023/01/17,22621.1105,IPMGM was unable to allocate memory from its heap. The data is the error code.,
50003,0,,,,,,Windows 11,21H2,Pro,2022/09/20,22000.978,IPMGM was unable to allocate memory from its heap. The data is the error code.,
50003,0,,,,,,Windows 11,21H2,Pro,2022/08/16,22000.856,IPMGM was unable to allocate memory from its heap. The data is the error code.,
50003,0,,,,,,Windows 11,21H2,Pro,2022/07/19,22000.795,IPMGM was unable to allocate memory from its heap. The data is the error code.,
50003,0,,,,,,Windows 11,21H2,Pro,2022/06/21,22000.739,IPMGM was unable to allocate memory from its heap. The data is the error code.,
50003,0,,,,,,Windows 11,21H2,Pro,2022/05/17,22000.675,IPMGM was unable to allocate memory from its heap. The data is the error code.,
50003,0,,,,,,Windows 11,21H2,Pro,2022/04/19,22000.613,IPMGM was unable to allocate memory from its heap. The data is the error code.,
50003,0,,,,,,Windows 11,21H2,Pro,2022/03/15,22000.556,IPMGM was unable to allocate memory from its heap. The data is the error code.,
50003,0,,,,,,Windows 11,21H2,Pro,2022/02/15,22000.493,IPMGM was unable to allocate memory from its heap. The data is the error code.,
50003,0,,,,,,Windows 11,21H2,Pro,2022/01/11,22000.434,IPMGM was unable to allocate memory from its heap. The data is the error code.,
50003,0,,,,,,Windows 11,21H2,Pro,2021/12/14,22000.376,IPMGM was unable to allocate memory from its heap. The data is the error code.,
50003,0,,,,,,Windows 11,21H2,Pro,2021/11/09,22000.318,IPMGM was unable to allocate memory from its heap. The data is the error code.,
50003,0,,,,,,Windows 11,21H2,Pro,2021/09/16,22000.194,IPMGM was unable to allocate memory from its heap. The data is the error code.,
50003,0,,,,,,Windows 11,21H2,Pro,2023/03/21,22000.1696,IPMGM was unable to allocate memory from its heap. The data is the error code.,
50003,0,,,,,,Windows 11,21H2,Pro,2023/02/21,22000.1574,IPMGM was unable to allocate memory from its heap. The data is the error code.,
50003,0,,,,,,Windows 11,21H2,Pro,2023/01/17,22000.1455,IPMGM was unable to allocate memory from its heap. The data is the error code.,
50003,0,,,,,,Windows 11,21H2,Pro,2022/12/20,22000.1335,IPMGM was unable to allocate memory from its heap. The data is the error code.,
50003,0,,,,,,Windows 11,21H2,Pro,2022/11/15,22000.1219,IPMGM was unable to allocate memory from its heap. The data is the error code.,
50003,0,,,,,,Windows 11,21H2,Pro,2022/10/18,22000.1098,IPMGM was unable to allocate memory from its heap. The data is the error code.,
50003,0,,,,,,Windows 11,21H2,Pro-Dev,1970/01/01,21996.1,IPMGM was unable to allocate memory from its heap. The data is the error code.,
50003,0,,,,,,Windows Server 2022,21H2,Standard,2022/08/16,20348.887,IPMGM was unable to allocate memory from its heap. The data is the error code.,
50003,0,,,,,,Windows Server 2022,21H2,Standard,2022/07/19,20348.825,IPMGM was unable to allocate memory from its heap. The data is the error code.,
50003,0,,,,,,Windows Server 2022,21H2,Standard,2022/06/21,20348.768,IPMGM was unable to allocate memory from its heap. The data is the error code.,
50003,0,,,,,,Windows Server 2022,21H2,Standard,2022/05/17,20348.707,IPMGM was unable to allocate memory from its heap. The data is the error code.,
50003,0,,,,,,Windows Server 2022,21H2,Standard,2022/04/19,20348.643,IPMGM was unable to allocate memory from its heap. The data is the error code.,
50003,0,,,,,,Windows Server 2022,21H2,Standard,2022/02/15,20348.587,IPMGM was unable to allocate memory from its heap. The data is the error code.,
50003,0,,,,,,Windows Server 2022,21H2,Standard,2022/02/15,20348.524,IPMGM was unable to allocate memory from its heap. The data is the error code.,
50003,0,,,,,,Windows Server 2022,21H2,Standard,2022/01/11,20348.469,IPMGM was unable to allocate memory from its heap. The data is the error code.,
50003,0,,,,,,Windows Server 2022,21H2,Standard,2021/12/08,20348.405,IPMGM was unable to allocate memory from its heap. The data is the error code.,
50003,0,,,,,,Windows Server 2022,21H2,Standard,2021/11/09,20348.35,IPMGM was unable to allocate memory from its heap. The data is the error code.,
50003,0,,,,,,Windows Server 2022,21H2,Standard,2021/10/12,20348.288,IPMGM was unable to allocate memory from its heap. The data is the error code.,
50003,0,,,,,,Windows Server 2022,21H2,Standard,2021/09/14,20348.23,IPMGM was unable to allocate memory from its heap. The data is the error code.,
50003,0,,,,,,Windows Server 2022,21H2,Standard,2021/08/18,20348.169,IPMGM was unable to allocate memory from its heap. The data is the error code.,
50003,0,,,,,,Windows Server 2022,21H2,Standard,2023/03/21,20348.1607,IPMGM was unable to allocate memory from its heap. The data is the error code.,
50003,0,,,,,,Windows Server 2022,21H2,Standard,2023/02/21,20348.1547,IPMGM was unable to allocate memory from its heap. The data is the error code.,
50003,0,,,,,,Windows Server 2022,21H2,Standard,2023/01/17,20348.1487,IPMGM was unable to allocate memory from its heap. The data is the error code.,
50003,0,,,,,,Windows Server 2022,21H2,Standard,2022/12/20,20348.1366,IPMGM was unable to allocate memory from its heap. The data is the error code.,
50003,0,,,,,,Windows Server 2022,21H2,Standard,2022/11/15,20348.1249,IPMGM was unable to allocate memory from its heap. The data is the error code.,
50003,0,,,,,,Windows Server 2022,21H2,Standard,2022/10/18,20348.1129,IPMGM was unable to allocate memory from its heap. The data is the error code.,
50003,0,,,,,,Windows Server 2022,21H2,Standard,2022/09/20,20348.1006,IPMGM was unable to allocate memory from its heap. The data is the error code.,
50003,0,,,,,,Windows 10,22H2,Pro,2023/03/21,19045.2728,IPMGM was unable to allocate memory from its heap. The data is the error code.,
50003,0,,,,,,Windows 10,22H2,Pro,2023/02/21,19045.2604,IPMGM was unable to allocate memory from its heap. The data is the error code.,
50003,0,,,,,,Windows 10,22H2,Pro,2023/01/17,19045.2486,IPMGM was unable to allocate memory from its heap. The data is the error code.,
50003,0,,,,,,Windows 10,22H2,Pro,2022/12/20,19045.2364,IPMGM was unable to allocate memory from its heap. The data is the error code.,
50003,0,,,,,,Windows 10,22H2,Pro,2022/11/15,19045.2251,IPMGM was unable to allocate memory from its heap. The data is the error code.,
50003,0,,,,,,Windows 10,21H2,Pro,2023/03/21,19044.2728,IPMGM was unable to allocate memory from its heap. The data is the error code.,
50003,0,,,,,,Windows 10,21H2,Pro,2023/02/21,19044.2604,IPMGM was unable to allocate memory from its heap. The data is the error code.,
50003,0,,,,,,Windows 10,21H2,Pro,2023/01/17,19044.2486,IPMGM was unable to allocate memory from its heap. The data is the error code.,
50003,0,,,,,,Windows 10,21H2,Pro,2022/12/20,19044.2364,IPMGM was unable to allocate memory from its heap. The data is the error code.,
50003,0,,,,,,Windows 10,21H2,Pro,2022/11/15,19044.2251,IPMGM was unable to allocate memory from its heap. The data is the error code.,
50003,0,,,,,,Windows 10,21H2,Pro,2022/10/18,19044.213,IPMGM was unable to allocate memory from its heap. The data is the error code.,
50003,0,,,,,,Windows 10,21H2,Pro,2022/09/20,19044.2006,IPMGM was unable to allocate memory from its heap. The data is the error code.,
50003,0,,,,,,Windows 10,21H2,Pro,2022/08/16,19044.1889,IPMGM was unable to allocate memory from its heap. The data is the error code.,
50003,0,,,,,,Windows 10,21H2,Pro,2022/07/19,19044.1826,IPMGM was unable to allocate memory from its heap. The data is the error code.,
50003,0,,,,,,Windows 10,21H2,Pro,2022/06/21,19044.1766,IPMGM was unable to allocate memory from its heap. The data is the error code.,
50003,0,,,,,,Windows 10,21H2,Pro,2022/05/17,19044.1706,IPMGM was unable to allocate memory from its heap. The data is the error code.,
50003,0,,,,,,Windows 10,21H2,Pro,2022/04/19,19044.1645,IPMGM was unable to allocate memory from its heap. The data is the error code.,
50003,0,,,,,,Windows 10,21H2,Pro,2022/01/11,19044.1466,IPMGM was unable to allocate memory from its heap. The data is the error code.,
50003,0,,,,,,Windows 10,21H2,Pro,2021/10/12,19044.1288,IPMGM was unable to allocate memory from its heap. The data is the error code.,
50003,0,,,,,,Windows 10,21H1,Pro,2021/04/13,19043.928,IPMGM was unable to allocate memory from its heap. The data is the error code.,
50003,0,,,,,,Windows 10,21H1,Pro,2022/12/20,19043.2364,IPMGM was unable to allocate memory from its heap. The data is the error code.,
50003,0,,,,,,Windows 10,21H1,Pro,2022/11/15,19043.2251,IPMGM was unable to allocate memory from its heap. The data is the error code.,
50003,0,,,,,,Windows 10,21H1,Pro,2022/10/18,19043.213,IPMGM was unable to allocate memory from its heap. The data is the error code.,
50003,0,,,,,,Windows 10,21H1,Pro,2022/09/20,19043.2006,IPMGM was unable to allocate memory from its heap. The data is the error code.,
50003,0,,,,,,Windows 10,21H1,Pro,2022/08/16,19043.1889,IPMGM was unable to allocate memory from its heap. The data is the error code.,
50003,0,,,,,,Windows 10,21H1,Pro,2022/07/19,19043.1826,IPMGM was unable to allocate memory from its heap. The data is the error code.,
50003,0,,,,,,Windows 10,21H1,Pro,2022/06/21,19043.1766,IPMGM was unable to allocate memory from its heap. The data is the error code.,
50003,0,,,,,,Windows 10,21H1,Pro,2022/05/17,19043.1706,IPMGM was unable to allocate memory from its heap. The data is the error code.,
50003,0,,,,,,Windows 10,21H1,Pro,2022/04/19,19043.1645,IPMGM was unable to allocate memory from its heap. The data is the error code.,
50003,0,,,,,,Windows 10,21H1,Pro,2022/01/11,19043.1466,IPMGM was unable to allocate memory from its heap. The data is the error code.,
50003,0,,,,,,Windows 10,21H1,Pro,2021/12/14,19043.1415,IPMGM was unable to allocate memory from its heap. The data is the error code.,
50003,0,,,,,,Windows 10,21H2,Pro,2021/12/14,19043.1415,IPMGM was unable to allocate memory from its heap. The data is the error code.,
50003,0,,,,,,Windows 10,21H1,Pro,2021/11/09,19043.1348,IPMGM was unable to allocate memory from its heap. The data is the error code.,
50003,0,,,,,,Windows 10,21H1,Pro,2021/10/12,19043.1288,IPMGM was unable to allocate memory from its heap. The data is the error code.,
50003,0,,,,,,Windows 10,21H1,Pro,2021/09/14,19043.1237,IPMGM was unable to allocate memory from its heap. The data is the error code.,
50003,0,,,,,,Windows 10,21H1,Pro,2021/08/10,19043.1165,IPMGM was unable to allocate memory from its heap. The data is the error code.,
50003,0,,,,,,Windows 10,21H1,Pro,2021/07/13,19043.111,IPMGM was unable to allocate memory from its heap. The data is the error code.,
50003,0,,,,,,Windows 10,21H1,Pro,2021/06/08,19043.1052,IPMGM was unable to allocate memory from its heap. The data is the error code.,
50003,0,,,,,,Windows 10,20H2,Pro,2022/04/19,19042.1645,IPMGM was unable to allocate memory from its heap. The data is the error code.,
50003,0,,,,,,Windows 10,20H2,Pro,2022/01/11,19042.1466,IPMGM was unable to allocate memory from its heap. The data is the error code.,
50003,0,,,,,,Windows 10,2004,Pro,2021/05/11,19041.985,IPMGM was unable to allocate memory from its heap. The data is the error code.,
50003,0,,,,,,Windows 10,20H2,Pro,2021/05/11,19041.985,IPMGM was unable to allocate memory from its heap. The data is the error code.,
50003,0,,,,,,Windows 10,2004,Pro,2021/04/13,19041.928,IPMGM was unable to allocate memory from its heap. The data is the error code.,
50003,0,,,,,,Windows 10,20H2,Pro,2021/04/13,19041.928,IPMGM was unable to allocate memory from its heap. The data is the error code.,
50003,0,,,,,,Windows 10,2004,Pro,2021/03/09,19041.867,IPMGM was unable to allocate memory from its heap. The data is the error code.,
50003,0,,,,,,Windows 10,20H2,Pro,2021/03/09,19041.867,IPMGM was unable to allocate memory from its heap. The data is the error code.,
50003,0,,,,,,Windows 10,2004,Pro,2021/02/09,19041.804,IPMGM was unable to allocate memory from its heap. The data is the error code.,
50003,0,,,,,,Windows 10,20H2,Pro,2021/02/09,19041.804,IPMGM was unable to allocate memory from its heap. The data is the error code.,
50003,0,,,,,,Windows 10,2004,Pro,2021/01/12,19041.746,IPMGM was unable to allocate memory from its heap. The data is the error code.,
50003,0,,,,,,Windows 10,20H2,Pro,2021/01/12,19041.746,IPMGM was unable to allocate memory from its heap. The data is the error code.,
50003,0,,,,,,Windows 10,2004,Pro,2020/12/08,19041.685,IPMGM was unable to allocate memory from its heap. The data is the error code.,
50003,0,,,,,,Windows 10,20H2,Pro,2020/12/08,19041.685,IPMGM was unable to allocate memory from its heap. The data is the error code.,
50003,0,,,,,,Windows 10,20H2,Pro,2020/11/19,19041.631,IPMGM was unable to allocate memory from its heap. The data is the error code.,
50003,0,,,,,,Windows 10,2004,Pro,2020/11/10,19041.63,IPMGM was unable to allocate memory from its heap. The data is the error code.,
50003,0,,,,,,Windows 10,2004,Pro,2020/10/13,19041.572,IPMGM was unable to allocate memory from its heap. The data is the error code.,
50003,0,,,,,,Windows 10,2004,Pro,2020/09/08,19041.508,IPMGM was unable to allocate memory from its heap. The data is the error code.,
50003,0,,,,,,Windows 10,2004,Pro,2020/08/11,19041.45,IPMGM was unable to allocate memory from its heap. The data is the error code.,
50003,0,,,,,,Windows 10,2004,Pro,2020/07/14,19041.388,IPMGM was unable to allocate memory from its heap. The data is the error code.,
50003,0,,,,,,Windows 10,2004,Pro,2020/06/09,19041.329,IPMGM was unable to allocate memory from its heap. The data is the error code.,
50003,0,,,,,,Windows 10,2004,Pro,2020/05/27,19041.264,IPMGM was unable to allocate memory from its heap. The data is the error code.,
50003,0,,,,,,Windows 10,2004,Pro,2020/04/16,19041.208,IPMGM was unable to allocate memory from its heap. The data is the error code.,
50003,0,,,,,,Windows 10,21H1,Pro,2022/03/15,19041.1586,IPMGM was unable to allocate memory from its heap. The data is the error code.,
50003,0,,,,,,Windows 10,20H2,Pro,2022/03/15,19041.1586,IPMGM was unable to allocate memory from its heap. The data is the error code.,
50003,0,,,,,,Windows 10,21H2,Pro,2022/03/15,19041.1586,IPMGM was unable to allocate memory from its heap. The data is the error code.,
50003,0,,,,,,Windows 10,21H1,Pro,2022/02/15,19041.1526,IPMGM was unable to allocate memory from its heap. The data is the error code.,
50003,0,,,,,,Windows 10,20H2,Pro,2022/02/15,19041.1526,IPMGM was unable to allocate memory from its heap. The data is the error code.,
50003,0,,,,,,Windows 10,21H2,Pro,2022/02/15,19041.1526,IPMGM was unable to allocate memory from its heap. The data is the error code.,
50003,0,,,,,,Windows 10,20H2,Pro,2021/12/14,19041.1415,IPMGM was unable to allocate memory from its heap. The data is the error code.,
50003,0,,,,,,Windows 10,2004,Pro,2021/11/09,19041.1348,IPMGM was unable to allocate memory from its heap. The data is the error code.,
50003,0,,,,,,Windows 10,20H2,Pro,2021/11/09,19041.1348,IPMGM was unable to allocate memory from its heap. The data is the error code.,
50003,0,,,,,,Windows 10,2004,Pro,2021/10/12,19041.1288,IPMGM was unable to allocate memory from its heap. The data is the error code.,
50003,0,,,,,,Windows 10,20H2,Pro,2021/10/12,19041.1288,IPMGM was unable to allocate memory from its heap. The data is the error code.,
50003,0,,,,,,Windows 10,2004,Pro,2021/09/14,19041.1237,IPMGM was unable to allocate memory from its heap. The data is the error code.,
50003,0,,,,,,Windows 10,20H2,Pro,2021/09/14,19041.1237,IPMGM was unable to allocate memory from its heap. The data is the error code.,
50003,0,,,,,,Windows 10,2004,Pro,2021/08/10,19041.1165,IPMGM was unable to allocate memory from its heap. The data is the error code.,
50003,0,,,,,,Windows 10,20H2,Pro,2021/08/10,19041.1165,IPMGM was unable to allocate memory from its heap. The data is the error code.,
50003,0,,,,,,Windows 10,2004,Pro,2021/07/13,19041.111,IPMGM was unable to allocate memory from its heap. The data is the error code.,
50003,0,,,,,,Windows 10,20H2,Pro,2021/07/13,19041.111,IPMGM was unable to allocate memory from its heap. The data is the error code.,
50003,0,,,,,,Windows 10,2004,Pro,2021/06/08,19041.1052,IPMGM was unable to allocate memory from its heap. The data is the error code.,
50003,0,,,,,,Windows 10,20H2,Pro,2021/06/08,19041.1052,IPMGM was unable to allocate memory from its heap. The data is the error code.,
50003,0,,,,,,Windows 10,1909,Pro,2020/07/14,18363.959,IPMGM was unable to allocate memory from its heap. The data is the error code.,
50003,0,,,,,,Windows 10,1909,Pro,2020/06/09,18363.9,IPMGM was unable to allocate memory from its heap. The data is the error code.,
50003,0,,,,,,Windows 10,1909,Pro,2020/05/12,18363.836,IPMGM was unable to allocate memory from its heap. The data is the error code.,
50003,0,,,,,,Windows 10,1909,Pro,2020/04/14,18363.778,IPMGM was unable to allocate memory from its heap. The data is the error code.,
50003,0,,,,,,Windows 10,1909,Pro,2020/03/12,18363.72,IPMGM was unable to allocate memory from its heap. The data is the error code.,
50003,0,,,,,,Windows 10,1909,Pro,2020/02/11,18363.657,IPMGM was unable to allocate memory from its heap. The data is the error code.,
50003,0,,,,,,Windows 10,1909,Pro,2020/01/14,18363.592,IPMGM was unable to allocate memory from its heap. The data is the error code.,
50003,0,,,,,,Windows 10,1909,Pro,2019/12/10,18363.535,IPMGM was unable to allocate memory from its heap. The data is the error code.,
50003,0,,,,,,Windows 10,1909,Pro,2019/10/05,18363.418,IPMGM was unable to allocate memory from its heap. The data is the error code.,
50003,0,,,,,,Windows 10,1909,Pro,2021/06/08,18363.1621,IPMGM was unable to allocate memory from its heap. The data is the error code.,
50003,0,,,,,,Windows 10,1909,Pro,2021/05/11,18363.1556,IPMGM was unable to allocate memory from its heap. The data is the error code.,
50003,0,,,,,,Windows 10,1909,Pro,2021/04/13,18363.15,IPMGM was unable to allocate memory from its heap. The data is the error code.,
50003,0,,,,,,Windows 10,1909,Pro,2021/03/09,18363.144,IPMGM was unable to allocate memory from its heap. The data is the error code.,
50003,0,,,,,,Windows 10,1909,Pro,2021/02/11,18363.1379,IPMGM was unable to allocate memory from its heap. The data is the error code.,
50003,0,,,,,,Windows 10,1909,Pro,2021/01/12,18363.1316,IPMGM was unable to allocate memory from its heap. The data is the error code.,
50003,0,,,,,,Windows 10,1909,Pro,2020/12/08,18363.1256,IPMGM was unable to allocate memory from its heap. The data is the error code.,
50003,0,,,,,,Windows 10,1909,Pro,2020/11/10,18363.1198,IPMGM was unable to allocate memory from its heap. The data is the error code.,
50003,0,,,,,,Windows 10,1909,Pro,2020/10/13,18363.1139,IPMGM was unable to allocate memory from its heap. The data is the error code.,
50003,0,,,,,,Windows 10,1909,Pro,2020/09/08,18363.1082,IPMGM was unable to allocate memory from its heap. The data is the error code.,
50003,0,,,,,,Windows 10,1909,Pro,2020/08/11,18363.1016,IPMGM was unable to allocate memory from its heap. The data is the error code.,
50003,0,,,,,,Windows 10,1903,Pro,2020/07/14,18362.959,IPMGM was unable to allocate memory from its heap. The data is the error code.,
50003,0,,,,,,Windows 10,1903,Pro,2020/05/12,18362.836,IPMGM was unable to allocate memory from its heap. The data is the error code.,
50003,0,,,,,,Windows 10,1903,Pro,2020/03/12,18362.72,IPMGM was unable to allocate memory from its heap. The data is the error code.,
50003,0,,,,,,Windows 10,1903,Pro,2020/02/11,18362.657,IPMGM was unable to allocate memory from its heap. The data is the error code.,
50003,0,,,,,,Windows 10,1903,Pro,2019/12/10,18362.535,IPMGM was unable to allocate memory from its heap. The data is the error code.,
50003,0,,,,,,Windows 10,1903,Pro,2019/11/12,18362.476,IPMGM was unable to allocate memory from its heap. The data is the error code.,
50003,0,,,,,,Windows 10,1903,Pro,2019/09/10,18362.356,IPMGM was unable to allocate memory from its heap. The data is the error code.,
50003,0,,,,,,Windows 10,1903,Pro,2019/03/29,18362.3,IPMGM was unable to allocate memory from its heap. The data is the error code.,
50003,0,,,,,,Windows 10,1903,Pro,2019/07/09,18362.239,IPMGM was unable to allocate memory from its heap. The data is the error code.,
50003,0,,,,,,Windows 10,1903,Pro,2019/06/11,18362.175,IPMGM was unable to allocate memory from its heap. The data is the error code.,
50003,0,,,,,,Windows 10,1903,Pro,2020/12/08,18362.1256,IPMGM was unable to allocate memory from its heap. The data is the error code.,
50003,0,,,,,,Windows 10,1903,Pro,2020/11/10,18362.1198,IPMGM was unable to allocate memory from its heap. The data is the error code.,
50003,0,,,,,,Windows 10,1903,Pro,2020/10/13,18362.1139,IPMGM was unable to allocate memory from its heap. The data is the error code.,
50003,0,,,,,,Windows 10,1903,Pro,2020/09/08,18362.1082,IPMGM was unable to allocate memory from its heap. The data is the error code.,
50003,0,,,,,,Windows 10,1903,Pro,2019/12/10,18362.1016,IPMGM was unable to allocate memory from its heap. The data is the error code.,
50003,0,,,,,,Windows 10,1809,Pro,2020/01/14,17763.973,IPMGM was unable to allocate memory from its heap. The data is the error code.,
50003,0,,,,,,Windows Server 2019,1809,Standard,2020/01/14,17763.973,IPMGM was unable to allocate memory from its heap. The data is the error code.,
50003,0,,,,,,Windows 10,1809,Pro,2019/12/10,17763.914,IPMGM was unable to allocate memory from its heap. The data is the error code.,
50003,0,,,,,,Windows Server 2019,1809,Standard,2019/12/10,17763.914,IPMGM was unable to allocate memory from its heap. The data is the error code.,
50003,0,,,,,,Windows 10,1809,Pro,2019/11/12,17763.864,IPMGM was unable to allocate memory from its heap. The data is the error code.,
50003,0,,,,,,Windows Server 2019,1809,Standard,2019/11/12,17763.864,IPMGM was unable to allocate memory from its heap. The data is the error code.,
50003,0,,,,,,Windows 10,1809,Pro,2019/10/08,17763.805,IPMGM was unable to allocate memory from its heap. The data is the error code.,
50003,0,,,,,,Windows 10,1809,Pro,2019/09/10,17763.737,IPMGM was unable to allocate memory from its heap. The data is the error code.,
50003,0,,,,,,Windows Server 2019,1809,Standard,2019/09/10,17763.737,IPMGM was unable to allocate memory from its heap. The data is the error code.,
50003,0,,,,,,Windows 10,1809,Pro,2019/08/13,17763.678,IPMGM was unable to allocate memory from its heap. The data is the error code.,
50003,0,,,,,,Windows Server 2019,1809,Standard,2019/08/13,17763.678,IPMGM was unable to allocate memory from its heap. The data is the error code.,
50003,0,,,,,,Windows 10,1809,Pro,2019/07/09,17763.615,IPMGM was unable to allocate memory from its heap. The data is the error code.,
50003,0,,,,,,Windows 10,1809,Pro,2019/06/11,17763.557,IPMGM was unable to allocate memory from its heap. The data is the error code.,
50003,0,,,,,,Windows 10,1809,Pro,2019/05/19,17763.504,IPMGM was unable to allocate memory from its heap. The data is the error code.,
50003,0,,,,,,Windows 10,1809,Pro,2019/04/09,17763.437,IPMGM was unable to allocate memory from its heap. The data is the error code.,
50003,0,,,,,,Windows 10,1809,Pro,2019/03/12,17763.379,IPMGM was unable to allocate memory from its heap. The data is the error code.,
50003,0,,,,,,Windows Server 2019,1809,Standard,2019/03/12,17763.379,IPMGM was unable to allocate memory from its heap. The data is the error code.,
50003,0,,,,,,Windows Server 2019,1809,Standard,2022/11/15,17763.365,IPMGM was unable to allocate memory from its heap. The data is the error code.,
50003,0,,,,,,Windows 10,1809,Pro,2019/02/12,17763.316,IPMGM was unable to allocate memory from its heap. The data is the error code.,
50003,0,,,,,,Windows 10,1803,Pro,2019/01/08,17763.253,IPMGM was unable to allocate memory from its heap. The data is the error code.,
50003,0,,,,,,Windows Server 2019,1809,Standard,2021/08/10,17763.2114,IPMGM was unable to allocate memory from its heap. The data is the error code.,
50003,0,,,,,,Windows Server 2019,1809,Standard,2021/07/13,17763.2061,IPMGM was unable to allocate memory from its heap. The data is the error code.,
50003,0,,,,,,Windows Server 2019,1809,Standard,2021/06/08,17763.1999,IPMGM was unable to allocate memory from its heap. The data is the error code.,
50003,0,,,,,,Windows 10,1809,Pro,2018/12/11,17763.194,IPMGM was unable to allocate memory from its heap. The data is the error code.,
50003,0,,,,,,Windows Server 2019,1809,Standard,2021/05/11,17763.1935,IPMGM was unable to allocate memory from its heap. The data is the error code.,
50003,0,,,,,,Windows Server 2019,1809,Standard,2021/04/13,17763.1879,IPMGM was unable to allocate memory from its heap. The data is the error code.,
50003,0,,,,,,Windows Server 2019,1809,Standard,2021/03/09,17763.1817,IPMGM was unable to allocate memory from its heap. The data is the error code.,
50003,0,,,,,,Windows Server 2019,1809,Standard,2021/02/09,17763.1757,IPMGM was unable to allocate memory from its heap. The data is the error code.,
50003,0,,,,,,Windows Server 2019,1809,Standard,2021/01/12,17763.1697,IPMGM was unable to allocate memory from its heap. The data is the error code.,
50003,0,,,,,,Windows Server 2019,1809,Standard,2020/12/08,17763.1637,IPMGM was unable to allocate memory from its heap. The data is the error code.,
50003,0,,,,,,Windows 10,1809,Pro,2020/11/10,17763.1577,IPMGM was unable to allocate memory from its heap. The data is the error code.,
50003,0,,,,,,Windows Server 2019,1809,Standard,2020/11/10,17763.1577,IPMGM was unable to allocate memory from its heap. The data is the error code.,
50003,0,,,,,,Windows 10,1809,Pro,2020/10/13,17763.1518,IPMGM was unable to allocate memory from its heap. The data is the error code.,
50003,0,,,,,,Windows Server 2019,1809,Standard,2020/10/13,17763.1518,IPMGM was unable to allocate memory from its heap. The data is the error code.,
50003,0,,,,,,Windows 10,1809,Pro,2020/09/08,17763.1457,IPMGM was unable to allocate memory from its heap. The data is the error code.,
50003,0,,,,,,Windows Server 2019,1809,Standard,2020/09/10,17763.1457,IPMGM was unable to allocate memory from its heap. The data is the error code.,
50003,0,,,,,,Windows 10,1809,Pro,2020/08/11,17763.1397,IPMGM was unable to allocate memory from its heap. The data is the error code.,
50003,0,,,,,,Windows Server 2019,1809,Standard,2020/08/11,17763.1397,IPMGM was unable to allocate memory from its heap. The data is the error code.,
50003,0,,,,,,Windows 10,1809,Pro,2020/07/14,17763.1339,IPMGM was unable to allocate memory from its heap. The data is the error code.,
50003,0,,,,,,Windows Server 2019,1809,Standard,2020/07/14,17763.1339,IPMGM was unable to allocate memory from its heap. The data is the error code.,
50003,0,,,,,,Windows 10,1809,Pro,2020/06/09,17763.1282,IPMGM was unable to allocate memory from its heap. The data is the error code.,
50003,0,,,,,,Windows Server 2019,1809,Standard,2020/06/09,17763.1282,IPMGM was unable to allocate memory from its heap. The data is the error code.,
50003,0,,,,,,Windows 10,1809,Pro,2020/05/12,17763.1217,IPMGM was unable to allocate memory from its heap. The data is the error code.,
50003,0,,,,,,Windows Server 2019,1809,Standard,2020/05/12,17763.1217,IPMGM was unable to allocate memory from its heap. The data is the error code.,
50003,0,,,,,,Windows 10,1809,Pro,2020/04/14,17763.1158,IPMGM was unable to allocate memory from its heap. The data is the error code.,
50003,0,,,,,,Windows Server 2019,1809,Standard,2020/04/14,17763.1158,IPMGM was unable to allocate memory from its heap. The data is the error code.,
50003,0,,,,,,Windows 10,1809,Pro,2020/03/12,17763.1098,IPMGM was unable to allocate memory from its heap. The data is the error code.,
50003,0,,,,,,Windows Server 2019,1809,Standard,2020/03/10,17763.1098,IPMGM was unable to allocate memory from its heap. The data is the error code.,
50003,0,,,,,,Windows 10,1809,Pro,2018/11/13,17763.107,IPMGM was unable to allocate memory from its heap. The data is the error code.,
50003,0,,,,,,Windows Server 2019,1809,Standard,2018/11/13,17763.107,IPMGM was unable to allocate memory from its heap. The data is the error code.,
50003,0,,,,,,Windows 10,1809,Pro,2020/02/11,17763.1039,IPMGM was unable to allocate memory from its heap. The data is the error code.,
50003,0,,,,,,Windows Server 2019,1809,Standard,2020/02/11,17763.1039,IPMGM was unable to allocate memory from its heap. The data is the error code.,
50003,0,,,,,,Windows 10,1803,Pro,2019/08/13,17134.95,IPMGM was unable to allocate memory from its heap. The data is the error code.,
50003,0,,,,,,Windows 10,1803,Pro,2019/07/09,17134.885,IPMGM was unable to allocate memory from its heap. The data is the error code.,
50003,0,,,,,,Windows 10,1803,Pro,2019/06/11,17134.829,IPMGM was unable to allocate memory from its heap. The data is the error code.,
50003,0,,,,,,Windows 10,1803,Pro,2019/05/19,17134.766,IPMGM was unable to allocate memory from its heap. The data is the error code.,
50003,0,,,,,,Windows 10,1803,Pro,2019/04/09,17134.706,IPMGM was unable to allocate memory from its heap. The data is the error code.,
50003,0,,,,,,Windows 10,1803,Pro,2019/03/12,17134.648,IPMGM was unable to allocate memory from its heap. The data is the error code.,
50003,0,,,,,,Windows 10,1803,Pro,2019/01/08,17134.523,IPMGM was unable to allocate memory from its heap. The data is the error code.,
50003,0,,,,,,Windows 10,1803,Pro,2018/09/11,17134.285,IPMGM was unable to allocate memory from its heap. The data is the error code.,
50003,0,,,,,,Windows 10,1803,Pro,2018/08/14,17134.228,IPMGM was unable to allocate memory from its heap. The data is the error code.,
50003,0,,,,,,Windows 10,1803,Pro,2018/06/12,17134.112,IPMGM was unable to allocate memory from its heap. The data is the error code.,
50003,0,,,,,,Windows 10,1803,Pro,2019/09/10,17134.1006,IPMGM was unable to allocate memory from its heap. The data is the error code.,
50003,0,,,,,,Windows 10,1803,Pro,1970/01/01,17134.1,IPMGM was unable to allocate memory from its heap. The data is the error code.,
50003,0,,,,,,Windows 10,1709,Pro,2017/11/14,16299.64,IPMGM was unable to allocate memory from its heap. The data is the error code.,
50003,0,,,,,,Windows 10,1709,Pro,2017/11/14,16299.15,IPMGM was unable to allocate memory from its heap. The data is the error code.,
50003,0,,,,,,Windows 10,1709,Pro,2017/12/12,16299.125,IPMGM was unable to allocate memory from its heap. The data is the error code.,
50003,0,,,,,,Windows 10,1703,Pro,2017/07/11,15063.483,IPMGM was unable to allocate memory from its heap. The data is the error code.,
50003,0,,,,,,Windows 10,1703,Pro,2017/06/13,15063.413,IPMGM was unable to allocate memory from its heap. The data is the error code.,
50003,0,,,,,,Windows 10,1703,Pro,2017/03/20,15063.0,IPMGM was unable to allocate memory from its heap. The data is the error code.,
50003,0,,,,,,Windows 10,1607,Pro,2016/11/08,14393.447,IPMGM was unable to allocate memory from its heap. The data is the error code.,
50003,0,,,,,,Windows Server 2016,1607,Standard,2016/11/08,14393.447,IPMGM was unable to allocate memory from its heap. The data is the error code.,
50003,0,,,,,,Windows Server 2016,1607,Standard,2017/11/14,14393.1884,IPMGM was unable to allocate memory from its heap. The data is the error code.,
50003,0,,,,,,Windows Server 2016,1607,Standard,2016/10/12,14393.0,IPMGM was unable to allocate memory from its heap. The data is the error code.,
50003,0,,,,,,Windows 10,1511,Pro,2016/03/08,10586.164,IPMGM was unable to allocate memory from its heap. The data is the error code.,
50003,0,,,,,,Windows 10,1511,Enterprise,2016/02/09,10586.104,IPMGM was unable to allocate memory from its heap. The data is the error code.,
50003,0,,,,,,Windows 10,1511,Pro,1970/01/01,10586.0,IPMGM was unable to allocate memory from its heap. The data is the error code.,
50003,0,,,,,,Windows 10,1507,Pro,2015/07/29,10240.0,IPMGM was unable to allocate memory from its heap. The data is the error code.,
50003,0,,,,,,Windows 8.1,8.1,Pro,1970/01/01,9600.0,IPMGM was unable to allocate memory from its heap. The data is the error code.,
50003,0,,,,,,Windows 8,8,Pro,1970/01/01,9200.0,IPMGM was unable to allocate memory from its heap. The data is the error code.,
50003,0,,,,,,Windows Server 2008R2,SP1,Standard,2011/02/09,7601.0,IPMGM was unable to allocate memory from its heap. The data is the error code.,
50003,0,,,,,,Windows 7,SP1,Ultimate,1970/01/01,7601.0,IPMGM was unable to allocate memory from its heap. The data is the error code.,
50003,0,,,,,,Windows Server 2008,SP2,Standard,2009/05/26,6002.0,IPMGM was unable to allocate memory from its heap. The data is the error code.,
50004,0,,,,,,Windows 11,24H2,Pro,2024/10/2,26100.1742,IPMGM received a start request when it was already running.,
50004,0,,,,,,Windows 11,22H2,Pro,2022/12/20,22621.963,IPMGM received a start request when it was already running.,
50004,0,,,,,,Windows 11,22H2,Pro,2022/11/15,22621.819,IPMGM received a start request when it was already running.,
50004,0,,,,,,Windows 11,22H2,Pro,2022/10/18,22621.674,IPMGM received a start request when it was already running.,
50004,0,,,,,,Windows 11,22H2,Pro,2022/09/20,22621.382,IPMGM received a start request when it was already running.,
50004,0,,,,,,Windows 11,22H2,Pro,2023/03/21,22621.1413,IPMGM received a start request when it was already running.,
50004,0,,,,,,Windows 11,22H2,Pro,2023/02/21,22621.1265,IPMGM received a start request when it was already running.,
50004,0,,,,,,Windows 11,22H2,Pro,2023/01/17,22621.1105,IPMGM received a start request when it was already running.,
50004,0,,,,,,Windows 11,21H2,Pro,2022/09/20,22000.978,IPMGM received a start request when it was already running.,
50004,0,,,,,,Windows 11,21H2,Pro,2022/08/16,22000.856,IPMGM received a start request when it was already running.,
50004,0,,,,,,Windows 11,21H2,Pro,2022/07/19,22000.795,IPMGM received a start request when it was already running.,
50004,0,,,,,,Windows 11,21H2,Pro,2022/06/21,22000.739,IPMGM received a start request when it was already running.,
50004,0,,,,,,Windows 11,21H2,Pro,2022/05/17,22000.675,IPMGM received a start request when it was already running.,
50004,0,,,,,,Windows 11,21H2,Pro,2022/04/19,22000.613,IPMGM received a start request when it was already running.,
50004,0,,,,,,Windows 11,21H2,Pro,2022/03/15,22000.556,IPMGM received a start request when it was already running.,
50004,0,,,,,,Windows 11,21H2,Pro,2022/02/15,22000.493,IPMGM received a start request when it was already running.,
50004,0,,,,,,Windows 11,21H2,Pro,2022/01/11,22000.434,IPMGM received a start request when it was already running.,
50004,0,,,,,,Windows 11,21H2,Pro,2021/12/14,22000.376,IPMGM received a start request when it was already running.,
50004,0,,,,,,Windows 11,21H2,Pro,2021/11/09,22000.318,IPMGM received a start request when it was already running.,
50004,0,,,,,,Windows 11,21H2,Pro,2021/09/16,22000.194,IPMGM received a start request when it was already running.,
50004,0,,,,,,Windows 11,21H2,Pro,2023/03/21,22000.1696,IPMGM received a start request when it was already running.,
50004,0,,,,,,Windows 11,21H2,Pro,2023/02/21,22000.1574,IPMGM received a start request when it was already running.,
50004,0,,,,,,Windows 11,21H2,Pro,2023/01/17,22000.1455,IPMGM received a start request when it was already running.,
50004,0,,,,,,Windows 11,21H2,Pro,2022/12/20,22000.1335,IPMGM received a start request when it was already running.,
50004,0,,,,,,Windows 11,21H2,Pro,2022/11/15,22000.1219,IPMGM received a start request when it was already running.,
50004,0,,,,,,Windows 11,21H2,Pro,2022/10/18,22000.1098,IPMGM received a start request when it was already running.,
50004,0,,,,,,Windows 11,21H2,Pro-Dev,1970/01/01,21996.1,IPMGM received a start request when it was already running.,
50004,0,,,,,,Windows Server 2022,21H2,Standard,2022/08/16,20348.887,IPMGM received a start request when it was already running.,
50004,0,,,,,,Windows Server 2022,21H2,Standard,2022/07/19,20348.825,IPMGM received a start request when it was already running.,
50004,0,,,,,,Windows Server 2022,21H2,Standard,2022/06/21,20348.768,IPMGM received a start request when it was already running.,
50004,0,,,,,,Windows Server 2022,21H2,Standard,2022/05/17,20348.707,IPMGM received a start request when it was already running.,
50004,0,,,,,,Windows Server 2022,21H2,Standard,2022/04/19,20348.643,IPMGM received a start request when it was already running.,
50004,0,,,,,,Windows Server 2022,21H2,Standard,2022/02/15,20348.587,IPMGM received a start request when it was already running.,
50004,0,,,,,,Windows Server 2022,21H2,Standard,2022/02/15,20348.524,IPMGM received a start request when it was already running.,
50004,0,,,,,,Windows Server 2022,21H2,Standard,2022/01/11,20348.469,IPMGM received a start request when it was already running.,
50004,0,,,,,,Windows Server 2022,21H2,Standard,2021/12/08,20348.405,IPMGM received a start request when it was already running.,
50004,0,,,,,,Windows Server 2022,21H2,Standard,2021/11/09,20348.35,IPMGM received a start request when it was already running.,
50004,0,,,,,,Windows Server 2022,21H2,Standard,2021/10/12,20348.288,IPMGM received a start request when it was already running.,
50004,0,,,,,,Windows Server 2022,21H2,Standard,2021/09/14,20348.23,IPMGM received a start request when it was already running.,
50004,0,,,,,,Windows Server 2022,21H2,Standard,2021/08/18,20348.169,IPMGM received a start request when it was already running.,
50004,0,,,,,,Windows Server 2022,21H2,Standard,2023/03/21,20348.1607,IPMGM received a start request when it was already running.,
50004,0,,,,,,Windows Server 2022,21H2,Standard,2023/02/21,20348.1547,IPMGM received a start request when it was already running.,
50004,0,,,,,,Windows Server 2022,21H2,Standard,2023/01/17,20348.1487,IPMGM received a start request when it was already running.,
50004,0,,,,,,Windows Server 2022,21H2,Standard,2022/12/20,20348.1366,IPMGM received a start request when it was already running.,
50004,0,,,,,,Windows Server 2022,21H2,Standard,2022/11/15,20348.1249,IPMGM received a start request when it was already running.,
50004,0,,,,,,Windows Server 2022,21H2,Standard,2022/10/18,20348.1129,IPMGM received a start request when it was already running.,
50004,0,,,,,,Windows Server 2022,21H2,Standard,2022/09/20,20348.1006,IPMGM received a start request when it was already running.,
50004,0,,,,,,Windows 10,22H2,Pro,2023/03/21,19045.2728,IPMGM received a start request when it was already running.,
50004,0,,,,,,Windows 10,22H2,Pro,2023/02/21,19045.2604,IPMGM received a start request when it was already running.,
50004,0,,,,,,Windows 10,22H2,Pro,2023/01/17,19045.2486,IPMGM received a start request when it was already running.,
50004,0,,,,,,Windows 10,22H2,Pro,2022/12/20,19045.2364,IPMGM received a start request when it was already running.,
50004,0,,,,,,Windows 10,22H2,Pro,2022/11/15,19045.2251,IPMGM received a start request when it was already running.,
50004,0,,,,,,Windows 10,21H2,Pro,2023/03/21,19044.2728,IPMGM received a start request when it was already running.,
50004,0,,,,,,Windows 10,21H2,Pro,2023/02/21,19044.2604,IPMGM received a start request when it was already running.,
50004,0,,,,,,Windows 10,21H2,Pro,2023/01/17,19044.2486,IPMGM received a start request when it was already running.,
50004,0,,,,,,Windows 10,21H2,Pro,2022/12/20,19044.2364,IPMGM received a start request when it was already running.,
50004,0,,,,,,Windows 10,21H2,Pro,2022/11/15,19044.2251,IPMGM received a start request when it was already running.,
50004,0,,,,,,Windows 10,21H2,Pro,2022/10/18,19044.213,IPMGM received a start request when it was already running.,
50004,0,,,,,,Windows 10,21H2,Pro,2022/09/20,19044.2006,IPMGM received a start request when it was already running.,
50004,0,,,,,,Windows 10,21H2,Pro,2022/08/16,19044.1889,IPMGM received a start request when it was already running.,
50004,0,,,,,,Windows 10,21H2,Pro,2022/07/19,19044.1826,IPMGM received a start request when it was already running.,
50004,0,,,,,,Windows 10,21H2,Pro,2022/06/21,19044.1766,IPMGM received a start request when it was already running.,
50004,0,,,,,,Windows 10,21H2,Pro,2022/05/17,19044.1706,IPMGM received a start request when it was already running.,
50004,0,,,,,,Windows 10,21H2,Pro,2022/04/19,19044.1645,IPMGM received a start request when it was already running.,
50004,0,,,,,,Windows 10,21H2,Pro,2022/01/11,19044.1466,IPMGM received a start request when it was already running.,
50004,0,,,,,,Windows 10,21H2,Pro,2021/10/12,19044.1288,IPMGM received a start request when it was already running.,
50004,0,,,,,,Windows 10,21H1,Pro,2021/04/13,19043.928,IPMGM received a start request when it was already running.,
50004,0,,,,,,Windows 10,21H1,Pro,2022/12/20,19043.2364,IPMGM received a start request when it was already running.,
50004,0,,,,,,Windows 10,21H1,Pro,2022/11/15,19043.2251,IPMGM received a start request when it was already running.,
50004,0,,,,,,Windows 10,21H1,Pro,2022/10/18,19043.213,IPMGM received a start request when it was already running.,
50004,0,,,,,,Windows 10,21H1,Pro,2022/09/20,19043.2006,IPMGM received a start request when it was already running.,
50004,0,,,,,,Windows 10,21H1,Pro,2022/08/16,19043.1889,IPMGM received a start request when it was already running.,
50004,0,,,,,,Windows 10,21H1,Pro,2022/07/19,19043.1826,IPMGM received a start request when it was already running.,
50004,0,,,,,,Windows 10,21H1,Pro,2022/06/21,19043.1766,IPMGM received a start request when it was already running.,
50004,0,,,,,,Windows 10,21H1,Pro,2022/05/17,19043.1706,IPMGM received a start request when it was already running.,
50004,0,,,,,,Windows 10,21H1,Pro,2022/04/19,19043.1645,IPMGM received a start request when it was already running.,
50004,0,,,,,,Windows 10,21H1,Pro,2022/01/11,19043.1466,IPMGM received a start request when it was already running.,
50004,0,,,,,,Windows 10,21H1,Pro,2021/12/14,19043.1415,IPMGM received a start request when it was already running.,
50004,0,,,,,,Windows 10,21H2,Pro,2021/12/14,19043.1415,IPMGM received a start request when it was already running.,
50004,0,,,,,,Windows 10,21H1,Pro,2021/11/09,19043.1348,IPMGM received a start request when it was already running.,
50004,0,,,,,,Windows 10,21H1,Pro,2021/10/12,19043.1288,IPMGM received a start request when it was already running.,
50004,0,,,,,,Windows 10,21H1,Pro,2021/09/14,19043.1237,IPMGM received a start request when it was already running.,
50004,0,,,,,,Windows 10,21H1,Pro,2021/08/10,19043.1165,IPMGM received a start request when it was already running.,
50004,0,,,,,,Windows 10,21H1,Pro,2021/07/13,19043.111,IPMGM received a start request when it was already running.,
50004,0,,,,,,Windows 10,21H1,Pro,2021/06/08,19043.1052,IPMGM received a start request when it was already running.,
50004,0,,,,,,Windows 10,20H2,Pro,2022/04/19,19042.1645,IPMGM received a start request when it was already running.,
50004,0,,,,,,Windows 10,20H2,Pro,2022/01/11,19042.1466,IPMGM received a start request when it was already running.,
50004,0,,,,,,Windows 10,2004,Pro,2021/05/11,19041.985,IPMGM received a start request when it was already running.,
50004,0,,,,,,Windows 10,20H2,Pro,2021/05/11,19041.985,IPMGM received a start request when it was already running.,
50004,0,,,,,,Windows 10,2004,Pro,2021/04/13,19041.928,IPMGM received a start request when it was already running.,
50004,0,,,,,,Windows 10,20H2,Pro,2021/04/13,19041.928,IPMGM received a start request when it was already running.,
50004,0,,,,,,Windows 10,2004,Pro,2021/03/09,19041.867,IPMGM received a start request when it was already running.,
50004,0,,,,,,Windows 10,20H2,Pro,2021/03/09,19041.867,IPMGM received a start request when it was already running.,
50004,0,,,,,,Windows 10,2004,Pro,2021/02/09,19041.804,IPMGM received a start request when it was already running.,
50004,0,,,,,,Windows 10,20H2,Pro,2021/02/09,19041.804,IPMGM received a start request when it was already running.,
50004,0,,,,,,Windows 10,2004,Pro,2021/01/12,19041.746,IPMGM received a start request when it was already running.,
50004,0,,,,,,Windows 10,20H2,Pro,2021/01/12,19041.746,IPMGM received a start request when it was already running.,
50004,0,,,,,,Windows 10,2004,Pro,2020/12/08,19041.685,IPMGM received a start request when it was already running.,
50004,0,,,,,,Windows 10,20H2,Pro,2020/12/08,19041.685,IPMGM received a start request when it was already running.,
50004,0,,,,,,Windows 10,20H2,Pro,2020/11/19,19041.631,IPMGM received a start request when it was already running.,
50004,0,,,,,,Windows 10,2004,Pro,2020/11/10,19041.63,IPMGM received a start request when it was already running.,
50004,0,,,,,,Windows 10,2004,Pro,2020/10/13,19041.572,IPMGM received a start request when it was already running.,
50004,0,,,,,,Windows 10,2004,Pro,2020/09/08,19041.508,IPMGM received a start request when it was already running.,
50004,0,,,,,,Windows 10,2004,Pro,2020/08/11,19041.45,IPMGM received a start request when it was already running.,
50004,0,,,,,,Windows 10,2004,Pro,2020/07/14,19041.388,IPMGM received a start request when it was already running.,
50004,0,,,,,,Windows 10,2004,Pro,2020/06/09,19041.329,IPMGM received a start request when it was already running.,
50004,0,,,,,,Windows 10,2004,Pro,2020/05/27,19041.264,IPMGM received a start request when it was already running.,
50004,0,,,,,,Windows 10,2004,Pro,2020/04/16,19041.208,IPMGM received a start request when it was already running.,
50004,0,,,,,,Windows 10,21H1,Pro,2022/03/15,19041.1586,IPMGM received a start request when it was already running.,
50004,0,,,,,,Windows 10,20H2,Pro,2022/03/15,19041.1586,IPMGM received a start request when it was already running.,
50004,0,,,,,,Windows 10,21H2,Pro,2022/03/15,19041.1586,IPMGM received a start request when it was already running.,
50004,0,,,,,,Windows 10,21H1,Pro,2022/02/15,19041.1526,IPMGM received a start request when it was already running.,
50004,0,,,,,,Windows 10,20H2,Pro,2022/02/15,19041.1526,IPMGM received a start request when it was already running.,
50004,0,,,,,,Windows 10,21H2,Pro,2022/02/15,19041.1526,IPMGM received a start request when it was already running.,
50004,0,,,,,,Windows 10,20H2,Pro,2021/12/14,19041.1415,IPMGM received a start request when it was already running.,
50004,0,,,,,,Windows 10,2004,Pro,2021/11/09,19041.1348,IPMGM received a start request when it was already running.,
50004,0,,,,,,Windows 10,20H2,Pro,2021/11/09,19041.1348,IPMGM received a start request when it was already running.,
50004,0,,,,,,Windows 10,2004,Pro,2021/10/12,19041.1288,IPMGM received a start request when it was already running.,
50004,0,,,,,,Windows 10,20H2,Pro,2021/10/12,19041.1288,IPMGM received a start request when it was already running.,
50004,0,,,,,,Windows 10,2004,Pro,2021/09/14,19041.1237,IPMGM received a start request when it was already running.,
50004,0,,,,,,Windows 10,20H2,Pro,2021/09/14,19041.1237,IPMGM received a start request when it was already running.,
50004,0,,,,,,Windows 10,2004,Pro,2021/08/10,19041.1165,IPMGM received a start request when it was already running.,
50004,0,,,,,,Windows 10,20H2,Pro,2021/08/10,19041.1165,IPMGM received a start request when it was already running.,
50004,0,,,,,,Windows 10,2004,Pro,2021/07/13,19041.111,IPMGM received a start request when it was already running.,
50004,0,,,,,,Windows 10,20H2,Pro,2021/07/13,19041.111,IPMGM received a start request when it was already running.,
50004,0,,,,,,Windows 10,2004,Pro,2021/06/08,19041.1052,IPMGM received a start request when it was already running.,
50004,0,,,,,,Windows 10,20H2,Pro,2021/06/08,19041.1052,IPMGM received a start request when it was already running.,
50004,0,,,,,,Windows 10,1909,Pro,2020/07/14,18363.959,IPMGM received a start request when it was already running.,
50004,0,,,,,,Windows 10,1909,Pro,2020/06/09,18363.9,IPMGM received a start request when it was already running.,
50004,0,,,,,,Windows 10,1909,Pro,2020/05/12,18363.836,IPMGM received a start request when it was already running.,
50004,0,,,,,,Windows 10,1909,Pro,2020/04/14,18363.778,IPMGM received a start request when it was already running.,
50004,0,,,,,,Windows 10,1909,Pro,2020/03/12,18363.72,IPMGM received a start request when it was already running.,
50004,0,,,,,,Windows 10,1909,Pro,2020/02/11,18363.657,IPMGM received a start request when it was already running.,
50004,0,,,,,,Windows 10,1909,Pro,2020/01/14,18363.592,IPMGM received a start request when it was already running.,
50004,0,,,,,,Windows 10,1909,Pro,2019/12/10,18363.535,IPMGM received a start request when it was already running.,
50004,0,,,,,,Windows 10,1909,Pro,2019/10/05,18363.418,IPMGM received a start request when it was already running.,
50004,0,,,,,,Windows 10,1909,Pro,2021/06/08,18363.1621,IPMGM received a start request when it was already running.,
50004,0,,,,,,Windows 10,1909,Pro,2021/05/11,18363.1556,IPMGM received a start request when it was already running.,
50004,0,,,,,,Windows 10,1909,Pro,2021/04/13,18363.15,IPMGM received a start request when it was already running.,
50004,0,,,,,,Windows 10,1909,Pro,2021/03/09,18363.144,IPMGM received a start request when it was already running.,
50004,0,,,,,,Windows 10,1909,Pro,2021/02/11,18363.1379,IPMGM received a start request when it was already running.,
50004,0,,,,,,Windows 10,1909,Pro,2021/01/12,18363.1316,IPMGM received a start request when it was already running.,
50004,0,,,,,,Windows 10,1909,Pro,2020/12/08,18363.1256,IPMGM received a start request when it was already running.,
50004,0,,,,,,Windows 10,1909,Pro,2020/11/10,18363.1198,IPMGM received a start request when it was already running.,
50004,0,,,,,,Windows 10,1909,Pro,2020/10/13,18363.1139,IPMGM received a start request when it was already running.,
50004,0,,,,,,Windows 10,1909,Pro,2020/09/08,18363.1082,IPMGM received a start request when it was already running.,
50004,0,,,,,,Windows 10,1909,Pro,2020/08/11,18363.1016,IPMGM received a start request when it was already running.,
50004,0,,,,,,Windows 10,1903,Pro,2020/07/14,18362.959,IPMGM received a start request when it was already running.,
50004,0,,,,,,Windows 10,1903,Pro,2020/05/12,18362.836,IPMGM received a start request when it was already running.,
50004,0,,,,,,Windows 10,1903,Pro,2020/03/12,18362.72,IPMGM received a start request when it was already running.,
50004,0,,,,,,Windows 10,1903,Pro,2020/02/11,18362.657,IPMGM received a start request when it was already running.,
50004,0,,,,,,Windows 10,1903,Pro,2019/12/10,18362.535,IPMGM received a start request when it was already running.,
50004,0,,,,,,Windows 10,1903,Pro,2019/11/12,18362.476,IPMGM received a start request when it was already running.,
50004,0,,,,,,Windows 10,1903,Pro,2019/09/10,18362.356,IPMGM received a start request when it was already running.,
50004,0,,,,,,Windows 10,1903,Pro,2019/03/29,18362.3,IPMGM received a start request when it was already running.,
50004,0,,,,,,Windows 10,1903,Pro,2019/07/09,18362.239,IPMGM received a start request when it was already running.,
50004,0,,,,,,Windows 10,1903,Pro,2019/06/11,18362.175,IPMGM received a start request when it was already running.,
50004,0,,,,,,Windows 10,1903,Pro,2020/12/08,18362.1256,IPMGM received a start request when it was already running.,
50004,0,,,,,,Windows 10,1903,Pro,2020/11/10,18362.1198,IPMGM received a start request when it was already running.,
50004,0,,,,,,Windows 10,1903,Pro,2020/10/13,18362.1139,IPMGM received a start request when it was already running.,
50004,0,,,,,,Windows 10,1903,Pro,2020/09/08,18362.1082,IPMGM received a start request when it was already running.,
50004,0,,,,,,Windows 10,1903,Pro,2019/12/10,18362.1016,IPMGM received a start request when it was already running.,
50004,0,,,,,,Windows 10,1809,Pro,2020/01/14,17763.973,IPMGM received a start request when it was already running.,
50004,0,,,,,,Windows Server 2019,1809,Standard,2020/01/14,17763.973,IPMGM received a start request when it was already running.,
50004,0,,,,,,Windows 10,1809,Pro,2019/12/10,17763.914,IPMGM received a start request when it was already running.,
50004,0,,,,,,Windows Server 2019,1809,Standard,2019/12/10,17763.914,IPMGM received a start request when it was already running.,
50004,0,,,,,,Windows 10,1809,Pro,2019/11/12,17763.864,IPMGM received a start request when it was already running.,
50004,0,,,,,,Windows Server 2019,1809,Standard,2019/11/12,17763.864,IPMGM received a start request when it was already running.,
50004,0,,,,,,Windows 10,1809,Pro,2019/10/08,17763.805,IPMGM received a start request when it was already running.,
50004,0,,,,,,Windows 10,1809,Pro,2019/09/10,17763.737,IPMGM received a start request when it was already running.,
50004,0,,,,,,Windows Server 2019,1809,Standard,2019/09/10,17763.737,IPMGM received a start request when it was already running.,
50004,0,,,,,,Windows 10,1809,Pro,2019/08/13,17763.678,IPMGM received a start request when it was already running.,
50004,0,,,,,,Windows Server 2019,1809,Standard,2019/08/13,17763.678,IPMGM received a start request when it was already running.,
50004,0,,,,,,Windows 10,1809,Pro,2019/07/09,17763.615,IPMGM received a start request when it was already running.,
50004,0,,,,,,Windows 10,1809,Pro,2019/06/11,17763.557,IPMGM received a start request when it was already running.,
50004,0,,,,,,Windows 10,1809,Pro,2019/05/19,17763.504,IPMGM received a start request when it was already running.,
50004,0,,,,,,Windows 10,1809,Pro,2019/04/09,17763.437,IPMGM received a start request when it was already running.,
50004,0,,,,,,Windows 10,1809,Pro,2019/03/12,17763.379,IPMGM received a start request when it was already running.,
50004,0,,,,,,Windows Server 2019,1809,Standard,2019/03/12,17763.379,IPMGM received a start request when it was already running.,
50004,0,,,,,,Windows Server 2019,1809,Standard,2022/11/15,17763.365,IPMGM received a start request when it was already running.,
50004,0,,,,,,Windows 10,1809,Pro,2019/02/12,17763.316,IPMGM received a start request when it was already running.,
50004,0,,,,,,Windows 10,1803,Pro,2019/01/08,17763.253,IPMGM received a start request when it was already running.,
50004,0,,,,,,Windows Server 2019,1809,Standard,2021/08/10,17763.2114,IPMGM received a start request when it was already running.,
50004,0,,,,,,Windows Server 2019,1809,Standard,2021/07/13,17763.2061,IPMGM received a start request when it was already running.,
50004,0,,,,,,Windows Server 2019,1809,Standard,2021/06/08,17763.1999,IPMGM received a start request when it was already running.,
50004,0,,,,,,Windows 10,1809,Pro,2018/12/11,17763.194,IPMGM received a start request when it was already running.,
50004,0,,,,,,Windows Server 2019,1809,Standard,2021/05/11,17763.1935,IPMGM received a start request when it was already running.,
50004,0,,,,,,Windows Server 2019,1809,Standard,2021/04/13,17763.1879,IPMGM received a start request when it was already running.,
50004,0,,,,,,Windows Server 2019,1809,Standard,2021/03/09,17763.1817,IPMGM received a start request when it was already running.,
50004,0,,,,,,Windows Server 2019,1809,Standard,2021/02/09,17763.1757,IPMGM received a start request when it was already running.,
50004,0,,,,,,Windows Server 2019,1809,Standard,2021/01/12,17763.1697,IPMGM received a start request when it was already running.,
50004,0,,,,,,Windows Server 2019,1809,Standard,2020/12/08,17763.1637,IPMGM received a start request when it was already running.,
50004,0,,,,,,Windows 10,1809,Pro,2020/11/10,17763.1577,IPMGM received a start request when it was already running.,
50004,0,,,,,,Windows Server 2019,1809,Standard,2020/11/10,17763.1577,IPMGM received a start request when it was already running.,
50004,0,,,,,,Windows 10,1809,Pro,2020/10/13,17763.1518,IPMGM received a start request when it was already running.,
50004,0,,,,,,Windows Server 2019,1809,Standard,2020/10/13,17763.1518,IPMGM received a start request when it was already running.,
50004,0,,,,,,Windows 10,1809,Pro,2020/09/08,17763.1457,IPMGM received a start request when it was already running.,
50004,0,,,,,,Windows Server 2019,1809,Standard,2020/09/10,17763.1457,IPMGM received a start request when it was already running.,
50004,0,,,,,,Windows 10,1809,Pro,2020/08/11,17763.1397,IPMGM received a start request when it was already running.,
50004,0,,,,,,Windows Server 2019,1809,Standard,2020/08/11,17763.1397,IPMGM received a start request when it was already running.,
50004,0,,,,,,Windows 10,1809,Pro,2020/07/14,17763.1339,IPMGM received a start request when it was already running.,
50004,0,,,,,,Windows Server 2019,1809,Standard,2020/07/14,17763.1339,IPMGM received a start request when it was already running.,
50004,0,,,,,,Windows 10,1809,Pro,2020/06/09,17763.1282,IPMGM received a start request when it was already running.,
50004,0,,,,,,Windows Server 2019,1809,Standard,2020/06/09,17763.1282,IPMGM received a start request when it was already running.,
50004,0,,,,,,Windows 10,1809,Pro,2020/05/12,17763.1217,IPMGM received a start request when it was already running.,
50004,0,,,,,,Windows Server 2019,1809,Standard,2020/05/12,17763.1217,IPMGM received a start request when it was already running.,
50004,0,,,,,,Windows 10,1809,Pro,2020/04/14,17763.1158,IPMGM received a start request when it was already running.,
50004,0,,,,,,Windows Server 2019,1809,Standard,2020/04/14,17763.1158,IPMGM received a start request when it was already running.,
50004,0,,,,,,Windows 10,1809,Pro,2020/03/12,17763.1098,IPMGM received a start request when it was already running.,
50004,0,,,,,,Windows Server 2019,1809,Standard,2020/03/10,17763.1098,IPMGM received a start request when it was already running.,
50004,0,,,,,,Windows 10,1809,Pro,2018/11/13,17763.107,IPMGM received a start request when it was already running.,
50004,0,,,,,,Windows Server 2019,1809,Standard,2018/11/13,17763.107,IPMGM received a start request when it was already running.,
50004,0,,,,,,Windows 10,1809,Pro,2020/02/11,17763.1039,IPMGM received a start request when it was already running.,
50004,0,,,,,,Windows Server 2019,1809,Standard,2020/02/11,17763.1039,IPMGM received a start request when it was already running.,
50004,0,,,,,,Windows 10,1803,Pro,2019/08/13,17134.95,IPMGM received a start request when it was already running.,
50004,0,,,,,,Windows 10,1803,Pro,2019/07/09,17134.885,IPMGM received a start request when it was already running.,
50004,0,,,,,,Windows 10,1803,Pro,2019/06/11,17134.829,IPMGM received a start request when it was already running.,
50004,0,,,,,,Windows 10,1803,Pro,2019/05/19,17134.766,IPMGM received a start request when it was already running.,
50004,0,,,,,,Windows 10,1803,Pro,2019/04/09,17134.706,IPMGM received a start request when it was already running.,
50004,0,,,,,,Windows 10,1803,Pro,2019/03/12,17134.648,IPMGM received a start request when it was already running.,
50004,0,,,,,,Windows 10,1803,Pro,2019/01/08,17134.523,IPMGM received a start request when it was already running.,
50004,0,,,,,,Windows 10,1803,Pro,2018/09/11,17134.285,IPMGM received a start request when it was already running.,
50004,0,,,,,,Windows 10,1803,Pro,2018/08/14,17134.228,IPMGM received a start request when it was already running.,
50004,0,,,,,,Windows 10,1803,Pro,2018/06/12,17134.112,IPMGM received a start request when it was already running.,
50004,0,,,,,,Windows 10,1803,Pro,2019/09/10,17134.1006,IPMGM received a start request when it was already running.,
50004,0,,,,,,Windows 10,1803,Pro,1970/01/01,17134.1,IPMGM received a start request when it was already running.,
50004,0,,,,,,Windows 10,1709,Pro,2017/11/14,16299.64,IPMGM received a start request when it was already running.,
50004,0,,,,,,Windows 10,1709,Pro,2017/11/14,16299.15,IPMGM received a start request when it was already running.,
50004,0,,,,,,Windows 10,1709,Pro,2017/12/12,16299.125,IPMGM received a start request when it was already running.,
50004,0,,,,,,Windows 10,1703,Pro,2017/07/11,15063.483,IPMGM received a start request when it was already running.,
50004,0,,,,,,Windows 10,1703,Pro,2017/06/13,15063.413,IPMGM received a start request when it was already running.,
50004,0,,,,,,Windows 10,1703,Pro,2017/03/20,15063.0,IPMGM received a start request when it was already running.,
50004,0,,,,,,Windows 10,1607,Pro,2016/11/08,14393.447,IPMGM received a start request when it was already running.,
50004,0,,,,,,Windows Server 2016,1607,Standard,2016/11/08,14393.447,IPMGM received a start request when it was already running.,
50004,0,,,,,,Windows Server 2016,1607,Standard,2017/11/14,14393.1884,IPMGM received a start request when it was already running.,
50004,0,,,,,,Windows Server 2016,1607,Standard,2016/10/12,14393.0,IPMGM received a start request when it was already running.,
50004,0,,,,,,Windows 10,1511,Pro,2016/03/08,10586.164,IPMGM received a start request when it was already running.,
50004,0,,,,,,Windows 10,1511,Enterprise,2016/02/09,10586.104,IPMGM received a start request when it was already running.,
50004,0,,,,,,Windows 10,1511,Pro,1970/01/01,10586.0,IPMGM received a start request when it was already running.,
50004,0,,,,,,Windows 10,1507,Pro,2015/07/29,10240.0,IPMGM received a start request when it was already running.,
50004,0,,,,,,Windows 8.1,8.1,Pro,1970/01/01,9600.0,IPMGM received a start request when it was already running.,
50004,0,,,,,,Windows 8,8,Pro,1970/01/01,9200.0,IPMGM received a start request when it was already running.,
50004,0,,,,,,Windows Server 2008R2,SP1,Standard,2011/02/09,7601.0,IPMGM received a start request when it was already running.,
50004,0,,,,,,Windows 7,SP1,Ultimate,1970/01/01,7601.0,IPMGM received a start request when it was already running.,
50004,0,,,,,,Windows Server 2008,SP2,Standard,2009/05/26,6002.0,IPMGM received a start request when it was already running.,
50005,0,,,,,,Windows 11,24H2,Pro,2024/10/2,26100.1742,IPMGM was unable to create a synchronization object. The data is the error code.,
50005,0,,,,,,Windows 11,22H2,Pro,2022/12/20,22621.963,IPMGM was unable to create a synchronization object. The data is the error code.,
50005,0,,,,,,Windows 11,22H2,Pro,2022/11/15,22621.819,IPMGM was unable to create a synchronization object. The data is the error code.,
50005,0,,,,,,Windows 11,22H2,Pro,2022/10/18,22621.674,IPMGM was unable to create a synchronization object. The data is the error code.,
50005,0,,,,,,Windows 11,22H2,Pro,2022/09/20,22621.382,IPMGM was unable to create a synchronization object. The data is the error code.,
50005,0,,,,,,Windows 11,22H2,Pro,2023/03/21,22621.1413,IPMGM was unable to create a synchronization object. The data is the error code.,
50005,0,,,,,,Windows 11,22H2,Pro,2023/02/21,22621.1265,IPMGM was unable to create a synchronization object. The data is the error code.,
50005,0,,,,,,Windows 11,22H2,Pro,2023/01/17,22621.1105,IPMGM was unable to create a synchronization object. The data is the error code.,
50005,0,,,,,,Windows 11,21H2,Pro,2022/09/20,22000.978,IPMGM was unable to create a synchronization object. The data is the error code.,
50005,0,,,,,,Windows 11,21H2,Pro,2022/08/16,22000.856,IPMGM was unable to create a synchronization object. The data is the error code.,
50005,0,,,,,,Windows 11,21H2,Pro,2022/07/19,22000.795,IPMGM was unable to create a synchronization object. The data is the error code.,
50005,0,,,,,,Windows 11,21H2,Pro,2022/06/21,22000.739,IPMGM was unable to create a synchronization object. The data is the error code.,
50005,0,,,,,,Windows 11,21H2,Pro,2022/05/17,22000.675,IPMGM was unable to create a synchronization object. The data is the error code.,
50005,0,,,,,,Windows 11,21H2,Pro,2022/04/19,22000.613,IPMGM was unable to create a synchronization object. The data is the error code.,
50005,0,,,,,,Windows 11,21H2,Pro,2022/03/15,22000.556,IPMGM was unable to create a synchronization object. The data is the error code.,
50005,0,,,,,,Windows 11,21H2,Pro,2022/02/15,22000.493,IPMGM was unable to create a synchronization object. The data is the error code.,
50005,0,,,,,,Windows 11,21H2,Pro,2022/01/11,22000.434,IPMGM was unable to create a synchronization object. The data is the error code.,
50005,0,,,,,,Windows 11,21H2,Pro,2021/12/14,22000.376,IPMGM was unable to create a synchronization object. The data is the error code.,
50005,0,,,,,,Windows 11,21H2,Pro,2021/11/09,22000.318,IPMGM was unable to create a synchronization object. The data is the error code.,
50005,0,,,,,,Windows 11,21H2,Pro,2021/09/16,22000.194,IPMGM was unable to create a synchronization object. The data is the error code.,
50005,0,,,,,,Windows 11,21H2,Pro,2023/03/21,22000.1696,IPMGM was unable to create a synchronization object. The data is the error code.,
50005,0,,,,,,Windows 11,21H2,Pro,2023/02/21,22000.1574,IPMGM was unable to create a synchronization object. The data is the error code.,
50005,0,,,,,,Windows 11,21H2,Pro,2023/01/17,22000.1455,IPMGM was unable to create a synchronization object. The data is the error code.,
50005,0,,,,,,Windows 11,21H2,Pro,2022/12/20,22000.1335,IPMGM was unable to create a synchronization object. The data is the error code.,
50005,0,,,,,,Windows 11,21H2,Pro,2022/11/15,22000.1219,IPMGM was unable to create a synchronization object. The data is the error code.,
50005,0,,,,,,Windows 11,21H2,Pro,2022/10/18,22000.1098,IPMGM was unable to create a synchronization object. The data is the error code.,
50005,0,,,,,,Windows 11,21H2,Pro-Dev,1970/01/01,21996.1,IPMGM was unable to create a synchronization object. The data is the error code.,
50005,0,,,,,,Windows Server 2022,21H2,Standard,2022/08/16,20348.887,IPMGM was unable to create a synchronization object. The data is the error code.,
50005,0,,,,,,Windows Server 2022,21H2,Standard,2022/07/19,20348.825,IPMGM was unable to create a synchronization object. The data is the error code.,
50005,0,,,,,,Windows Server 2022,21H2,Standard,2022/06/21,20348.768,IPMGM was unable to create a synchronization object. The data is the error code.,
50005,0,,,,,,Windows Server 2022,21H2,Standard,2022/05/17,20348.707,IPMGM was unable to create a synchronization object. The data is the error code.,
50005,0,,,,,,Windows Server 2022,21H2,Standard,2022/04/19,20348.643,IPMGM was unable to create a synchronization object. The data is the error code.,
50005,0,,,,,,Windows Server 2022,21H2,Standard,2022/02/15,20348.587,IPMGM was unable to create a synchronization object. The data is the error code.,
50005,0,,,,,,Windows Server 2022,21H2,Standard,2022/02/15,20348.524,IPMGM was unable to create a synchronization object. The data is the error code.,
50005,0,,,,,,Windows Server 2022,21H2,Standard,2022/01/11,20348.469,IPMGM was unable to create a synchronization object. The data is the error code.,
50005,0,,,,,,Windows Server 2022,21H2,Standard,2021/12/08,20348.405,IPMGM was unable to create a synchronization object. The data is the error code.,
50005,0,,,,,,Windows Server 2022,21H2,Standard,2021/11/09,20348.35,IPMGM was unable to create a synchronization object. The data is the error code.,
50005,0,,,,,,Windows Server 2022,21H2,Standard,2021/10/12,20348.288,IPMGM was unable to create a synchronization object. The data is the error code.,
50005,0,,,,,,Windows Server 2022,21H2,Standard,2021/09/14,20348.23,IPMGM was unable to create a synchronization object. The data is the error code.,
50005,0,,,,,,Windows Server 2022,21H2,Standard,2021/08/18,20348.169,IPMGM was unable to create a synchronization object. The data is the error code.,
50005,0,,,,,,Windows Server 2022,21H2,Standard,2023/03/21,20348.1607,IPMGM was unable to create a synchronization object. The data is the error code.,
50005,0,,,,,,Windows Server 2022,21H2,Standard,2023/02/21,20348.1547,IPMGM was unable to create a synchronization object. The data is the error code.,
50005,0,,,,,,Windows Server 2022,21H2,Standard,2023/01/17,20348.1487,IPMGM was unable to create a synchronization object. The data is the error code.,
50005,0,,,,,,Windows Server 2022,21H2,Standard,2022/12/20,20348.1366,IPMGM was unable to create a synchronization object. The data is the error code.,
50005,0,,,,,,Windows Server 2022,21H2,Standard,2022/11/15,20348.1249,IPMGM was unable to create a synchronization object. The data is the error code.,
50005,0,,,,,,Windows Server 2022,21H2,Standard,2022/10/18,20348.1129,IPMGM was unable to create a synchronization object. The data is the error code.,
50005,0,,,,,,Windows Server 2022,21H2,Standard,2022/09/20,20348.1006,IPMGM was unable to create a synchronization object. The data is the error code.,
50005,0,,,,,,Windows 10,22H2,Pro,2023/03/21,19045.2728,IPMGM was unable to create a synchronization object. The data is the error code.,
50005,0,,,,,,Windows 10,22H2,Pro,2023/02/21,19045.2604,IPMGM was unable to create a synchronization object. The data is the error code.,
50005,0,,,,,,Windows 10,22H2,Pro,2023/01/17,19045.2486,IPMGM was unable to create a synchronization object. The data is the error code.,
50005,0,,,,,,Windows 10,22H2,Pro,2022/12/20,19045.2364,IPMGM was unable to create a synchronization object. The data is the error code.,
50005,0,,,,,,Windows 10,22H2,Pro,2022/11/15,19045.2251,IPMGM was unable to create a synchronization object. The data is the error code.,
50005,0,,,,,,Windows 10,21H2,Pro,2023/03/21,19044.2728,IPMGM was unable to create a synchronization object. The data is the error code.,
50005,0,,,,,,Windows 10,21H2,Pro,2023/02/21,19044.2604,IPMGM was unable to create a synchronization object. The data is the error code.,
50005,0,,,,,,Windows 10,21H2,Pro,2023/01/17,19044.2486,IPMGM was unable to create a synchronization object. The data is the error code.,
50005,0,,,,,,Windows 10,21H2,Pro,2022/12/20,19044.2364,IPMGM was unable to create a synchronization object. The data is the error code.,
50005,0,,,,,,Windows 10,21H2,Pro,2022/11/15,19044.2251,IPMGM was unable to create a synchronization object. The data is the error code.,
50005,0,,,,,,Windows 10,21H2,Pro,2022/10/18,19044.213,IPMGM was unable to create a synchronization object. The data is the error code.,
50005,0,,,,,,Windows 10,21H2,Pro,2022/09/20,19044.2006,IPMGM was unable to create a synchronization object. The data is the error code.,
50005,0,,,,,,Windows 10,21H2,Pro,2022/08/16,19044.1889,IPMGM was unable to create a synchronization object. The data is the error code.,
50005,0,,,,,,Windows 10,21H2,Pro,2022/07/19,19044.1826,IPMGM was unable to create a synchronization object. The data is the error code.,
50005,0,,,,,,Windows 10,21H2,Pro,2022/06/21,19044.1766,IPMGM was unable to create a synchronization object. The data is the error code.,
50005,0,,,,,,Windows 10,21H2,Pro,2022/05/17,19044.1706,IPMGM was unable to create a synchronization object. The data is the error code.,
50005,0,,,,,,Windows 10,21H2,Pro,2022/04/19,19044.1645,IPMGM was unable to create a synchronization object. The data is the error code.,
50005,0,,,,,,Windows 10,21H2,Pro,2022/01/11,19044.1466,IPMGM was unable to create a synchronization object. The data is the error code.,
50005,0,,,,,,Windows 10,21H2,Pro,2021/10/12,19044.1288,IPMGM was unable to create a synchronization object. The data is the error code.,
50005,0,,,,,,Windows 10,21H1,Pro,2021/04/13,19043.928,IPMGM was unable to create a synchronization object. The data is the error code.,
50005,0,,,,,,Windows 10,21H1,Pro,2022/12/20,19043.2364,IPMGM was unable to create a synchronization object. The data is the error code.,
50005,0,,,,,,Windows 10,21H1,Pro,2022/11/15,19043.2251,IPMGM was unable to create a synchronization object. The data is the error code.,
50005,0,,,,,,Windows 10,21H1,Pro,2022/10/18,19043.213,IPMGM was unable to create a synchronization object. The data is the error code.,
50005,0,,,,,,Windows 10,21H1,Pro,2022/09/20,19043.2006,IPMGM was unable to create a synchronization object. The data is the error code.,
50005,0,,,,,,Windows 10,21H1,Pro,2022/08/16,19043.1889,IPMGM was unable to create a synchronization object. The data is the error code.,
50005,0,,,,,,Windows 10,21H1,Pro,2022/07/19,19043.1826,IPMGM was unable to create a synchronization object. The data is the error code.,
50005,0,,,,,,Windows 10,21H1,Pro,2022/06/21,19043.1766,IPMGM was unable to create a synchronization object. The data is the error code.,
50005,0,,,,,,Windows 10,21H1,Pro,2022/05/17,19043.1706,IPMGM was unable to create a synchronization object. The data is the error code.,
50005,0,,,,,,Windows 10,21H1,Pro,2022/04/19,19043.1645,IPMGM was unable to create a synchronization object. The data is the error code.,
50005,0,,,,,,Windows 10,21H1,Pro,2022/01/11,19043.1466,IPMGM was unable to create a synchronization object. The data is the error code.,
50005,0,,,,,,Windows 10,21H1,Pro,2021/12/14,19043.1415,IPMGM was unable to create a synchronization object. The data is the error code.,
50005,0,,,,,,Windows 10,21H2,Pro,2021/12/14,19043.1415,IPMGM was unable to create a synchronization object. The data is the error code.,
50005,0,,,,,,Windows 10,21H1,Pro,2021/11/09,19043.1348,IPMGM was unable to create a synchronization object. The data is the error code.,
50005,0,,,,,,Windows 10,21H1,Pro,2021/10/12,19043.1288,IPMGM was unable to create a synchronization object. The data is the error code.,
50005,0,,,,,,Windows 10,21H1,Pro,2021/09/14,19043.1237,IPMGM was unable to create a synchronization object. The data is the error code.,
50005,0,,,,,,Windows 10,21H1,Pro,2021/08/10,19043.1165,IPMGM was unable to create a synchronization object. The data is the error code.,
50005,0,,,,,,Windows 10,21H1,Pro,2021/07/13,19043.111,IPMGM was unable to create a synchronization object. The data is the error code.,
50005,0,,,,,,Windows 10,21H1,Pro,2021/06/08,19043.1052,IPMGM was unable to create a synchronization object. The data is the error code.,
50005,0,,,,,,Windows 10,20H2,Pro,2022/04/19,19042.1645,IPMGM was unable to create a synchronization object. The data is the error code.,
50005,0,,,,,,Windows 10,20H2,Pro,2022/01/11,19042.1466,IPMGM was unable to create a synchronization object. The data is the error code.,
50005,0,,,,,,Windows 10,2004,Pro,2021/05/11,19041.985,IPMGM was unable to create a synchronization object. The data is the error code.,
50005,0,,,,,,Windows 10,20H2,Pro,2021/05/11,19041.985,IPMGM was unable to create a synchronization object. The data is the error code.,
50005,0,,,,,,Windows 10,2004,Pro,2021/04/13,19041.928,IPMGM was unable to create a synchronization object. The data is the error code.,
50005,0,,,,,,Windows 10,20H2,Pro,2021/04/13,19041.928,IPMGM was unable to create a synchronization object. The data is the error code.,
50005,0,,,,,,Windows 10,2004,Pro,2021/03/09,19041.867,IPMGM was unable to create a synchronization object. The data is the error code.,
50005,0,,,,,,Windows 10,20H2,Pro,2021/03/09,19041.867,IPMGM was unable to create a synchronization object. The data is the error code.,
50005,0,,,,,,Windows 10,2004,Pro,2021/02/09,19041.804,IPMGM was unable to create a synchronization object. The data is the error code.,
50005,0,,,,,,Windows 10,20H2,Pro,2021/02/09,19041.804,IPMGM was unable to create a synchronization object. The data is the error code.,
50005,0,,,,,,Windows 10,2004,Pro,2021/01/12,19041.746,IPMGM was unable to create a synchronization object. The data is the error code.,
50005,0,,,,,,Windows 10,20H2,Pro,2021/01/12,19041.746,IPMGM was unable to create a synchronization object. The data is the error code.,
50005,0,,,,,,Windows 10,2004,Pro,2020/12/08,19041.685,IPMGM was unable to create a synchronization object. The data is the error code.,
50005,0,,,,,,Windows 10,20H2,Pro,2020/12/08,19041.685,IPMGM was unable to create a synchronization object. The data is the error code.,
50005,0,,,,,,Windows 10,20H2,Pro,2020/11/19,19041.631,IPMGM was unable to create a synchronization object. The data is the error code.,
50005,0,,,,,,Windows 10,2004,Pro,2020/11/10,19041.63,IPMGM was unable to create a synchronization object. The data is the error code.,
50005,0,,,,,,Windows 10,2004,Pro,2020/10/13,19041.572,IPMGM was unable to create a synchronization object. The data is the error code.,
50005,0,,,,,,Windows 10,2004,Pro,2020/09/08,19041.508,IPMGM was unable to create a synchronization object. The data is the error code.,
50005,0,,,,,,Windows 10,2004,Pro,2020/08/11,19041.45,IPMGM was unable to create a synchronization object. The data is the error code.,
50005,0,,,,,,Windows 10,2004,Pro,2020/07/14,19041.388,IPMGM was unable to create a synchronization object. The data is the error code.,
50005,0,,,,,,Windows 10,2004,Pro,2020/06/09,19041.329,IPMGM was unable to create a synchronization object. The data is the error code.,
50005,0,,,,,,Windows 10,2004,Pro,2020/05/27,19041.264,IPMGM was unable to create a synchronization object. The data is the error code.,
50005,0,,,,,,Windows 10,2004,Pro,2020/04/16,19041.208,IPMGM was unable to create a synchronization object. The data is the error code.,
50005,0,,,,,,Windows 10,21H1,Pro,2022/03/15,19041.1586,IPMGM was unable to create a synchronization object. The data is the error code.,
50005,0,,,,,,Windows 10,20H2,Pro,2022/03/15,19041.1586,IPMGM was unable to create a synchronization object. The data is the error code.,
50005,0,,,,,,Windows 10,21H2,Pro,2022/03/15,19041.1586,IPMGM was unable to create a synchronization object. The data is the error code.,
50005,0,,,,,,Windows 10,21H1,Pro,2022/02/15,19041.1526,IPMGM was unable to create a synchronization object. The data is the error code.,
50005,0,,,,,,Windows 10,20H2,Pro,2022/02/15,19041.1526,IPMGM was unable to create a synchronization object. The data is the error code.,
50005,0,,,,,,Windows 10,21H2,Pro,2022/02/15,19041.1526,IPMGM was unable to create a synchronization object. The data is the error code.,
50005,0,,,,,,Windows 10,20H2,Pro,2021/12/14,19041.1415,IPMGM was unable to create a synchronization object. The data is the error code.,
50005,0,,,,,,Windows 10,2004,Pro,2021/11/09,19041.1348,IPMGM was unable to create a synchronization object. The data is the error code.,
50005,0,,,,,,Windows 10,20H2,Pro,2021/11/09,19041.1348,IPMGM was unable to create a synchronization object. The data is the error code.,
50005,0,,,,,,Windows 10,2004,Pro,2021/10/12,19041.1288,IPMGM was unable to create a synchronization object. The data is the error code.,
50005,0,,,,,,Windows 10,20H2,Pro,2021/10/12,19041.1288,IPMGM was unable to create a synchronization object. The data is the error code.,
50005,0,,,,,,Windows 10,2004,Pro,2021/09/14,19041.1237,IPMGM was unable to create a synchronization object. The data is the error code.,
50005,0,,,,,,Windows 10,20H2,Pro,2021/09/14,19041.1237,IPMGM was unable to create a synchronization object. The data is the error code.,
50005,0,,,,,,Windows 10,2004,Pro,2021/08/10,19041.1165,IPMGM was unable to create a synchronization object. The data is the error code.,
50005,0,,,,,,Windows 10,20H2,Pro,2021/08/10,19041.1165,IPMGM was unable to create a synchronization object. The data is the error code.,
50005,0,,,,,,Windows 10,2004,Pro,2021/07/13,19041.111,IPMGM was unable to create a synchronization object. The data is the error code.,
50005,0,,,,,,Windows 10,20H2,Pro,2021/07/13,19041.111,IPMGM was unable to create a synchronization object. The data is the error code.,
50005,0,,,,,,Windows 10,2004,Pro,2021/06/08,19041.1052,IPMGM was unable to create a synchronization object. The data is the error code.,
50005,0,,,,,,Windows 10,20H2,Pro,2021/06/08,19041.1052,IPMGM was unable to create a synchronization object. The data is the error code.,
50005,0,,,,,,Windows 10,1909,Pro,2020/07/14,18363.959,IPMGM was unable to create a synchronization object. The data is the error code.,
50005,0,,,,,,Windows 10,1909,Pro,2020/06/09,18363.9,IPMGM was unable to create a synchronization object. The data is the error code.,
50005,0,,,,,,Windows 10,1909,Pro,2020/05/12,18363.836,IPMGM was unable to create a synchronization object. The data is the error code.,
50005,0,,,,,,Windows 10,1909,Pro,2020/04/14,18363.778,IPMGM was unable to create a synchronization object. The data is the error code.,
50005,0,,,,,,Windows 10,1909,Pro,2020/03/12,18363.72,IPMGM was unable to create a synchronization object. The data is the error code.,
50005,0,,,,,,Windows 10,1909,Pro,2020/02/11,18363.657,IPMGM was unable to create a synchronization object. The data is the error code.,
50005,0,,,,,,Windows 10,1909,Pro,2020/01/14,18363.592,IPMGM was unable to create a synchronization object. The data is the error code.,
50005,0,,,,,,Windows 10,1909,Pro,2019/12/10,18363.535,IPMGM was unable to create a synchronization object. The data is the error code.,
50005,0,,,,,,Windows 10,1909,Pro,2019/10/05,18363.418,IPMGM was unable to create a synchronization object. The data is the error code.,
50005,0,,,,,,Windows 10,1909,Pro,2021/06/08,18363.1621,IPMGM was unable to create a synchronization object. The data is the error code.,
50005,0,,,,,,Windows 10,1909,Pro,2021/05/11,18363.1556,IPMGM was unable to create a synchronization object. The data is the error code.,
50005,0,,,,,,Windows 10,1909,Pro,2021/04/13,18363.15,IPMGM was unable to create a synchronization object. The data is the error code.,
50005,0,,,,,,Windows 10,1909,Pro,2021/03/09,18363.144,IPMGM was unable to create a synchronization object. The data is the error code.,
50005,0,,,,,,Windows 10,1909,Pro,2021/02/11,18363.1379,IPMGM was unable to create a synchronization object. The data is the error code.,
50005,0,,,,,,Windows 10,1909,Pro,2021/01/12,18363.1316,IPMGM was unable to create a synchronization object. The data is the error code.,
50005,0,,,,,,Windows 10,1909,Pro,2020/12/08,18363.1256,IPMGM was unable to create a synchronization object. The data is the error code.,
50005,0,,,,,,Windows 10,1909,Pro,2020/11/10,18363.1198,IPMGM was unable to create a synchronization object. The data is the error code.,
50005,0,,,,,,Windows 10,1909,Pro,2020/10/13,18363.1139,IPMGM was unable to create a synchronization object. The data is the error code.,
50005,0,,,,,,Windows 10,1909,Pro,2020/09/08,18363.1082,IPMGM was unable to create a synchronization object. The data is the error code.,
50005,0,,,,,,Windows 10,1909,Pro,2020/08/11,18363.1016,IPMGM was unable to create a synchronization object. The data is the error code.,
50005,0,,,,,,Windows 10,1903,Pro,2020/07/14,18362.959,IPMGM was unable to create a synchronization object. The data is the error code.,
50005,0,,,,,,Windows 10,1903,Pro,2020/05/12,18362.836,IPMGM was unable to create a synchronization object. The data is the error code.,
50005,0,,,,,,Windows 10,1903,Pro,2020/03/12,18362.72,IPMGM was unable to create a synchronization object. The data is the error code.,
50005,0,,,,,,Windows 10,1903,Pro,2020/02/11,18362.657,IPMGM was unable to create a synchronization object. The data is the error code.,
50005,0,,,,,,Windows 10,1903,Pro,2019/12/10,18362.535,IPMGM was unable to create a synchronization object. The data is the error code.,
50005,0,,,,,,Windows 10,1903,Pro,2019/11/12,18362.476,IPMGM was unable to create a synchronization object. The data is the error code.,
50005,0,,,,,,Windows 10,1903,Pro,2019/09/10,18362.356,IPMGM was unable to create a synchronization object. The data is the error code.,
50005,0,,,,,,Windows 10,1903,Pro,2019/03/29,18362.3,IPMGM was unable to create a synchronization object. The data is the error code.,
50005,0,,,,,,Windows 10,1903,Pro,2019/07/09,18362.239,IPMGM was unable to create a synchronization object. The data is the error code.,
50005,0,,,,,,Windows 10,1903,Pro,2019/06/11,18362.175,IPMGM was unable to create a synchronization object. The data is the error code.,
50005,0,,,,,,Windows 10,1903,Pro,2020/12/08,18362.1256,IPMGM was unable to create a synchronization object. The data is the error code.,
50005,0,,,,,,Windows 10,1903,Pro,2020/11/10,18362.1198,IPMGM was unable to create a synchronization object. The data is the error code.,
50005,0,,,,,,Windows 10,1903,Pro,2020/10/13,18362.1139,IPMGM was unable to create a synchronization object. The data is the error code.,
50005,0,,,,,,Windows 10,1903,Pro,2020/09/08,18362.1082,IPMGM was unable to create a synchronization object. The data is the error code.,
50005,0,,,,,,Windows 10,1903,Pro,2019/12/10,18362.1016,IPMGM was unable to create a synchronization object. The data is the error code.,
50005,0,,,,,,Windows 10,1809,Pro,2020/01/14,17763.973,IPMGM was unable to create a synchronization object. The data is the error code.,
50005,0,,,,,,Windows Server 2019,1809,Standard,2020/01/14,17763.973,IPMGM was unable to create a synchronization object. The data is the error code.,
50005,0,,,,,,Windows 10,1809,Pro,2019/12/10,17763.914,IPMGM was unable to create a synchronization object. The data is the error code.,
50005,0,,,,,,Windows Server 2019,1809,Standard,2019/12/10,17763.914,IPMGM was unable to create a synchronization object. The data is the error code.,
50005,0,,,,,,Windows 10,1809,Pro,2019/11/12,17763.864,IPMGM was unable to create a synchronization object. The data is the error code.,
50005,0,,,,,,Windows Server 2019,1809,Standard,2019/11/12,17763.864,IPMGM was unable to create a synchronization object. The data is the error code.,
50005,0,,,,,,Windows 10,1809,Pro,2019/10/08,17763.805,IPMGM was unable to create a synchronization object. The data is the error code.,
50005,0,,,,,,Windows 10,1809,Pro,2019/09/10,17763.737,IPMGM was unable to create a synchronization object. The data is the error code.,
50005,0,,,,,,Windows Server 2019,1809,Standard,2019/09/10,17763.737,IPMGM was unable to create a synchronization object. The data is the error code.,
50005,0,,,,,,Windows 10,1809,Pro,2019/08/13,17763.678,IPMGM was unable to create a synchronization object. The data is the error code.,
50005,0,,,,,,Windows Server 2019,1809,Standard,2019/08/13,17763.678,IPMGM was unable to create a synchronization object. The data is the error code.,
50005,0,,,,,,Windows 10,1809,Pro,2019/07/09,17763.615,IPMGM was unable to create a synchronization object. The data is the error code.,
50005,0,,,,,,Windows 10,1809,Pro,2019/06/11,17763.557,IPMGM was unable to create a synchronization object. The data is the error code.,
50005,0,,,,,,Windows 10,1809,Pro,2019/05/19,17763.504,IPMGM was unable to create a synchronization object. The data is the error code.,
50005,0,,,,,,Windows 10,1809,Pro,2019/04/09,17763.437,IPMGM was unable to create a synchronization object. The data is the error code.,
50005,0,,,,,,Windows 10,1809,Pro,2019/03/12,17763.379,IPMGM was unable to create a synchronization object. The data is the error code.,
50005,0,,,,,,Windows Server 2019,1809,Standard,2019/03/12,17763.379,IPMGM was unable to create a synchronization object. The data is the error code.,
50005,0,,,,,,Windows Server 2019,1809,Standard,2022/11/15,17763.365,IPMGM was unable to create a synchronization object. The data is the error code.,
50005,0,,,,,,Windows 10,1809,Pro,2019/02/12,17763.316,IPMGM was unable to create a synchronization object. The data is the error code.,
50005,0,,,,,,Windows 10,1803,Pro,2019/01/08,17763.253,IPMGM was unable to create a synchronization object. The data is the error code.,
50005,0,,,,,,Windows Server 2019,1809,Standard,2021/08/10,17763.2114,IPMGM was unable to create a synchronization object. The data is the error code.,
50005,0,,,,,,Windows Server 2019,1809,Standard,2021/07/13,17763.2061,IPMGM was unable to create a synchronization object. The data is the error code.,
50005,0,,,,,,Windows Server 2019,1809,Standard,2021/06/08,17763.1999,IPMGM was unable to create a synchronization object. The data is the error code.,
50005,0,,,,,,Windows 10,1809,Pro,2018/12/11,17763.194,IPMGM was unable to create a synchronization object. The data is the error code.,
50005,0,,,,,,Windows Server 2019,1809,Standard,2021/05/11,17763.1935,IPMGM was unable to create a synchronization object. The data is the error code.,
50005,0,,,,,,Windows Server 2019,1809,Standard,2021/04/13,17763.1879,IPMGM was unable to create a synchronization object. The data is the error code.,
50005,0,,,,,,Windows Server 2019,1809,Standard,2021/03/09,17763.1817,IPMGM was unable to create a synchronization object. The data is the error code.,
50005,0,,,,,,Windows Server 2019,1809,Standard,2021/02/09,17763.1757,IPMGM was unable to create a synchronization object. The data is the error code.,
50005,0,,,,,,Windows Server 2019,1809,Standard,2021/01/12,17763.1697,IPMGM was unable to create a synchronization object. The data is the error code.,
50005,0,,,,,,Windows Server 2019,1809,Standard,2020/12/08,17763.1637,IPMGM was unable to create a synchronization object. The data is the error code.,
50005,0,,,,,,Windows 10,1809,Pro,2020/11/10,17763.1577,IPMGM was unable to create a synchronization object. The data is the error code.,
50005,0,,,,,,Windows Server 2019,1809,Standard,2020/11/10,17763.1577,IPMGM was unable to create a synchronization object. The data is the error code.,
50005,0,,,,,,Windows 10,1809,Pro,2020/10/13,17763.1518,IPMGM was unable to create a synchronization object. The data is the error code.,
50005,0,,,,,,Windows Server 2019,1809,Standard,2020/10/13,17763.1518,IPMGM was unable to create a synchronization object. The data is the error code.,
50005,0,,,,,,Windows 10,1809,Pro,2020/09/08,17763.1457,IPMGM was unable to create a synchronization object. The data is the error code.,
50005,0,,,,,,Windows Server 2019,1809,Standard,2020/09/10,17763.1457,IPMGM was unable to create a synchronization object. The data is the error code.,
50005,0,,,,,,Windows 10,1809,Pro,2020/08/11,17763.1397,IPMGM was unable to create a synchronization object. The data is the error code.,
50005,0,,,,,,Windows Server 2019,1809,Standard,2020/08/11,17763.1397,IPMGM was unable to create a synchronization object. The data is the error code.,
50005,0,,,,,,Windows 10,1809,Pro,2020/07/14,17763.1339,IPMGM was unable to create a synchronization object. The data is the error code.,
50005,0,,,,,,Windows Server 2019,1809,Standard,2020/07/14,17763.1339,IPMGM was unable to create a synchronization object. The data is the error code.,
50005,0,,,,,,Windows 10,1809,Pro,2020/06/09,17763.1282,IPMGM was unable to create a synchronization object. The data is the error code.,
50005,0,,,,,,Windows Server 2019,1809,Standard,2020/06/09,17763.1282,IPMGM was unable to create a synchronization object. The data is the error code.,
50005,0,,,,,,Windows 10,1809,Pro,2020/05/12,17763.1217,IPMGM was unable to create a synchronization object. The data is the error code.,
50005,0,,,,,,Windows Server 2019,1809,Standard,2020/05/12,17763.1217,IPMGM was unable to create a synchronization object. The data is the error code.,
50005,0,,,,,,Windows 10,1809,Pro,2020/04/14,17763.1158,IPMGM was unable to create a synchronization object. The data is the error code.,
50005,0,,,,,,Windows Server 2019,1809,Standard,2020/04/14,17763.1158,IPMGM was unable to create a synchronization object. The data is the error code.,
50005,0,,,,,,Windows 10,1809,Pro,2020/03/12,17763.1098,IPMGM was unable to create a synchronization object. The data is the error code.,
50005,0,,,,,,Windows Server 2019,1809,Standard,2020/03/10,17763.1098,IPMGM was unable to create a synchronization object. The data is the error code.,
50005,0,,,,,,Windows 10,1809,Pro,2018/11/13,17763.107,IPMGM was unable to create a synchronization object. The data is the error code.,
50005,0,,,,,,Windows Server 2019,1809,Standard,2018/11/13,17763.107,IPMGM was unable to create a synchronization object. The data is the error code.,
50005,0,,,,,,Windows 10,1809,Pro,2020/02/11,17763.1039,IPMGM was unable to create a synchronization object. The data is the error code.,
50005,0,,,,,,Windows Server 2019,1809,Standard,2020/02/11,17763.1039,IPMGM was unable to create a synchronization object. The data is the error code.,
50005,0,,,,,,Windows 10,1803,Pro,2019/08/13,17134.95,IPMGM was unable to create a synchronization object. The data is the error code.,
50005,0,,,,,,Windows 10,1803,Pro,2019/07/09,17134.885,IPMGM was unable to create a synchronization object. The data is the error code.,
50005,0,,,,,,Windows 10,1803,Pro,2019/06/11,17134.829,IPMGM was unable to create a synchronization object. The data is the error code.,
50005,0,,,,,,Windows 10,1803,Pro,2019/05/19,17134.766,IPMGM was unable to create a synchronization object. The data is the error code.,
50005,0,,,,,,Windows 10,1803,Pro,2019/04/09,17134.706,IPMGM was unable to create a synchronization object. The data is the error code.,
50005,0,,,,,,Windows 10,1803,Pro,2019/03/12,17134.648,IPMGM was unable to create a synchronization object. The data is the error code.,
50005,0,,,,,,Windows 10,1803,Pro,2019/01/08,17134.523,IPMGM was unable to create a synchronization object. The data is the error code.,
50005,0,,,,,,Windows 10,1803,Pro,2018/09/11,17134.285,IPMGM was unable to create a synchronization object. The data is the error code.,
50005,0,,,,,,Windows 10,1803,Pro,2018/08/14,17134.228,IPMGM was unable to create a synchronization object. The data is the error code.,
50005,0,,,,,,Windows 10,1803,Pro,2018/06/12,17134.112,IPMGM was unable to create a synchronization object. The data is the error code.,
50005,0,,,,,,Windows 10,1803,Pro,2019/09/10,17134.1006,IPMGM was unable to create a synchronization object. The data is the error code.,
50005,0,,,,,,Windows 10,1803,Pro,1970/01/01,17134.1,IPMGM was unable to create a synchronization object. The data is the error code.,
50005,0,,,,,,Windows 10,1709,Pro,2017/11/14,16299.64,IPMGM was unable to create a synchronization object. The data is the error code.,
50005,0,,,,,,Windows 10,1709,Pro,2017/11/14,16299.15,IPMGM was unable to create a synchronization object. The data is the error code.,
50005,0,,,,,,Windows 10,1709,Pro,2017/12/12,16299.125,IPMGM was unable to create a synchronization object. The data is the error code.,
50005,0,,,,,,Windows 10,1703,Pro,2017/07/11,15063.483,IPMGM was unable to create a synchronization object. The data is the error code.,
50005,0,,,,,,Windows 10,1703,Pro,2017/06/13,15063.413,IPMGM was unable to create a synchronization object. The data is the error code.,
50005,0,,,,,,Windows 10,1703,Pro,2017/03/20,15063.0,IPMGM was unable to create a synchronization object. The data is the error code.,
50005,0,,,,,,Windows 10,1607,Pro,2016/11/08,14393.447,IPMGM was unable to create a synchronization object. The data is the error code.,
50005,0,,,,,,Windows Server 2016,1607,Standard,2016/11/08,14393.447,IPMGM was unable to create a synchronization object. The data is the error code.,
50005,0,,,,,,Windows Server 2016,1607,Standard,2017/11/14,14393.1884,IPMGM was unable to create a synchronization object. The data is the error code.,
50005,0,,,,,,Windows Server 2016,1607,Standard,2016/10/12,14393.0,IPMGM was unable to create a synchronization object. The data is the error code.,
50005,0,,,,,,Windows 10,1511,Pro,2016/03/08,10586.164,IPMGM was unable to create a synchronization object. The data is the error code.,
50005,0,,,,,,Windows 10,1511,Enterprise,2016/02/09,10586.104,IPMGM was unable to create a synchronization object. The data is the error code.,
50005,0,,,,,,Windows 10,1511,Pro,1970/01/01,10586.0,IPMGM was unable to create a synchronization object. The data is the error code.,
50005,0,,,,,,Windows 10,1507,Pro,2015/07/29,10240.0,IPMGM was unable to create a synchronization object. The data is the error code.,
50005,0,,,,,,Windows 8.1,8.1,Pro,1970/01/01,9600.0,IPMGM was unable to create a synchronization object. The data is the error code.,
50005,0,,,,,,Windows 8,8,Pro,1970/01/01,9200.0,IPMGM was unable to create a synchronization object. The data is the error code.,
50005,0,,,,,,Windows Server 2008R2,SP1,Standard,2011/02/09,7601.0,IPMGM was unable to create a synchronization object. The data is the error code.,
50005,0,,,,,,Windows 7,SP1,Ultimate,1970/01/01,7601.0,IPMGM was unable to create a synchronization object. The data is the error code.,
50005,0,,,,,,Windows Server 2008,SP2,Standard,2009/05/26,6002.0,IPMGM was unable to create a synchronization object. The data is the error code.,
50006,0,,,,,,Windows 11,24H2,Pro,2024/10/2,26100.1742,IPMGM was unable to create an event. The data is the error code.,
50006,0,,,,,,Windows 11,22H2,Pro,2022/12/20,22621.963,IPMGM was unable to create an event. The data is the error code.,
50006,0,,,,,,Windows 11,22H2,Pro,2022/11/15,22621.819,IPMGM was unable to create an event. The data is the error code.,
50006,0,,,,,,Windows 11,22H2,Pro,2022/10/18,22621.674,IPMGM was unable to create an event. The data is the error code.,
50006,0,,,,,,Windows 11,22H2,Pro,2022/09/20,22621.382,IPMGM was unable to create an event. The data is the error code.,
50006,0,,,,,,Windows 11,22H2,Pro,2023/03/21,22621.1413,IPMGM was unable to create an event. The data is the error code.,
50006,0,,,,,,Windows 11,22H2,Pro,2023/02/21,22621.1265,IPMGM was unable to create an event. The data is the error code.,
50006,0,,,,,,Windows 11,22H2,Pro,2023/01/17,22621.1105,IPMGM was unable to create an event. The data is the error code.,
50006,0,,,,,,Windows 11,21H2,Pro,2022/09/20,22000.978,IPMGM was unable to create an event. The data is the error code.,
50006,0,,,,,,Windows 11,21H2,Pro,2022/08/16,22000.856,IPMGM was unable to create an event. The data is the error code.,
50006,0,,,,,,Windows 11,21H2,Pro,2022/07/19,22000.795,IPMGM was unable to create an event. The data is the error code.,
50006,0,,,,,,Windows 11,21H2,Pro,2022/06/21,22000.739,IPMGM was unable to create an event. The data is the error code.,
50006,0,,,,,,Windows 11,21H2,Pro,2022/05/17,22000.675,IPMGM was unable to create an event. The data is the error code.,
50006,0,,,,,,Windows 11,21H2,Pro,2022/04/19,22000.613,IPMGM was unable to create an event. The data is the error code.,
50006,0,,,,,,Windows 11,21H2,Pro,2022/03/15,22000.556,IPMGM was unable to create an event. The data is the error code.,
50006,0,,,,,,Windows 11,21H2,Pro,2022/02/15,22000.493,IPMGM was unable to create an event. The data is the error code.,
50006,0,,,,,,Windows 11,21H2,Pro,2022/01/11,22000.434,IPMGM was unable to create an event. The data is the error code.,
50006,0,,,,,,Windows 11,21H2,Pro,2021/12/14,22000.376,IPMGM was unable to create an event. The data is the error code.,
50006,0,,,,,,Windows 11,21H2,Pro,2021/11/09,22000.318,IPMGM was unable to create an event. The data is the error code.,
50006,0,,,,,,Windows 11,21H2,Pro,2021/09/16,22000.194,IPMGM was unable to create an event. The data is the error code.,
50006,0,,,,,,Windows 11,21H2,Pro,2023/03/21,22000.1696,IPMGM was unable to create an event. The data is the error code.,
50006,0,,,,,,Windows 11,21H2,Pro,2023/02/21,22000.1574,IPMGM was unable to create an event. The data is the error code.,
50006,0,,,,,,Windows 11,21H2,Pro,2023/01/17,22000.1455,IPMGM was unable to create an event. The data is the error code.,
50006,0,,,,,,Windows 11,21H2,Pro,2022/12/20,22000.1335,IPMGM was unable to create an event. The data is the error code.,
50006,0,,,,,,Windows 11,21H2,Pro,2022/11/15,22000.1219,IPMGM was unable to create an event. The data is the error code.,
50006,0,,,,,,Windows 11,21H2,Pro,2022/10/18,22000.1098,IPMGM was unable to create an event. The data is the error code.,
50006,0,,,,,,Windows 11,21H2,Pro-Dev,1970/01/01,21996.1,IPMGM was unable to create an event. The data is the error code.,
50006,0,,,,,,Windows Server 2022,21H2,Standard,2022/08/16,20348.887,IPMGM was unable to create an event. The data is the error code.,
50006,0,,,,,,Windows Server 2022,21H2,Standard,2022/07/19,20348.825,IPMGM was unable to create an event. The data is the error code.,
50006,0,,,,,,Windows Server 2022,21H2,Standard,2022/06/21,20348.768,IPMGM was unable to create an event. The data is the error code.,
50006,0,,,,,,Windows Server 2022,21H2,Standard,2022/05/17,20348.707,IPMGM was unable to create an event. The data is the error code.,
50006,0,,,,,,Windows Server 2022,21H2,Standard,2022/04/19,20348.643,IPMGM was unable to create an event. The data is the error code.,
50006,0,,,,,,Windows Server 2022,21H2,Standard,2022/02/15,20348.587,IPMGM was unable to create an event. The data is the error code.,
50006,0,,,,,,Windows Server 2022,21H2,Standard,2022/02/15,20348.524,IPMGM was unable to create an event. The data is the error code.,
50006,0,,,,,,Windows Server 2022,21H2,Standard,2022/01/11,20348.469,IPMGM was unable to create an event. The data is the error code.,
50006,0,,,,,,Windows Server 2022,21H2,Standard,2021/12/08,20348.405,IPMGM was unable to create an event. The data is the error code.,
50006,0,,,,,,Windows Server 2022,21H2,Standard,2021/11/09,20348.35,IPMGM was unable to create an event. The data is the error code.,
50006,0,,,,,,Windows Server 2022,21H2,Standard,2021/10/12,20348.288,IPMGM was unable to create an event. The data is the error code.,
50006,0,,,,,,Windows Server 2022,21H2,Standard,2021/09/14,20348.23,IPMGM was unable to create an event. The data is the error code.,
50006,0,,,,,,Windows Server 2022,21H2,Standard,2021/08/18,20348.169,IPMGM was unable to create an event. The data is the error code.,
50006,0,,,,,,Windows Server 2022,21H2,Standard,2023/03/21,20348.1607,IPMGM was unable to create an event. The data is the error code.,
50006,0,,,,,,Windows Server 2022,21H2,Standard,2023/02/21,20348.1547,IPMGM was unable to create an event. The data is the error code.,
50006,0,,,,,,Windows Server 2022,21H2,Standard,2023/01/17,20348.1487,IPMGM was unable to create an event. The data is the error code.,
50006,0,,,,,,Windows Server 2022,21H2,Standard,2022/12/20,20348.1366,IPMGM was unable to create an event. The data is the error code.,
50006,0,,,,,,Windows Server 2022,21H2,Standard,2022/11/15,20348.1249,IPMGM was unable to create an event. The data is the error code.,
50006,0,,,,,,Windows Server 2022,21H2,Standard,2022/10/18,20348.1129,IPMGM was unable to create an event. The data is the error code.,
50006,0,,,,,,Windows Server 2022,21H2,Standard,2022/09/20,20348.1006,IPMGM was unable to create an event. The data is the error code.,
50006,0,,,,,,Windows 10,22H2,Pro,2023/03/21,19045.2728,IPMGM was unable to create an event. The data is the error code.,
50006,0,,,,,,Windows 10,22H2,Pro,2023/02/21,19045.2604,IPMGM was unable to create an event. The data is the error code.,
50006,0,,,,,,Windows 10,22H2,Pro,2023/01/17,19045.2486,IPMGM was unable to create an event. The data is the error code.,
50006,0,,,,,,Windows 10,22H2,Pro,2022/12/20,19045.2364,IPMGM was unable to create an event. The data is the error code.,
50006,0,,,,,,Windows 10,22H2,Pro,2022/11/15,19045.2251,IPMGM was unable to create an event. The data is the error code.,
50006,0,,,,,,Windows 10,21H2,Pro,2023/03/21,19044.2728,IPMGM was unable to create an event. The data is the error code.,
50006,0,,,,,,Windows 10,21H2,Pro,2023/02/21,19044.2604,IPMGM was unable to create an event. The data is the error code.,
50006,0,,,,,,Windows 10,21H2,Pro,2023/01/17,19044.2486,IPMGM was unable to create an event. The data is the error code.,
50006,0,,,,,,Windows 10,21H2,Pro,2022/12/20,19044.2364,IPMGM was unable to create an event. The data is the error code.,
50006,0,,,,,,Windows 10,21H2,Pro,2022/11/15,19044.2251,IPMGM was unable to create an event. The data is the error code.,
50006,0,,,,,,Windows 10,21H2,Pro,2022/10/18,19044.213,IPMGM was unable to create an event. The data is the error code.,
50006,0,,,,,,Windows 10,21H2,Pro,2022/09/20,19044.2006,IPMGM was unable to create an event. The data is the error code.,
50006,0,,,,,,Windows 10,21H2,Pro,2022/08/16,19044.1889,IPMGM was unable to create an event. The data is the error code.,
50006,0,,,,,,Windows 10,21H2,Pro,2022/07/19,19044.1826,IPMGM was unable to create an event. The data is the error code.,
50006,0,,,,,,Windows 10,21H2,Pro,2022/06/21,19044.1766,IPMGM was unable to create an event. The data is the error code.,
50006,0,,,,,,Windows 10,21H2,Pro,2022/05/17,19044.1706,IPMGM was unable to create an event. The data is the error code.,
50006,0,,,,,,Windows 10,21H2,Pro,2022/04/19,19044.1645,IPMGM was unable to create an event. The data is the error code.,
50006,0,,,,,,Windows 10,21H2,Pro,2022/01/11,19044.1466,IPMGM was unable to create an event. The data is the error code.,
50006,0,,,,,,Windows 10,21H2,Pro,2021/10/12,19044.1288,IPMGM was unable to create an event. The data is the error code.,
50006,0,,,,,,Windows 10,21H1,Pro,2021/04/13,19043.928,IPMGM was unable to create an event. The data is the error code.,
50006,0,,,,,,Windows 10,21H1,Pro,2022/12/20,19043.2364,IPMGM was unable to create an event. The data is the error code.,
50006,0,,,,,,Windows 10,21H1,Pro,2022/11/15,19043.2251,IPMGM was unable to create an event. The data is the error code.,
50006,0,,,,,,Windows 10,21H1,Pro,2022/10/18,19043.213,IPMGM was unable to create an event. The data is the error code.,
50006,0,,,,,,Windows 10,21H1,Pro,2022/09/20,19043.2006,IPMGM was unable to create an event. The data is the error code.,
50006,0,,,,,,Windows 10,21H1,Pro,2022/08/16,19043.1889,IPMGM was unable to create an event. The data is the error code.,
50006,0,,,,,,Windows 10,21H1,Pro,2022/07/19,19043.1826,IPMGM was unable to create an event. The data is the error code.,
50006,0,,,,,,Windows 10,21H1,Pro,2022/06/21,19043.1766,IPMGM was unable to create an event. The data is the error code.,
50006,0,,,,,,Windows 10,21H1,Pro,2022/05/17,19043.1706,IPMGM was unable to create an event. The data is the error code.,
50006,0,,,,,,Windows 10,21H1,Pro,2022/04/19,19043.1645,IPMGM was unable to create an event. The data is the error code.,
50006,0,,,,,,Windows 10,21H1,Pro,2022/01/11,19043.1466,IPMGM was unable to create an event. The data is the error code.,
50006,0,,,,,,Windows 10,21H1,Pro,2021/12/14,19043.1415,IPMGM was unable to create an event. The data is the error code.,
50006,0,,,,,,Windows 10,21H2,Pro,2021/12/14,19043.1415,IPMGM was unable to create an event. The data is the error code.,
50006,0,,,,,,Windows 10,21H1,Pro,2021/11/09,19043.1348,IPMGM was unable to create an event. The data is the error code.,
50006,0,,,,,,Windows 10,21H1,Pro,2021/10/12,19043.1288,IPMGM was unable to create an event. The data is the error code.,
50006,0,,,,,,Windows 10,21H1,Pro,2021/09/14,19043.1237,IPMGM was unable to create an event. The data is the error code.,
50006,0,,,,,,Windows 10,21H1,Pro,2021/08/10,19043.1165,IPMGM was unable to create an event. The data is the error code.,
50006,0,,,,,,Windows 10,21H1,Pro,2021/07/13,19043.111,IPMGM was unable to create an event. The data is the error code.,
50006,0,,,,,,Windows 10,21H1,Pro,2021/06/08,19043.1052,IPMGM was unable to create an event. The data is the error code.,
50006,0,,,,,,Windows 10,20H2,Pro,2022/04/19,19042.1645,IPMGM was unable to create an event. The data is the error code.,
50006,0,,,,,,Windows 10,20H2,Pro,2022/01/11,19042.1466,IPMGM was unable to create an event. The data is the error code.,
50006,0,,,,,,Windows 10,2004,Pro,2021/05/11,19041.985,IPMGM was unable to create an event. The data is the error code.,
50006,0,,,,,,Windows 10,20H2,Pro,2021/05/11,19041.985,IPMGM was unable to create an event. The data is the error code.,
50006,0,,,,,,Windows 10,2004,Pro,2021/04/13,19041.928,IPMGM was unable to create an event. The data is the error code.,
50006,0,,,,,,Windows 10,20H2,Pro,2021/04/13,19041.928,IPMGM was unable to create an event. The data is the error code.,
50006,0,,,,,,Windows 10,2004,Pro,2021/03/09,19041.867,IPMGM was unable to create an event. The data is the error code.,
50006,0,,,,,,Windows 10,20H2,Pro,2021/03/09,19041.867,IPMGM was unable to create an event. The data is the error code.,
50006,0,,,,,,Windows 10,2004,Pro,2021/02/09,19041.804,IPMGM was unable to create an event. The data is the error code.,
50006,0,,,,,,Windows 10,20H2,Pro,2021/02/09,19041.804,IPMGM was unable to create an event. The data is the error code.,
50006,0,,,,,,Windows 10,2004,Pro,2021/01/12,19041.746,IPMGM was unable to create an event. The data is the error code.,
50006,0,,,,,,Windows 10,20H2,Pro,2021/01/12,19041.746,IPMGM was unable to create an event. The data is the error code.,
50006,0,,,,,,Windows 10,2004,Pro,2020/12/08,19041.685,IPMGM was unable to create an event. The data is the error code.,
50006,0,,,,,,Windows 10,20H2,Pro,2020/12/08,19041.685,IPMGM was unable to create an event. The data is the error code.,
50006,0,,,,,,Windows 10,20H2,Pro,2020/11/19,19041.631,IPMGM was unable to create an event. The data is the error code.,
50006,0,,,,,,Windows 10,2004,Pro,2020/11/10,19041.63,IPMGM was unable to create an event. The data is the error code.,
50006,0,,,,,,Windows 10,2004,Pro,2020/10/13,19041.572,IPMGM was unable to create an event. The data is the error code.,
50006,0,,,,,,Windows 10,2004,Pro,2020/09/08,19041.508,IPMGM was unable to create an event. The data is the error code.,
50006,0,,,,,,Windows 10,2004,Pro,2020/08/11,19041.45,IPMGM was unable to create an event. The data is the error code.,
50006,0,,,,,,Windows 10,2004,Pro,2020/07/14,19041.388,IPMGM was unable to create an event. The data is the error code.,
50006,0,,,,,,Windows 10,2004,Pro,2020/06/09,19041.329,IPMGM was unable to create an event. The data is the error code.,
50006,0,,,,,,Windows 10,2004,Pro,2020/05/27,19041.264,IPMGM was unable to create an event. The data is the error code.,
50006,0,,,,,,Windows 10,2004,Pro,2020/04/16,19041.208,IPMGM was unable to create an event. The data is the error code.,
50006,0,,,,,,Windows 10,21H1,Pro,2022/03/15,19041.1586,IPMGM was unable to create an event. The data is the error code.,
50006,0,,,,,,Windows 10,20H2,Pro,2022/03/15,19041.1586,IPMGM was unable to create an event. The data is the error code.,
50006,0,,,,,,Windows 10,21H2,Pro,2022/03/15,19041.1586,IPMGM was unable to create an event. The data is the error code.,
50006,0,,,,,,Windows 10,21H1,Pro,2022/02/15,19041.1526,IPMGM was unable to create an event. The data is the error code.,
50006,0,,,,,,Windows 10,20H2,Pro,2022/02/15,19041.1526,IPMGM was unable to create an event. The data is the error code.,
50006,0,,,,,,Windows 10,21H2,Pro,2022/02/15,19041.1526,IPMGM was unable to create an event. The data is the error code.,
50006,0,,,,,,Windows 10,20H2,Pro,2021/12/14,19041.1415,IPMGM was unable to create an event. The data is the error code.,
50006,0,,,,,,Windows 10,2004,Pro,2021/11/09,19041.1348,IPMGM was unable to create an event. The data is the error code.,
50006,0,,,,,,Windows 10,20H2,Pro,2021/11/09,19041.1348,IPMGM was unable to create an event. The data is the error code.,
50006,0,,,,,,Windows 10,2004,Pro,2021/10/12,19041.1288,IPMGM was unable to create an event. The data is the error code.,
50006,0,,,,,,Windows 10,20H2,Pro,2021/10/12,19041.1288,IPMGM was unable to create an event. The data is the error code.,
50006,0,,,,,,Windows 10,2004,Pro,2021/09/14,19041.1237,IPMGM was unable to create an event. The data is the error code.,
50006,0,,,,,,Windows 10,20H2,Pro,2021/09/14,19041.1237,IPMGM was unable to create an event. The data is the error code.,
50006,0,,,,,,Windows 10,2004,Pro,2021/08/10,19041.1165,IPMGM was unable to create an event. The data is the error code.,
50006,0,,,,,,Windows 10,20H2,Pro,2021/08/10,19041.1165,IPMGM was unable to create an event. The data is the error code.,
50006,0,,,,,,Windows 10,2004,Pro,2021/07/13,19041.111,IPMGM was unable to create an event. The data is the error code.,
50006,0,,,,,,Windows 10,20H2,Pro,2021/07/13,19041.111,IPMGM was unable to create an event. The data is the error code.,
50006,0,,,,,,Windows 10,2004,Pro,2021/06/08,19041.1052,IPMGM was unable to create an event. The data is the error code.,
50006,0,,,,,,Windows 10,20H2,Pro,2021/06/08,19041.1052,IPMGM was unable to create an event. The data is the error code.,
50006,0,,,,,,Windows 10,1909,Pro,2020/07/14,18363.959,IPMGM was unable to create an event. The data is the error code.,
50006,0,,,,,,Windows 10,1909,Pro,2020/06/09,18363.9,IPMGM was unable to create an event. The data is the error code.,
50006,0,,,,,,Windows 10,1909,Pro,2020/05/12,18363.836,IPMGM was unable to create an event. The data is the error code.,
50006,0,,,,,,Windows 10,1909,Pro,2020/04/14,18363.778,IPMGM was unable to create an event. The data is the error code.,
50006,0,,,,,,Windows 10,1909,Pro,2020/03/12,18363.72,IPMGM was unable to create an event. The data is the error code.,
50006,0,,,,,,Windows 10,1909,Pro,2020/02/11,18363.657,IPMGM was unable to create an event. The data is the error code.,
50006,0,,,,,,Windows 10,1909,Pro,2020/01/14,18363.592,IPMGM was unable to create an event. The data is the error code.,
50006,0,,,,,,Windows 10,1909,Pro,2019/12/10,18363.535,IPMGM was unable to create an event. The data is the error code.,
50006,0,,,,,,Windows 10,1909,Pro,2019/10/05,18363.418,IPMGM was unable to create an event. The data is the error code.,
50006,0,,,,,,Windows 10,1909,Pro,2021/06/08,18363.1621,IPMGM was unable to create an event. The data is the error code.,
50006,0,,,,,,Windows 10,1909,Pro,2021/05/11,18363.1556,IPMGM was unable to create an event. The data is the error code.,
50006,0,,,,,,Windows 10,1909,Pro,2021/04/13,18363.15,IPMGM was unable to create an event. The data is the error code.,
50006,0,,,,,,Windows 10,1909,Pro,2021/03/09,18363.144,IPMGM was unable to create an event. The data is the error code.,
50006,0,,,,,,Windows 10,1909,Pro,2021/02/11,18363.1379,IPMGM was unable to create an event. The data is the error code.,
50006,0,,,,,,Windows 10,1909,Pro,2021/01/12,18363.1316,IPMGM was unable to create an event. The data is the error code.,
50006,0,,,,,,Windows 10,1909,Pro,2020/12/08,18363.1256,IPMGM was unable to create an event. The data is the error code.,
50006,0,,,,,,Windows 10,1909,Pro,2020/11/10,18363.1198,IPMGM was unable to create an event. The data is the error code.,
50006,0,,,,,,Windows 10,1909,Pro,2020/10/13,18363.1139,IPMGM was unable to create an event. The data is the error code.,
50006,0,,,,,,Windows 10,1909,Pro,2020/09/08,18363.1082,IPMGM was unable to create an event. The data is the error code.,
50006,0,,,,,,Windows 10,1909,Pro,2020/08/11,18363.1016,IPMGM was unable to create an event. The data is the error code.,
50006,0,,,,,,Windows 10,1903,Pro,2020/07/14,18362.959,IPMGM was unable to create an event. The data is the error code.,
50006,0,,,,,,Windows 10,1903,Pro,2020/05/12,18362.836,IPMGM was unable to create an event. The data is the error code.,
50006,0,,,,,,Windows 10,1903,Pro,2020/03/12,18362.72,IPMGM was unable to create an event. The data is the error code.,
50006,0,,,,,,Windows 10,1903,Pro,2020/02/11,18362.657,IPMGM was unable to create an event. The data is the error code.,
50006,0,,,,,,Windows 10,1903,Pro,2019/12/10,18362.535,IPMGM was unable to create an event. The data is the error code.,
50006,0,,,,,,Windows 10,1903,Pro,2019/11/12,18362.476,IPMGM was unable to create an event. The data is the error code.,
50006,0,,,,,,Windows 10,1903,Pro,2019/09/10,18362.356,IPMGM was unable to create an event. The data is the error code.,
50006,0,,,,,,Windows 10,1903,Pro,2019/03/29,18362.3,IPMGM was unable to create an event. The data is the error code.,
50006,0,,,,,,Windows 10,1903,Pro,2019/07/09,18362.239,IPMGM was unable to create an event. The data is the error code.,
50006,0,,,,,,Windows 10,1903,Pro,2019/06/11,18362.175,IPMGM was unable to create an event. The data is the error code.,
50006,0,,,,,,Windows 10,1903,Pro,2020/12/08,18362.1256,IPMGM was unable to create an event. The data is the error code.,
50006,0,,,,,,Windows 10,1903,Pro,2020/11/10,18362.1198,IPMGM was unable to create an event. The data is the error code.,
50006,0,,,,,,Windows 10,1903,Pro,2020/10/13,18362.1139,IPMGM was unable to create an event. The data is the error code.,
50006,0,,,,,,Windows 10,1903,Pro,2020/09/08,18362.1082,IPMGM was unable to create an event. The data is the error code.,
50006,0,,,,,,Windows 10,1903,Pro,2019/12/10,18362.1016,IPMGM was unable to create an event. The data is the error code.,
50006,0,,,,,,Windows 10,1809,Pro,2020/01/14,17763.973,IPMGM was unable to create an event. The data is the error code.,
50006,0,,,,,,Windows Server 2019,1809,Standard,2020/01/14,17763.973,IPMGM was unable to create an event. The data is the error code.,
50006,0,,,,,,Windows 10,1809,Pro,2019/12/10,17763.914,IPMGM was unable to create an event. The data is the error code.,
50006,0,,,,,,Windows Server 2019,1809,Standard,2019/12/10,17763.914,IPMGM was unable to create an event. The data is the error code.,
50006,0,,,,,,Windows 10,1809,Pro,2019/11/12,17763.864,IPMGM was unable to create an event. The data is the error code.,
50006,0,,,,,,Windows Server 2019,1809,Standard,2019/11/12,17763.864,IPMGM was unable to create an event. The data is the error code.,
50006,0,,,,,,Windows 10,1809,Pro,2019/10/08,17763.805,IPMGM was unable to create an event. The data is the error code.,
50006,0,,,,,,Windows 10,1809,Pro,2019/09/10,17763.737,IPMGM was unable to create an event. The data is the error code.,
50006,0,,,,,,Windows Server 2019,1809,Standard,2019/09/10,17763.737,IPMGM was unable to create an event. The data is the error code.,
50006,0,,,,,,Windows 10,1809,Pro,2019/08/13,17763.678,IPMGM was unable to create an event. The data is the error code.,
50006,0,,,,,,Windows Server 2019,1809,Standard,2019/08/13,17763.678,IPMGM was unable to create an event. The data is the error code.,
50006,0,,,,,,Windows 10,1809,Pro,2019/07/09,17763.615,IPMGM was unable to create an event. The data is the error code.,
50006,0,,,,,,Windows 10,1809,Pro,2019/06/11,17763.557,IPMGM was unable to create an event. The data is the error code.,
50006,0,,,,,,Windows 10,1809,Pro,2019/05/19,17763.504,IPMGM was unable to create an event. The data is the error code.,
50006,0,,,,,,Windows 10,1809,Pro,2019/04/09,17763.437,IPMGM was unable to create an event. The data is the error code.,
50006,0,,,,,,Windows 10,1809,Pro,2019/03/12,17763.379,IPMGM was unable to create an event. The data is the error code.,
50006,0,,,,,,Windows Server 2019,1809,Standard,2019/03/12,17763.379,IPMGM was unable to create an event. The data is the error code.,
50006,0,,,,,,Windows Server 2019,1809,Standard,2022/11/15,17763.365,IPMGM was unable to create an event. The data is the error code.,
50006,0,,,,,,Windows 10,1809,Pro,2019/02/12,17763.316,IPMGM was unable to create an event. The data is the error code.,
50006,0,,,,,,Windows 10,1803,Pro,2019/01/08,17763.253,IPMGM was unable to create an event. The data is the error code.,
50006,0,,,,,,Windows Server 2019,1809,Standard,2021/08/10,17763.2114,IPMGM was unable to create an event. The data is the error code.,
50006,0,,,,,,Windows Server 2019,1809,Standard,2021/07/13,17763.2061,IPMGM was unable to create an event. The data is the error code.,
50006,0,,,,,,Windows Server 2019,1809,Standard,2021/06/08,17763.1999,IPMGM was unable to create an event. The data is the error code.,
50006,0,,,,,,Windows 10,1809,Pro,2018/12/11,17763.194,IPMGM was unable to create an event. The data is the error code.,
50006,0,,,,,,Windows Server 2019,1809,Standard,2021/05/11,17763.1935,IPMGM was unable to create an event. The data is the error code.,
50006,0,,,,,,Windows Server 2019,1809,Standard,2021/04/13,17763.1879,IPMGM was unable to create an event. The data is the error code.,
50006,0,,,,,,Windows Server 2019,1809,Standard,2021/03/09,17763.1817,IPMGM was unable to create an event. The data is the error code.,
50006,0,,,,,,Windows Server 2019,1809,Standard,2021/02/09,17763.1757,IPMGM was unable to create an event. The data is the error code.,
50006,0,,,,,,Windows Server 2019,1809,Standard,2021/01/12,17763.1697,IPMGM was unable to create an event. The data is the error code.,
50006,0,,,,,,Windows Server 2019,1809,Standard,2020/12/08,17763.1637,IPMGM was unable to create an event. The data is the error code.,
50006,0,,,,,,Windows 10,1809,Pro,2020/11/10,17763.1577,IPMGM was unable to create an event. The data is the error code.,
50006,0,,,,,,Windows Server 2019,1809,Standard,2020/11/10,17763.1577,IPMGM was unable to create an event. The data is the error code.,
50006,0,,,,,,Windows 10,1809,Pro,2020/10/13,17763.1518,IPMGM was unable to create an event. The data is the error code.,
50006,0,,,,,,Windows Server 2019,1809,Standard,2020/10/13,17763.1518,IPMGM was unable to create an event. The data is the error code.,
50006,0,,,,,,Windows 10,1809,Pro,2020/09/08,17763.1457,IPMGM was unable to create an event. The data is the error code.,
50006,0,,,,,,Windows Server 2019,1809,Standard,2020/09/10,17763.1457,IPMGM was unable to create an event. The data is the error code.,
50006,0,,,,,,Windows 10,1809,Pro,2020/08/11,17763.1397,IPMGM was unable to create an event. The data is the error code.,
50006,0,,,,,,Windows Server 2019,1809,Standard,2020/08/11,17763.1397,IPMGM was unable to create an event. The data is the error code.,
50006,0,,,,,,Windows 10,1809,Pro,2020/07/14,17763.1339,IPMGM was unable to create an event. The data is the error code.,
50006,0,,,,,,Windows Server 2019,1809,Standard,2020/07/14,17763.1339,IPMGM was unable to create an event. The data is the error code.,
50006,0,,,,,,Windows 10,1809,Pro,2020/06/09,17763.1282,IPMGM was unable to create an event. The data is the error code.,
50006,0,,,,,,Windows Server 2019,1809,Standard,2020/06/09,17763.1282,IPMGM was unable to create an event. The data is the error code.,
50006,0,,,,,,Windows 10,1809,Pro,2020/05/12,17763.1217,IPMGM was unable to create an event. The data is the error code.,
50006,0,,,,,,Windows Server 2019,1809,Standard,2020/05/12,17763.1217,IPMGM was unable to create an event. The data is the error code.,
50006,0,,,,,,Windows 10,1809,Pro,2020/04/14,17763.1158,IPMGM was unable to create an event. The data is the error code.,
50006,0,,,,,,Windows Server 2019,1809,Standard,2020/04/14,17763.1158,IPMGM was unable to create an event. The data is the error code.,
50006,0,,,,,,Windows 10,1809,Pro,2020/03/12,17763.1098,IPMGM was unable to create an event. The data is the error code.,
50006,0,,,,,,Windows Server 2019,1809,Standard,2020/03/10,17763.1098,IPMGM was unable to create an event. The data is the error code.,
50006,0,,,,,,Windows 10,1809,Pro,2018/11/13,17763.107,IPMGM was unable to create an event. The data is the error code.,
50006,0,,,,,,Windows Server 2019,1809,Standard,2018/11/13,17763.107,IPMGM was unable to create an event. The data is the error code.,
50006,0,,,,,,Windows 10,1809,Pro,2020/02/11,17763.1039,IPMGM was unable to create an event. The data is the error code.,
50006,0,,,,,,Windows Server 2019,1809,Standard,2020/02/11,17763.1039,IPMGM was unable to create an event. The data is the error code.,
50006,0,,,,,,Windows 10,1803,Pro,2019/08/13,17134.95,IPMGM was unable to create an event. The data is the error code.,
50006,0,,,,,,Windows 10,1803,Pro,2019/07/09,17134.885,IPMGM was unable to create an event. The data is the error code.,
50006,0,,,,,,Windows 10,1803,Pro,2019/06/11,17134.829,IPMGM was unable to create an event. The data is the error code.,
50006,0,,,,,,Windows 10,1803,Pro,2019/05/19,17134.766,IPMGM was unable to create an event. The data is the error code.,
50006,0,,,,,,Windows 10,1803,Pro,2019/04/09,17134.706,IPMGM was unable to create an event. The data is the error code.,
50006,0,,,,,,Windows 10,1803,Pro,2019/03/12,17134.648,IPMGM was unable to create an event. The data is the error code.,
50006,0,,,,,,Windows 10,1803,Pro,2019/01/08,17134.523,IPMGM was unable to create an event. The data is the error code.,
50006,0,,,,,,Windows 10,1803,Pro,2018/09/11,17134.285,IPMGM was unable to create an event. The data is the error code.,
50006,0,,,,,,Windows 10,1803,Pro,2018/08/14,17134.228,IPMGM was unable to create an event. The data is the error code.,
50006,0,,,,,,Windows 10,1803,Pro,2018/06/12,17134.112,IPMGM was unable to create an event. The data is the error code.,
50006,0,,,,,,Windows 10,1803,Pro,2019/09/10,17134.1006,IPMGM was unable to create an event. The data is the error code.,
50006,0,,,,,,Windows 10,1803,Pro,1970/01/01,17134.1,IPMGM was unable to create an event. The data is the error code.,
50006,0,,,,,,Windows 10,1709,Pro,2017/11/14,16299.64,IPMGM was unable to create an event. The data is the error code.,
50006,0,,,,,,Windows 10,1709,Pro,2017/11/14,16299.15,IPMGM was unable to create an event. The data is the error code.,
50006,0,,,,,,Windows 10,1709,Pro,2017/12/12,16299.125,IPMGM was unable to create an event. The data is the error code.,
50006,0,,,,,,Windows 10,1703,Pro,2017/07/11,15063.483,IPMGM was unable to create an event. The data is the error code.,
50006,0,,,,,,Windows 10,1703,Pro,2017/06/13,15063.413,IPMGM was unable to create an event. The data is the error code.,
50006,0,,,,,,Windows 10,1703,Pro,2017/03/20,15063.0,IPMGM was unable to create an event. The data is the error code.,
50006,0,,,,,,Windows 10,1607,Pro,2016/11/08,14393.447,IPMGM was unable to create an event. The data is the error code.,
50006,0,,,,,,Windows Server 2016,1607,Standard,2016/11/08,14393.447,IPMGM was unable to create an event. The data is the error code.,
50006,0,,,,,,Windows Server 2016,1607,Standard,2017/11/14,14393.1884,IPMGM was unable to create an event. The data is the error code.,
50006,0,,,,,,Windows Server 2016,1607,Standard,2016/10/12,14393.0,IPMGM was unable to create an event. The data is the error code.,
50006,0,,,,,,Windows 10,1511,Pro,2016/03/08,10586.164,IPMGM was unable to create an event. The data is the error code.,
50006,0,,,,,,Windows 10,1511,Enterprise,2016/02/09,10586.104,IPMGM was unable to create an event. The data is the error code.,
50006,0,,,,,,Windows 10,1511,Pro,1970/01/01,10586.0,IPMGM was unable to create an event. The data is the error code.,
50006,0,,,,,,Windows 10,1507,Pro,2015/07/29,10240.0,IPMGM was unable to create an event. The data is the error code.,
50006,0,,,,,,Windows 8.1,8.1,Pro,1970/01/01,9600.0,IPMGM was unable to create an event. The data is the error code.,
50006,0,,,,,,Windows 8,8,Pro,1970/01/01,9200.0,IPMGM was unable to create an event. The data is the error code.,
50006,0,,,,,,Windows Server 2008R2,SP1,Standard,2011/02/09,7601.0,IPMGM was unable to create an event. The data is the error code.,
50006,0,,,,,,Windows 7,SP1,Ultimate,1970/01/01,7601.0,IPMGM was unable to create an event. The data is the error code.,
50006,0,,,,,,Windows Server 2008,SP2,Standard,2009/05/26,6002.0,IPMGM was unable to create an event. The data is the error code.,
50007,0,,,,,,Windows 11,24H2,Pro,2024/10/2,26100.1742,IPMGM was unable to create a semaphore. The data is the error code.,
50007,0,,,,,,Windows 11,22H2,Pro,2022/12/20,22621.963,IPMGM was unable to create a semaphore. The data is the error code.,
50007,0,,,,,,Windows 11,22H2,Pro,2022/11/15,22621.819,IPMGM was unable to create a semaphore. The data is the error code.,
50007,0,,,,,,Windows 11,22H2,Pro,2022/10/18,22621.674,IPMGM was unable to create a semaphore. The data is the error code.,
50007,0,,,,,,Windows 11,22H2,Pro,2022/09/20,22621.382,IPMGM was unable to create a semaphore. The data is the error code.,
50007,0,,,,,,Windows 11,22H2,Pro,2023/03/21,22621.1413,IPMGM was unable to create a semaphore. The data is the error code.,
50007,0,,,,,,Windows 11,22H2,Pro,2023/02/21,22621.1265,IPMGM was unable to create a semaphore. The data is the error code.,
50007,0,,,,,,Windows 11,22H2,Pro,2023/01/17,22621.1105,IPMGM was unable to create a semaphore. The data is the error code.,
50007,0,,,,,,Windows 11,21H2,Pro,2022/09/20,22000.978,IPMGM was unable to create a semaphore. The data is the error code.,
50007,0,,,,,,Windows 11,21H2,Pro,2022/08/16,22000.856,IPMGM was unable to create a semaphore. The data is the error code.,
50007,0,,,,,,Windows 11,21H2,Pro,2022/07/19,22000.795,IPMGM was unable to create a semaphore. The data is the error code.,
50007,0,,,,,,Windows 11,21H2,Pro,2022/06/21,22000.739,IPMGM was unable to create a semaphore. The data is the error code.,
50007,0,,,,,,Windows 11,21H2,Pro,2022/05/17,22000.675,IPMGM was unable to create a semaphore. The data is the error code.,
50007,0,,,,,,Windows 11,21H2,Pro,2022/04/19,22000.613,IPMGM was unable to create a semaphore. The data is the error code.,
50007,0,,,,,,Windows 11,21H2,Pro,2022/03/15,22000.556,IPMGM was unable to create a semaphore. The data is the error code.,
50007,0,,,,,,Windows 11,21H2,Pro,2022/02/15,22000.493,IPMGM was unable to create a semaphore. The data is the error code.,
50007,0,,,,,,Windows 11,21H2,Pro,2022/01/11,22000.434,IPMGM was unable to create a semaphore. The data is the error code.,
50007,0,,,,,,Windows 11,21H2,Pro,2021/12/14,22000.376,IPMGM was unable to create a semaphore. The data is the error code.,
50007,0,,,,,,Windows 11,21H2,Pro,2021/11/09,22000.318,IPMGM was unable to create a semaphore. The data is the error code.,
50007,0,,,,,,Windows 11,21H2,Pro,2021/09/16,22000.194,IPMGM was unable to create a semaphore. The data is the error code.,
50007,0,,,,,,Windows 11,21H2,Pro,2023/03/21,22000.1696,IPMGM was unable to create a semaphore. The data is the error code.,
50007,0,,,,,,Windows 11,21H2,Pro,2023/02/21,22000.1574,IPMGM was unable to create a semaphore. The data is the error code.,
50007,0,,,,,,Windows 11,21H2,Pro,2023/01/17,22000.1455,IPMGM was unable to create a semaphore. The data is the error code.,
50007,0,,,,,,Windows 11,21H2,Pro,2022/12/20,22000.1335,IPMGM was unable to create a semaphore. The data is the error code.,
50007,0,,,,,,Windows 11,21H2,Pro,2022/11/15,22000.1219,IPMGM was unable to create a semaphore. The data is the error code.,
50007,0,,,,,,Windows 11,21H2,Pro,2022/10/18,22000.1098,IPMGM was unable to create a semaphore. The data is the error code.,
50007,0,,,,,,Windows 11,21H2,Pro-Dev,1970/01/01,21996.1,IPMGM was unable to create a semaphore. The data is the error code.,
50007,0,,,,,,Windows Server 2022,21H2,Standard,2022/08/16,20348.887,IPMGM was unable to create a semaphore. The data is the error code.,
50007,0,,,,,,Windows Server 2022,21H2,Standard,2022/07/19,20348.825,IPMGM was unable to create a semaphore. The data is the error code.,
50007,0,,,,,,Windows Server 2022,21H2,Standard,2022/06/21,20348.768,IPMGM was unable to create a semaphore. The data is the error code.,
50007,0,,,,,,Windows Server 2022,21H2,Standard,2022/05/17,20348.707,IPMGM was unable to create a semaphore. The data is the error code.,
50007,0,,,,,,Windows Server 2022,21H2,Standard,2022/04/19,20348.643,IPMGM was unable to create a semaphore. The data is the error code.,
50007,0,,,,,,Windows Server 2022,21H2,Standard,2022/02/15,20348.587,IPMGM was unable to create a semaphore. The data is the error code.,
50007,0,,,,,,Windows Server 2022,21H2,Standard,2022/02/15,20348.524,IPMGM was unable to create a semaphore. The data is the error code.,
50007,0,,,,,,Windows Server 2022,21H2,Standard,2022/01/11,20348.469,IPMGM was unable to create a semaphore. The data is the error code.,
50007,0,,,,,,Windows Server 2022,21H2,Standard,2021/12/08,20348.405,IPMGM was unable to create a semaphore. The data is the error code.,
50007,0,,,,,,Windows Server 2022,21H2,Standard,2021/11/09,20348.35,IPMGM was unable to create a semaphore. The data is the error code.,
50007,0,,,,,,Windows Server 2022,21H2,Standard,2021/10/12,20348.288,IPMGM was unable to create a semaphore. The data is the error code.,
50007,0,,,,,,Windows Server 2022,21H2,Standard,2021/09/14,20348.23,IPMGM was unable to create a semaphore. The data is the error code.,
50007,0,,,,,,Windows Server 2022,21H2,Standard,2021/08/18,20348.169,IPMGM was unable to create a semaphore. The data is the error code.,
50007,0,,,,,,Windows Server 2022,21H2,Standard,2023/03/21,20348.1607,IPMGM was unable to create a semaphore. The data is the error code.,
50007,0,,,,,,Windows Server 2022,21H2,Standard,2023/02/21,20348.1547,IPMGM was unable to create a semaphore. The data is the error code.,
50007,0,,,,,,Windows Server 2022,21H2,Standard,2023/01/17,20348.1487,IPMGM was unable to create a semaphore. The data is the error code.,
50007,0,,,,,,Windows Server 2022,21H2,Standard,2022/12/20,20348.1366,IPMGM was unable to create a semaphore. The data is the error code.,
50007,0,,,,,,Windows Server 2022,21H2,Standard,2022/11/15,20348.1249,IPMGM was unable to create a semaphore. The data is the error code.,
50007,0,,,,,,Windows Server 2022,21H2,Standard,2022/10/18,20348.1129,IPMGM was unable to create a semaphore. The data is the error code.,
50007,0,,,,,,Windows Server 2022,21H2,Standard,2022/09/20,20348.1006,IPMGM was unable to create a semaphore. The data is the error code.,
50007,0,,,,,,Windows 10,22H2,Pro,2023/03/21,19045.2728,IPMGM was unable to create a semaphore. The data is the error code.,
50007,0,,,,,,Windows 10,22H2,Pro,2023/02/21,19045.2604,IPMGM was unable to create a semaphore. The data is the error code.,
50007,0,,,,,,Windows 10,22H2,Pro,2023/01/17,19045.2486,IPMGM was unable to create a semaphore. The data is the error code.,
50007,0,,,,,,Windows 10,22H2,Pro,2022/12/20,19045.2364,IPMGM was unable to create a semaphore. The data is the error code.,
50007,0,,,,,,Windows 10,22H2,Pro,2022/11/15,19045.2251,IPMGM was unable to create a semaphore. The data is the error code.,
50007,0,,,,,,Windows 10,21H2,Pro,2023/03/21,19044.2728,IPMGM was unable to create a semaphore. The data is the error code.,
50007,0,,,,,,Windows 10,21H2,Pro,2023/02/21,19044.2604,IPMGM was unable to create a semaphore. The data is the error code.,
50007,0,,,,,,Windows 10,21H2,Pro,2023/01/17,19044.2486,IPMGM was unable to create a semaphore. The data is the error code.,
50007,0,,,,,,Windows 10,21H2,Pro,2022/12/20,19044.2364,IPMGM was unable to create a semaphore. The data is the error code.,
50007,0,,,,,,Windows 10,21H2,Pro,2022/11/15,19044.2251,IPMGM was unable to create a semaphore. The data is the error code.,
50007,0,,,,,,Windows 10,21H2,Pro,2022/10/18,19044.213,IPMGM was unable to create a semaphore. The data is the error code.,
50007,0,,,,,,Windows 10,21H2,Pro,2022/09/20,19044.2006,IPMGM was unable to create a semaphore. The data is the error code.,
50007,0,,,,,,Windows 10,21H2,Pro,2022/08/16,19044.1889,IPMGM was unable to create a semaphore. The data is the error code.,
50007,0,,,,,,Windows 10,21H2,Pro,2022/07/19,19044.1826,IPMGM was unable to create a semaphore. The data is the error code.,
50007,0,,,,,,Windows 10,21H2,Pro,2022/06/21,19044.1766,IPMGM was unable to create a semaphore. The data is the error code.,
50007,0,,,,,,Windows 10,21H2,Pro,2022/05/17,19044.1706,IPMGM was unable to create a semaphore. The data is the error code.,
50007,0,,,,,,Windows 10,21H2,Pro,2022/04/19,19044.1645,IPMGM was unable to create a semaphore. The data is the error code.,
50007,0,,,,,,Windows 10,21H2,Pro,2022/01/11,19044.1466,IPMGM was unable to create a semaphore. The data is the error code.,
50007,0,,,,,,Windows 10,21H2,Pro,2021/10/12,19044.1288,IPMGM was unable to create a semaphore. The data is the error code.,
50007,0,,,,,,Windows 10,21H1,Pro,2021/04/13,19043.928,IPMGM was unable to create a semaphore. The data is the error code.,
50007,0,,,,,,Windows 10,21H1,Pro,2022/12/20,19043.2364,IPMGM was unable to create a semaphore. The data is the error code.,
50007,0,,,,,,Windows 10,21H1,Pro,2022/11/15,19043.2251,IPMGM was unable to create a semaphore. The data is the error code.,
50007,0,,,,,,Windows 10,21H1,Pro,2022/10/18,19043.213,IPMGM was unable to create a semaphore. The data is the error code.,
50007,0,,,,,,Windows 10,21H1,Pro,2022/09/20,19043.2006,IPMGM was unable to create a semaphore. The data is the error code.,
50007,0,,,,,,Windows 10,21H1,Pro,2022/08/16,19043.1889,IPMGM was unable to create a semaphore. The data is the error code.,
50007,0,,,,,,Windows 10,21H1,Pro,2022/07/19,19043.1826,IPMGM was unable to create a semaphore. The data is the error code.,
50007,0,,,,,,Windows 10,21H1,Pro,2022/06/21,19043.1766,IPMGM was unable to create a semaphore. The data is the error code.,
50007,0,,,,,,Windows 10,21H1,Pro,2022/05/17,19043.1706,IPMGM was unable to create a semaphore. The data is the error code.,
50007,0,,,,,,Windows 10,21H1,Pro,2022/04/19,19043.1645,IPMGM was unable to create a semaphore. The data is the error code.,
50007,0,,,,,,Windows 10,21H1,Pro,2022/01/11,19043.1466,IPMGM was unable to create a semaphore. The data is the error code.,
50007,0,,,,,,Windows 10,21H1,Pro,2021/12/14,19043.1415,IPMGM was unable to create a semaphore. The data is the error code.,
50007,0,,,,,,Windows 10,21H2,Pro,2021/12/14,19043.1415,IPMGM was unable to create a semaphore. The data is the error code.,
50007,0,,,,,,Windows 10,21H1,Pro,2021/11/09,19043.1348,IPMGM was unable to create a semaphore. The data is the error code.,
50007,0,,,,,,Windows 10,21H1,Pro,2021/10/12,19043.1288,IPMGM was unable to create a semaphore. The data is the error code.,
50007,0,,,,,,Windows 10,21H1,Pro,2021/09/14,19043.1237,IPMGM was unable to create a semaphore. The data is the error code.,
50007,0,,,,,,Windows 10,21H1,Pro,2021/08/10,19043.1165,IPMGM was unable to create a semaphore. The data is the error code.,
50007,0,,,,,,Windows 10,21H1,Pro,2021/07/13,19043.111,IPMGM was unable to create a semaphore. The data is the error code.,
50007,0,,,,,,Windows 10,21H1,Pro,2021/06/08,19043.1052,IPMGM was unable to create a semaphore. The data is the error code.,
50007,0,,,,,,Windows 10,20H2,Pro,2022/04/19,19042.1645,IPMGM was unable to create a semaphore. The data is the error code.,
50007,0,,,,,,Windows 10,20H2,Pro,2022/01/11,19042.1466,IPMGM was unable to create a semaphore. The data is the error code.,
50007,0,,,,,,Windows 10,2004,Pro,2021/05/11,19041.985,IPMGM was unable to create a semaphore. The data is the error code.,
50007,0,,,,,,Windows 10,20H2,Pro,2021/05/11,19041.985,IPMGM was unable to create a semaphore. The data is the error code.,
50007,0,,,,,,Windows 10,2004,Pro,2021/04/13,19041.928,IPMGM was unable to create a semaphore. The data is the error code.,
50007,0,,,,,,Windows 10,20H2,Pro,2021/04/13,19041.928,IPMGM was unable to create a semaphore. The data is the error code.,
50007,0,,,,,,Windows 10,2004,Pro,2021/03/09,19041.867,IPMGM was unable to create a semaphore. The data is the error code.,
50007,0,,,,,,Windows 10,20H2,Pro,2021/03/09,19041.867,IPMGM was unable to create a semaphore. The data is the error code.,
50007,0,,,,,,Windows 10,2004,Pro,2021/02/09,19041.804,IPMGM was unable to create a semaphore. The data is the error code.,
50007,0,,,,,,Windows 10,20H2,Pro,2021/02/09,19041.804,IPMGM was unable to create a semaphore. The data is the error code.,
50007,0,,,,,,Windows 10,2004,Pro,2021/01/12,19041.746,IPMGM was unable to create a semaphore. The data is the error code.,
50007,0,,,,,,Windows 10,20H2,Pro,2021/01/12,19041.746,IPMGM was unable to create a semaphore. The data is the error code.,
50007,0,,,,,,Windows 10,2004,Pro,2020/12/08,19041.685,IPMGM was unable to create a semaphore. The data is the error code.,
50007,0,,,,,,Windows 10,20H2,Pro,2020/12/08,19041.685,IPMGM was unable to create a semaphore. The data is the error code.,
50007,0,,,,,,Windows 10,20H2,Pro,2020/11/19,19041.631,IPMGM was unable to create a semaphore. The data is the error code.,
50007,0,,,,,,Windows 10,2004,Pro,2020/11/10,19041.63,IPMGM was unable to create a semaphore. The data is the error code.,
50007,0,,,,,,Windows 10,2004,Pro,2020/10/13,19041.572,IPMGM was unable to create a semaphore. The data is the error code.,
50007,0,,,,,,Windows 10,2004,Pro,2020/09/08,19041.508,IPMGM was unable to create a semaphore. The data is the error code.,
50007,0,,,,,,Windows 10,2004,Pro,2020/08/11,19041.45,IPMGM was unable to create a semaphore. The data is the error code.,
50007,0,,,,,,Windows 10,2004,Pro,2020/07/14,19041.388,IPMGM was unable to create a semaphore. The data is the error code.,
50007,0,,,,,,Windows 10,2004,Pro,2020/06/09,19041.329,IPMGM was unable to create a semaphore. The data is the error code.,
50007,0,,,,,,Windows 10,2004,Pro,2020/05/27,19041.264,IPMGM was unable to create a semaphore. The data is the error code.,
50007,0,,,,,,Windows 10,2004,Pro,2020/04/16,19041.208,IPMGM was unable to create a semaphore. The data is the error code.,
50007,0,,,,,,Windows 10,21H1,Pro,2022/03/15,19041.1586,IPMGM was unable to create a semaphore. The data is the error code.,
50007,0,,,,,,Windows 10,20H2,Pro,2022/03/15,19041.1586,IPMGM was unable to create a semaphore. The data is the error code.,
50007,0,,,,,,Windows 10,21H2,Pro,2022/03/15,19041.1586,IPMGM was unable to create a semaphore. The data is the error code.,
50007,0,,,,,,Windows 10,21H1,Pro,2022/02/15,19041.1526,IPMGM was unable to create a semaphore. The data is the error code.,
50007,0,,,,,,Windows 10,20H2,Pro,2022/02/15,19041.1526,IPMGM was unable to create a semaphore. The data is the error code.,
50007,0,,,,,,Windows 10,21H2,Pro,2022/02/15,19041.1526,IPMGM was unable to create a semaphore. The data is the error code.,
50007,0,,,,,,Windows 10,20H2,Pro,2021/12/14,19041.1415,IPMGM was unable to create a semaphore. The data is the error code.,
50007,0,,,,,,Windows 10,2004,Pro,2021/11/09,19041.1348,IPMGM was unable to create a semaphore. The data is the error code.,
50007,0,,,,,,Windows 10,20H2,Pro,2021/11/09,19041.1348,IPMGM was unable to create a semaphore. The data is the error code.,
50007,0,,,,,,Windows 10,2004,Pro,2021/10/12,19041.1288,IPMGM was unable to create a semaphore. The data is the error code.,
50007,0,,,,,,Windows 10,20H2,Pro,2021/10/12,19041.1288,IPMGM was unable to create a semaphore. The data is the error code.,
50007,0,,,,,,Windows 10,2004,Pro,2021/09/14,19041.1237,IPMGM was unable to create a semaphore. The data is the error code.,
50007,0,,,,,,Windows 10,20H2,Pro,2021/09/14,19041.1237,IPMGM was unable to create a semaphore. The data is the error code.,
50007,0,,,,,,Windows 10,2004,Pro,2021/08/10,19041.1165,IPMGM was unable to create a semaphore. The data is the error code.,
50007,0,,,,,,Windows 10,20H2,Pro,2021/08/10,19041.1165,IPMGM was unable to create a semaphore. The data is the error code.,
50007,0,,,,,,Windows 10,2004,Pro,2021/07/13,19041.111,IPMGM was unable to create a semaphore. The data is the error code.,
50007,0,,,,,,Windows 10,20H2,Pro,2021/07/13,19041.111,IPMGM was unable to create a semaphore. The data is the error code.,
50007,0,,,,,,Windows 10,2004,Pro,2021/06/08,19041.1052,IPMGM was unable to create a semaphore. The data is the error code.,
50007,0,,,,,,Windows 10,20H2,Pro,2021/06/08,19041.1052,IPMGM was unable to create a semaphore. The data is the error code.,
50007,0,,,,,,Windows 10,1909,Pro,2020/07/14,18363.959,IPMGM was unable to create a semaphore. The data is the error code.,
50007,0,,,,,,Windows 10,1909,Pro,2020/06/09,18363.9,IPMGM was unable to create a semaphore. The data is the error code.,
50007,0,,,,,,Windows 10,1909,Pro,2020/05/12,18363.836,IPMGM was unable to create a semaphore. The data is the error code.,
50007,0,,,,,,Windows 10,1909,Pro,2020/04/14,18363.778,IPMGM was unable to create a semaphore. The data is the error code.,
50007,0,,,,,,Windows 10,1909,Pro,2020/03/12,18363.72,IPMGM was unable to create a semaphore. The data is the error code.,
50007,0,,,,,,Windows 10,1909,Pro,2020/02/11,18363.657,IPMGM was unable to create a semaphore. The data is the error code.,
50007,0,,,,,,Windows 10,1909,Pro,2020/01/14,18363.592,IPMGM was unable to create a semaphore. The data is the error code.,
50007,0,,,,,,Windows 10,1909,Pro,2019/12/10,18363.535,IPMGM was unable to create a semaphore. The data is the error code.,
50007,0,,,,,,Windows 10,1909,Pro,2019/10/05,18363.418,IPMGM was unable to create a semaphore. The data is the error code.,
50007,0,,,,,,Windows 10,1909,Pro,2021/06/08,18363.1621,IPMGM was unable to create a semaphore. The data is the error code.,
50007,0,,,,,,Windows 10,1909,Pro,2021/05/11,18363.1556,IPMGM was unable to create a semaphore. The data is the error code.,
50007,0,,,,,,Windows 10,1909,Pro,2021/04/13,18363.15,IPMGM was unable to create a semaphore. The data is the error code.,
50007,0,,,,,,Windows 10,1909,Pro,2021/03/09,18363.144,IPMGM was unable to create a semaphore. The data is the error code.,
50007,0,,,,,,Windows 10,1909,Pro,2021/02/11,18363.1379,IPMGM was unable to create a semaphore. The data is the error code.,
50007,0,,,,,,Windows 10,1909,Pro,2021/01/12,18363.1316,IPMGM was unable to create a semaphore. The data is the error code.,
50007,0,,,,,,Windows 10,1909,Pro,2020/12/08,18363.1256,IPMGM was unable to create a semaphore. The data is the error code.,
50007,0,,,,,,Windows 10,1909,Pro,2020/11/10,18363.1198,IPMGM was unable to create a semaphore. The data is the error code.,
50007,0,,,,,,Windows 10,1909,Pro,2020/10/13,18363.1139,IPMGM was unable to create a semaphore. The data is the error code.,
50007,0,,,,,,Windows 10,1909,Pro,2020/09/08,18363.1082,IPMGM was unable to create a semaphore. The data is the error code.,
50007,0,,,,,,Windows 10,1909,Pro,2020/08/11,18363.1016,IPMGM was unable to create a semaphore. The data is the error code.,
50007,0,,,,,,Windows 10,1903,Pro,2020/07/14,18362.959,IPMGM was unable to create a semaphore. The data is the error code.,
50007,0,,,,,,Windows 10,1903,Pro,2020/05/12,18362.836,IPMGM was unable to create a semaphore. The data is the error code.,
50007,0,,,,,,Windows 10,1903,Pro,2020/03/12,18362.72,IPMGM was unable to create a semaphore. The data is the error code.,
50007,0,,,,,,Windows 10,1903,Pro,2020/02/11,18362.657,IPMGM was unable to create a semaphore. The data is the error code.,
50007,0,,,,,,Windows 10,1903,Pro,2019/12/10,18362.535,IPMGM was unable to create a semaphore. The data is the error code.,
50007,0,,,,,,Windows 10,1903,Pro,2019/11/12,18362.476,IPMGM was unable to create a semaphore. The data is the error code.,
50007,0,,,,,,Windows 10,1903,Pro,2019/09/10,18362.356,IPMGM was unable to create a semaphore. The data is the error code.,
50007,0,,,,,,Windows 10,1903,Pro,2019/03/29,18362.3,IPMGM was unable to create a semaphore. The data is the error code.,
50007,0,,,,,,Windows 10,1903,Pro,2019/07/09,18362.239,IPMGM was unable to create a semaphore. The data is the error code.,
50007,0,,,,,,Windows 10,1903,Pro,2019/06/11,18362.175,IPMGM was unable to create a semaphore. The data is the error code.,
50007,0,,,,,,Windows 10,1903,Pro,2020/12/08,18362.1256,IPMGM was unable to create a semaphore. The data is the error code.,
50007,0,,,,,,Windows 10,1903,Pro,2020/11/10,18362.1198,IPMGM was unable to create a semaphore. The data is the error code.,
50007,0,,,,,,Windows 10,1903,Pro,2020/10/13,18362.1139,IPMGM was unable to create a semaphore. The data is the error code.,
50007,0,,,,,,Windows 10,1903,Pro,2020/09/08,18362.1082,IPMGM was unable to create a semaphore. The data is the error code.,
50007,0,,,,,,Windows 10,1903,Pro,2019/12/10,18362.1016,IPMGM was unable to create a semaphore. The data is the error code.,
50007,0,,,,,,Windows 10,1809,Pro,2020/01/14,17763.973,IPMGM was unable to create a semaphore. The data is the error code.,
50007,0,,,,,,Windows Server 2019,1809,Standard,2020/01/14,17763.973,IPMGM was unable to create a semaphore. The data is the error code.,
50007,0,,,,,,Windows 10,1809,Pro,2019/12/10,17763.914,IPMGM was unable to create a semaphore. The data is the error code.,
50007,0,,,,,,Windows Server 2019,1809,Standard,2019/12/10,17763.914,IPMGM was unable to create a semaphore. The data is the error code.,
50007,0,,,,,,Windows 10,1809,Pro,2019/11/12,17763.864,IPMGM was unable to create a semaphore. The data is the error code.,
50007,0,,,,,,Windows Server 2019,1809,Standard,2019/11/12,17763.864,IPMGM was unable to create a semaphore. The data is the error code.,
50007,0,,,,,,Windows 10,1809,Pro,2019/10/08,17763.805,IPMGM was unable to create a semaphore. The data is the error code.,
50007,0,,,,,,Windows 10,1809,Pro,2019/09/10,17763.737,IPMGM was unable to create a semaphore. The data is the error code.,
50007,0,,,,,,Windows Server 2019,1809,Standard,2019/09/10,17763.737,IPMGM was unable to create a semaphore. The data is the error code.,
50007,0,,,,,,Windows 10,1809,Pro,2019/08/13,17763.678,IPMGM was unable to create a semaphore. The data is the error code.,
50007,0,,,,,,Windows Server 2019,1809,Standard,2019/08/13,17763.678,IPMGM was unable to create a semaphore. The data is the error code.,
50007,0,,,,,,Windows 10,1809,Pro,2019/07/09,17763.615,IPMGM was unable to create a semaphore. The data is the error code.,
50007,0,,,,,,Windows 10,1809,Pro,2019/06/11,17763.557,IPMGM was unable to create a semaphore. The data is the error code.,
50007,0,,,,,,Windows 10,1809,Pro,2019/05/19,17763.504,IPMGM was unable to create a semaphore. The data is the error code.,
50007,0,,,,,,Windows 10,1809,Pro,2019/04/09,17763.437,IPMGM was unable to create a semaphore. The data is the error code.,
50007,0,,,,,,Windows 10,1809,Pro,2019/03/12,17763.379,IPMGM was unable to create a semaphore. The data is the error code.,
50007,0,,,,,,Windows Server 2019,1809,Standard,2019/03/12,17763.379,IPMGM was unable to create a semaphore. The data is the error code.,
50007,0,,,,,,Windows Server 2019,1809,Standard,2022/11/15,17763.365,IPMGM was unable to create a semaphore. The data is the error code.,
50007,0,,,,,,Windows 10,1809,Pro,2019/02/12,17763.316,IPMGM was unable to create a semaphore. The data is the error code.,
50007,0,,,,,,Windows 10,1803,Pro,2019/01/08,17763.253,IPMGM was unable to create a semaphore. The data is the error code.,
50007,0,,,,,,Windows Server 2019,1809,Standard,2021/08/10,17763.2114,IPMGM was unable to create a semaphore. The data is the error code.,
50007,0,,,,,,Windows Server 2019,1809,Standard,2021/07/13,17763.2061,IPMGM was unable to create a semaphore. The data is the error code.,
50007,0,,,,,,Windows Server 2019,1809,Standard,2021/06/08,17763.1999,IPMGM was unable to create a semaphore. The data is the error code.,
50007,0,,,,,,Windows 10,1809,Pro,2018/12/11,17763.194,IPMGM was unable to create a semaphore. The data is the error code.,
50007,0,,,,,,Windows Server 2019,1809,Standard,2021/05/11,17763.1935,IPMGM was unable to create a semaphore. The data is the error code.,
50007,0,,,,,,Windows Server 2019,1809,Standard,2021/04/13,17763.1879,IPMGM was unable to create a semaphore. The data is the error code.,
50007,0,,,,,,Windows Server 2019,1809,Standard,2021/03/09,17763.1817,IPMGM was unable to create a semaphore. The data is the error code.,
50007,0,,,,,,Windows Server 2019,1809,Standard,2021/02/09,17763.1757,IPMGM was unable to create a semaphore. The data is the error code.,
50007,0,,,,,,Windows Server 2019,1809,Standard,2021/01/12,17763.1697,IPMGM was unable to create a semaphore. The data is the error code.,
50007,0,,,,,,Windows Server 2019,1809,Standard,2020/12/08,17763.1637,IPMGM was unable to create a semaphore. The data is the error code.,
50007,0,,,,,,Windows 10,1809,Pro,2020/11/10,17763.1577,IPMGM was unable to create a semaphore. The data is the error code.,
50007,0,,,,,,Windows Server 2019,1809,Standard,2020/11/10,17763.1577,IPMGM was unable to create a semaphore. The data is the error code.,
50007,0,,,,,,Windows 10,1809,Pro,2020/10/13,17763.1518,IPMGM was unable to create a semaphore. The data is the error code.,
50007,0,,,,,,Windows Server 2019,1809,Standard,2020/10/13,17763.1518,IPMGM was unable to create a semaphore. The data is the error code.,
50007,0,,,,,,Windows 10,1809,Pro,2020/09/08,17763.1457,IPMGM was unable to create a semaphore. The data is the error code.,
50007,0,,,,,,Windows Server 2019,1809,Standard,2020/09/10,17763.1457,IPMGM was unable to create a semaphore. The data is the error code.,
50007,0,,,,,,Windows 10,1809,Pro,2020/08/11,17763.1397,IPMGM was unable to create a semaphore. The data is the error code.,
50007,0,,,,,,Windows Server 2019,1809,Standard,2020/08/11,17763.1397,IPMGM was unable to create a semaphore. The data is the error code.,
50007,0,,,,,,Windows 10,1809,Pro,2020/07/14,17763.1339,IPMGM was unable to create a semaphore. The data is the error code.,
50007,0,,,,,,Windows Server 2019,1809,Standard,2020/07/14,17763.1339,IPMGM was unable to create a semaphore. The data is the error code.,
50007,0,,,,,,Windows 10,1809,Pro,2020/06/09,17763.1282,IPMGM was unable to create a semaphore. The data is the error code.,
50007,0,,,,,,Windows Server 2019,1809,Standard,2020/06/09,17763.1282,IPMGM was unable to create a semaphore. The data is the error code.,
50007,0,,,,,,Windows 10,1809,Pro,2020/05/12,17763.1217,IPMGM was unable to create a semaphore. The data is the error code.,
50007,0,,,,,,Windows Server 2019,1809,Standard,2020/05/12,17763.1217,IPMGM was unable to create a semaphore. The data is the error code.,
50007,0,,,,,,Windows 10,1809,Pro,2020/04/14,17763.1158,IPMGM was unable to create a semaphore. The data is the error code.,
50007,0,,,,,,Windows Server 2019,1809,Standard,2020/04/14,17763.1158,IPMGM was unable to create a semaphore. The data is the error code.,
50007,0,,,,,,Windows 10,1809,Pro,2020/03/12,17763.1098,IPMGM was unable to create a semaphore. The data is the error code.,
50007,0,,,,,,Windows Server 2019,1809,Standard,2020/03/10,17763.1098,IPMGM was unable to create a semaphore. The data is the error code.,
50007,0,,,,,,Windows 10,1809,Pro,2018/11/13,17763.107,IPMGM was unable to create a semaphore. The data is the error code.,
50007,0,,,,,,Windows Server 2019,1809,Standard,2018/11/13,17763.107,IPMGM was unable to create a semaphore. The data is the error code.,
50007,0,,,,,,Windows 10,1809,Pro,2020/02/11,17763.1039,IPMGM was unable to create a semaphore. The data is the error code.,
50007,0,,,,,,Windows Server 2019,1809,Standard,2020/02/11,17763.1039,IPMGM was unable to create a semaphore. The data is the error code.,
50007,0,,,,,,Windows 10,1803,Pro,2019/08/13,17134.95,IPMGM was unable to create a semaphore. The data is the error code.,
50007,0,,,,,,Windows 10,1803,Pro,2019/07/09,17134.885,IPMGM was unable to create a semaphore. The data is the error code.,
50007,0,,,,,,Windows 10,1803,Pro,2019/06/11,17134.829,IPMGM was unable to create a semaphore. The data is the error code.,
50007,0,,,,,,Windows 10,1803,Pro,2019/05/19,17134.766,IPMGM was unable to create a semaphore. The data is the error code.,
50007,0,,,,,,Windows 10,1803,Pro,2019/04/09,17134.706,IPMGM was unable to create a semaphore. The data is the error code.,
50007,0,,,,,,Windows 10,1803,Pro,2019/03/12,17134.648,IPMGM was unable to create a semaphore. The data is the error code.,
50007,0,,,,,,Windows 10,1803,Pro,2019/01/08,17134.523,IPMGM was unable to create a semaphore. The data is the error code.,
50007,0,,,,,,Windows 10,1803,Pro,2018/09/11,17134.285,IPMGM was unable to create a semaphore. The data is the error code.,
50007,0,,,,,,Windows 10,1803,Pro,2018/08/14,17134.228,IPMGM was unable to create a semaphore. The data is the error code.,
50007,0,,,,,,Windows 10,1803,Pro,2018/06/12,17134.112,IPMGM was unable to create a semaphore. The data is the error code.,
50007,0,,,,,,Windows 10,1803,Pro,2019/09/10,17134.1006,IPMGM was unable to create a semaphore. The data is the error code.,
50007,0,,,,,,Windows 10,1803,Pro,1970/01/01,17134.1,IPMGM was unable to create a semaphore. The data is the error code.,
50007,0,,,,,,Windows 10,1709,Pro,2017/11/14,16299.64,IPMGM was unable to create a semaphore. The data is the error code.,
50007,0,,,,,,Windows 10,1709,Pro,2017/11/14,16299.15,IPMGM was unable to create a semaphore. The data is the error code.,
50007,0,,,,,,Windows 10,1709,Pro,2017/12/12,16299.125,IPMGM was unable to create a semaphore. The data is the error code.,
50007,0,,,,,,Windows 10,1703,Pro,2017/07/11,15063.483,IPMGM was unable to create a semaphore. The data is the error code.,
50007,0,,,,,,Windows 10,1703,Pro,2017/06/13,15063.413,IPMGM was unable to create a semaphore. The data is the error code.,
50007,0,,,,,,Windows 10,1703,Pro,2017/03/20,15063.0,IPMGM was unable to create a semaphore. The data is the error code.,
50007,0,,,,,,Windows 10,1607,Pro,2016/11/08,14393.447,IPMGM was unable to create a semaphore. The data is the error code.,
50007,0,,,,,,Windows Server 2016,1607,Standard,2016/11/08,14393.447,IPMGM was unable to create a semaphore. The data is the error code.,
50007,0,,,,,,Windows Server 2016,1607,Standard,2017/11/14,14393.1884,IPMGM was unable to create a semaphore. The data is the error code.,
50007,0,,,,,,Windows Server 2016,1607,Standard,2016/10/12,14393.0,IPMGM was unable to create a semaphore. The data is the error code.,
50007,0,,,,,,Windows 10,1511,Pro,2016/03/08,10586.164,IPMGM was unable to create a semaphore. The data is the error code.,
50007,0,,,,,,Windows 10,1511,Enterprise,2016/02/09,10586.104,IPMGM was unable to create a semaphore. The data is the error code.,
50007,0,,,,,,Windows 10,1511,Pro,1970/01/01,10586.0,IPMGM was unable to create a semaphore. The data is the error code.,
50007,0,,,,,,Windows 10,1507,Pro,2015/07/29,10240.0,IPMGM was unable to create a semaphore. The data is the error code.,
50007,0,,,,,,Windows 8.1,8.1,Pro,1970/01/01,9600.0,IPMGM was unable to create a semaphore. The data is the error code.,
50007,0,,,,,,Windows 8,8,Pro,1970/01/01,9200.0,IPMGM was unable to create a semaphore. The data is the error code.,
50007,0,,,,,,Windows Server 2008R2,SP1,Standard,2011/02/09,7601.0,IPMGM was unable to create a semaphore. The data is the error code.,
50007,0,,,,,,Windows 7,SP1,Ultimate,1970/01/01,7601.0,IPMGM was unable to create a semaphore. The data is the error code.,
50007,0,,,,,,Windows Server 2008,SP2,Standard,2009/05/26,6002.0,IPMGM was unable to create a semaphore. The data is the error code.,
50008,0,,,,,,Windows 11,24H2,Pro,2024/10/2,26100.1742,IPMGM has started successfully.,
50008,0,,,,,,Windows 11,22H2,Pro,2022/12/20,22621.963,IPMGM has started successfully.,
50008,0,,,,,,Windows 11,22H2,Pro,2022/11/15,22621.819,IPMGM has started successfully.,
50008,0,,,,,,Windows 11,22H2,Pro,2022/10/18,22621.674,IPMGM has started successfully.,
50008,0,,,,,,Windows 11,22H2,Pro,2022/09/20,22621.382,IPMGM has started successfully.,
50008,0,,,,,,Windows 11,22H2,Pro,2023/03/21,22621.1413,IPMGM has started successfully.,
50008,0,,,,,,Windows 11,22H2,Pro,2023/02/21,22621.1265,IPMGM has started successfully.,
50008,0,,,,,,Windows 11,22H2,Pro,2023/01/17,22621.1105,IPMGM has started successfully.,
50008,0,,,,,,Windows 11,21H2,Pro,2022/09/20,22000.978,IPMGM has started successfully.,
50008,0,,,,,,Windows 11,21H2,Pro,2022/08/16,22000.856,IPMGM has started successfully.,
50008,0,,,,,,Windows 11,21H2,Pro,2022/07/19,22000.795,IPMGM has started successfully.,
50008,0,,,,,,Windows 11,21H2,Pro,2022/06/21,22000.739,IPMGM has started successfully.,
50008,0,,,,,,Windows 11,21H2,Pro,2022/05/17,22000.675,IPMGM has started successfully.,
50008,0,,,,,,Windows 11,21H2,Pro,2022/04/19,22000.613,IPMGM has started successfully.,
50008,0,,,,,,Windows 11,21H2,Pro,2022/03/15,22000.556,IPMGM has started successfully.,
50008,0,,,,,,Windows 11,21H2,Pro,2022/02/15,22000.493,IPMGM has started successfully.,
50008,0,,,,,,Windows 11,21H2,Pro,2022/01/11,22000.434,IPMGM has started successfully.,
50008,0,,,,,,Windows 11,21H2,Pro,2021/12/14,22000.376,IPMGM has started successfully.,
50008,0,,,,,,Windows 11,21H2,Pro,2021/11/09,22000.318,IPMGM has started successfully.,
50008,0,,,,,,Windows 11,21H2,Pro,2021/09/16,22000.194,IPMGM has started successfully.,
50008,0,,,,,,Windows 11,21H2,Pro,2023/03/21,22000.1696,IPMGM has started successfully.,
50008,0,,,,,,Windows 11,21H2,Pro,2023/02/21,22000.1574,IPMGM has started successfully.,
50008,0,,,,,,Windows 11,21H2,Pro,2023/01/17,22000.1455,IPMGM has started successfully.,
50008,0,,,,,,Windows 11,21H2,Pro,2022/12/20,22000.1335,IPMGM has started successfully.,
50008,0,,,,,,Windows 11,21H2,Pro,2022/11/15,22000.1219,IPMGM has started successfully.,
50008,0,,,,,,Windows 11,21H2,Pro,2022/10/18,22000.1098,IPMGM has started successfully.,
50008,0,,,,,,Windows 11,21H2,Pro-Dev,1970/01/01,21996.1,IPMGM has started successfully.,
50008,0,,,,,,Windows Server 2022,21H2,Standard,2022/08/16,20348.887,IPMGM has started successfully.,
50008,0,,,,,,Windows Server 2022,21H2,Standard,2022/07/19,20348.825,IPMGM has started successfully.,
50008,0,,,,,,Windows Server 2022,21H2,Standard,2022/06/21,20348.768,IPMGM has started successfully.,
50008,0,,,,,,Windows Server 2022,21H2,Standard,2022/05/17,20348.707,IPMGM has started successfully.,
50008,0,,,,,,Windows Server 2022,21H2,Standard,2022/04/19,20348.643,IPMGM has started successfully.,
50008,0,,,,,,Windows Server 2022,21H2,Standard,2022/02/15,20348.587,IPMGM has started successfully.,
50008,0,,,,,,Windows Server 2022,21H2,Standard,2022/02/15,20348.524,IPMGM has started successfully.,
50008,0,,,,,,Windows Server 2022,21H2,Standard,2022/01/11,20348.469,IPMGM has started successfully.,
50008,0,,,,,,Windows Server 2022,21H2,Standard,2021/12/08,20348.405,IPMGM has started successfully.,
50008,0,,,,,,Windows Server 2022,21H2,Standard,2021/11/09,20348.35,IPMGM has started successfully.,
50008,0,,,,,,Windows Server 2022,21H2,Standard,2021/10/12,20348.288,IPMGM has started successfully.,
50008,0,,,,,,Windows Server 2022,21H2,Standard,2021/09/14,20348.23,IPMGM has started successfully.,
50008,0,,,,,,Windows Server 2022,21H2,Standard,2021/08/18,20348.169,IPMGM has started successfully.,
50008,0,,,,,,Windows Server 2022,21H2,Standard,2023/03/21,20348.1607,IPMGM has started successfully.,
50008,0,,,,,,Windows Server 2022,21H2,Standard,2023/02/21,20348.1547,IPMGM has started successfully.,
50008,0,,,,,,Windows Server 2022,21H2,Standard,2023/01/17,20348.1487,IPMGM has started successfully.,
50008,0,,,,,,Windows Server 2022,21H2,Standard,2022/12/20,20348.1366,IPMGM has started successfully.,
50008,0,,,,,,Windows Server 2022,21H2,Standard,2022/11/15,20348.1249,IPMGM has started successfully.,
50008,0,,,,,,Windows Server 2022,21H2,Standard,2022/10/18,20348.1129,IPMGM has started successfully.,
50008,0,,,,,,Windows Server 2022,21H2,Standard,2022/09/20,20348.1006,IPMGM has started successfully.,
50008,0,,,,,,Windows 10,22H2,Pro,2023/03/21,19045.2728,IPMGM has started successfully.,
50008,0,,,,,,Windows 10,22H2,Pro,2023/02/21,19045.2604,IPMGM has started successfully.,
50008,0,,,,,,Windows 10,22H2,Pro,2023/01/17,19045.2486,IPMGM has started successfully.,
50008,0,,,,,,Windows 10,22H2,Pro,2022/12/20,19045.2364,IPMGM has started successfully.,
50008,0,,,,,,Windows 10,22H2,Pro,2022/11/15,19045.2251,IPMGM has started successfully.,
50008,0,,,,,,Windows 10,21H2,Pro,2023/03/21,19044.2728,IPMGM has started successfully.,
50008,0,,,,,,Windows 10,21H2,Pro,2023/02/21,19044.2604,IPMGM has started successfully.,
50008,0,,,,,,Windows 10,21H2,Pro,2023/01/17,19044.2486,IPMGM has started successfully.,
50008,0,,,,,,Windows 10,21H2,Pro,2022/12/20,19044.2364,IPMGM has started successfully.,
50008,0,,,,,,Windows 10,21H2,Pro,2022/11/15,19044.2251,IPMGM has started successfully.,
50008,0,,,,,,Windows 10,21H2,Pro,2022/10/18,19044.213,IPMGM has started successfully.,
50008,0,,,,,,Windows 10,21H2,Pro,2022/09/20,19044.2006,IPMGM has started successfully.,
50008,0,,,,,,Windows 10,21H2,Pro,2022/08/16,19044.1889,IPMGM has started successfully.,
50008,0,,,,,,Windows 10,21H2,Pro,2022/07/19,19044.1826,IPMGM has started successfully.,
50008,0,,,,,,Windows 10,21H2,Pro,2022/06/21,19044.1766,IPMGM has started successfully.,
50008,0,,,,,,Windows 10,21H2,Pro,2022/05/17,19044.1706,IPMGM has started successfully.,
50008,0,,,,,,Windows 10,21H2,Pro,2022/04/19,19044.1645,IPMGM has started successfully.,
50008,0,,,,,,Windows 10,21H2,Pro,2022/01/11,19044.1466,IPMGM has started successfully.,
50008,0,,,,,,Windows 10,21H2,Pro,2021/10/12,19044.1288,IPMGM has started successfully.,
50008,0,,,,,,Windows 10,21H1,Pro,2021/04/13,19043.928,IPMGM has started successfully.,
50008,0,,,,,,Windows 10,21H1,Pro,2022/12/20,19043.2364,IPMGM has started successfully.,
50008,0,,,,,,Windows 10,21H1,Pro,2022/11/15,19043.2251,IPMGM has started successfully.,
50008,0,,,,,,Windows 10,21H1,Pro,2022/10/18,19043.213,IPMGM has started successfully.,
50008,0,,,,,,Windows 10,21H1,Pro,2022/09/20,19043.2006,IPMGM has started successfully.,
50008,0,,,,,,Windows 10,21H1,Pro,2022/08/16,19043.1889,IPMGM has started successfully.,
50008,0,,,,,,Windows 10,21H1,Pro,2022/07/19,19043.1826,IPMGM has started successfully.,
50008,0,,,,,,Windows 10,21H1,Pro,2022/06/21,19043.1766,IPMGM has started successfully.,
50008,0,,,,,,Windows 10,21H1,Pro,2022/05/17,19043.1706,IPMGM has started successfully.,
50008,0,,,,,,Windows 10,21H1,Pro,2022/04/19,19043.1645,IPMGM has started successfully.,
50008,0,,,,,,Windows 10,21H1,Pro,2022/01/11,19043.1466,IPMGM has started successfully.,
50008,0,,,,,,Windows 10,21H1,Pro,2021/12/14,19043.1415,IPMGM has started successfully.,
50008,0,,,,,,Windows 10,21H2,Pro,2021/12/14,19043.1415,IPMGM has started successfully.,
50008,0,,,,,,Windows 10,21H1,Pro,2021/11/09,19043.1348,IPMGM has started successfully.,
50008,0,,,,,,Windows 10,21H1,Pro,2021/10/12,19043.1288,IPMGM has started successfully.,
50008,0,,,,,,Windows 10,21H1,Pro,2021/09/14,19043.1237,IPMGM has started successfully.,
50008,0,,,,,,Windows 10,21H1,Pro,2021/08/10,19043.1165,IPMGM has started successfully.,
50008,0,,,,,,Windows 10,21H1,Pro,2021/07/13,19043.111,IPMGM has started successfully.,
50008,0,,,,,,Windows 10,21H1,Pro,2021/06/08,19043.1052,IPMGM has started successfully.,
50008,0,,,,,,Windows 10,20H2,Pro,2022/04/19,19042.1645,IPMGM has started successfully.,
50008,0,,,,,,Windows 10,20H2,Pro,2022/01/11,19042.1466,IPMGM has started successfully.,
50008,0,,,,,,Windows 10,2004,Pro,2021/05/11,19041.985,IPMGM has started successfully.,
50008,0,,,,,,Windows 10,20H2,Pro,2021/05/11,19041.985,IPMGM has started successfully.,
50008,0,,,,,,Windows 10,2004,Pro,2021/04/13,19041.928,IPMGM has started successfully.,
50008,0,,,,,,Windows 10,20H2,Pro,2021/04/13,19041.928,IPMGM has started successfully.,
50008,0,,,,,,Windows 10,2004,Pro,2021/03/09,19041.867,IPMGM has started successfully.,
50008,0,,,,,,Windows 10,20H2,Pro,2021/03/09,19041.867,IPMGM has started successfully.,
50008,0,,,,,,Windows 10,2004,Pro,2021/02/09,19041.804,IPMGM has started successfully.,
50008,0,,,,,,Windows 10,20H2,Pro,2021/02/09,19041.804,IPMGM has started successfully.,
50008,0,,,,,,Windows 10,2004,Pro,2021/01/12,19041.746,IPMGM has started successfully.,
50008,0,,,,,,Windows 10,20H2,Pro,2021/01/12,19041.746,IPMGM has started successfully.,
50008,0,,,,,,Windows 10,2004,Pro,2020/12/08,19041.685,IPMGM has started successfully.,
50008,0,,,,,,Windows 10,20H2,Pro,2020/12/08,19041.685,IPMGM has started successfully.,
50008,0,,,,,,Windows 10,20H2,Pro,2020/11/19,19041.631,IPMGM has started successfully.,
50008,0,,,,,,Windows 10,2004,Pro,2020/11/10,19041.63,IPMGM has started successfully.,
50008,0,,,,,,Windows 10,2004,Pro,2020/10/13,19041.572,IPMGM has started successfully.,
50008,0,,,,,,Windows 10,2004,Pro,2020/09/08,19041.508,IPMGM has started successfully.,
50008,0,,,,,,Windows 10,2004,Pro,2020/08/11,19041.45,IPMGM has started successfully.,
50008,0,,,,,,Windows 10,2004,Pro,2020/07/14,19041.388,IPMGM has started successfully.,
50008,0,,,,,,Windows 10,2004,Pro,2020/06/09,19041.329,IPMGM has started successfully.,
50008,0,,,,,,Windows 10,2004,Pro,2020/05/27,19041.264,IPMGM has started successfully.,
50008,0,,,,,,Windows 10,2004,Pro,2020/04/16,19041.208,IPMGM has started successfully.,
50008,0,,,,,,Windows 10,21H1,Pro,2022/03/15,19041.1586,IPMGM has started successfully.,
50008,0,,,,,,Windows 10,20H2,Pro,2022/03/15,19041.1586,IPMGM has started successfully.,
50008,0,,,,,,Windows 10,21H2,Pro,2022/03/15,19041.1586,IPMGM has started successfully.,
50008,0,,,,,,Windows 10,21H1,Pro,2022/02/15,19041.1526,IPMGM has started successfully.,
50008,0,,,,,,Windows 10,20H2,Pro,2022/02/15,19041.1526,IPMGM has started successfully.,
50008,0,,,,,,Windows 10,21H2,Pro,2022/02/15,19041.1526,IPMGM has started successfully.,
50008,0,,,,,,Windows 10,20H2,Pro,2021/12/14,19041.1415,IPMGM has started successfully.,
50008,0,,,,,,Windows 10,2004,Pro,2021/11/09,19041.1348,IPMGM has started successfully.,
50008,0,,,,,,Windows 10,20H2,Pro,2021/11/09,19041.1348,IPMGM has started successfully.,
50008,0,,,,,,Windows 10,2004,Pro,2021/10/12,19041.1288,IPMGM has started successfully.,
50008,0,,,,,,Windows 10,20H2,Pro,2021/10/12,19041.1288,IPMGM has started successfully.,
50008,0,,,,,,Windows 10,2004,Pro,2021/09/14,19041.1237,IPMGM has started successfully.,
50008,0,,,,,,Windows 10,20H2,Pro,2021/09/14,19041.1237,IPMGM has started successfully.,
50008,0,,,,,,Windows 10,2004,Pro,2021/08/10,19041.1165,IPMGM has started successfully.,
50008,0,,,,,,Windows 10,20H2,Pro,2021/08/10,19041.1165,IPMGM has started successfully.,
50008,0,,,,,,Windows 10,2004,Pro,2021/07/13,19041.111,IPMGM has started successfully.,
50008,0,,,,,,Windows 10,20H2,Pro,2021/07/13,19041.111,IPMGM has started successfully.,
50008,0,,,,,,Windows 10,2004,Pro,2021/06/08,19041.1052,IPMGM has started successfully.,
50008,0,,,,,,Windows 10,20H2,Pro,2021/06/08,19041.1052,IPMGM has started successfully.,
50008,0,,,,,,Windows 10,1909,Pro,2020/07/14,18363.959,IPMGM has started successfully.,
50008,0,,,,,,Windows 10,1909,Pro,2020/06/09,18363.9,IPMGM has started successfully.,
50008,0,,,,,,Windows 10,1909,Pro,2020/05/12,18363.836,IPMGM has started successfully.,
50008,0,,,,,,Windows 10,1909,Pro,2020/04/14,18363.778,IPMGM has started successfully.,
50008,0,,,,,,Windows 10,1909,Pro,2020/03/12,18363.72,IPMGM has started successfully.,
50008,0,,,,,,Windows 10,1909,Pro,2020/02/11,18363.657,IPMGM has started successfully.,
50008,0,,,,,,Windows 10,1909,Pro,2020/01/14,18363.592,IPMGM has started successfully.,
50008,0,,,,,,Windows 10,1909,Pro,2019/12/10,18363.535,IPMGM has started successfully.,
50008,0,,,,,,Windows 10,1909,Pro,2019/10/05,18363.418,IPMGM has started successfully.,
50008,0,,,,,,Windows 10,1909,Pro,2021/06/08,18363.1621,IPMGM has started successfully.,
50008,0,,,,,,Windows 10,1909,Pro,2021/05/11,18363.1556,IPMGM has started successfully.,
50008,0,,,,,,Windows 10,1909,Pro,2021/04/13,18363.15,IPMGM has started successfully.,
50008,0,,,,,,Windows 10,1909,Pro,2021/03/09,18363.144,IPMGM has started successfully.,
50008,0,,,,,,Windows 10,1909,Pro,2021/02/11,18363.1379,IPMGM has started successfully.,
50008,0,,,,,,Windows 10,1909,Pro,2021/01/12,18363.1316,IPMGM has started successfully.,
50008,0,,,,,,Windows 10,1909,Pro,2020/12/08,18363.1256,IPMGM has started successfully.,
50008,0,,,,,,Windows 10,1909,Pro,2020/11/10,18363.1198,IPMGM has started successfully.,
50008,0,,,,,,Windows 10,1909,Pro,2020/10/13,18363.1139,IPMGM has started successfully.,
50008,0,,,,,,Windows 10,1909,Pro,2020/09/08,18363.1082,IPMGM has started successfully.,
50008,0,,,,,,Windows 10,1909,Pro,2020/08/11,18363.1016,IPMGM has started successfully.,
50008,0,,,,,,Windows 10,1903,Pro,2020/07/14,18362.959,IPMGM has started successfully.,
50008,0,,,,,,Windows 10,1903,Pro,2020/05/12,18362.836,IPMGM has started successfully.,
50008,0,,,,,,Windows 10,1903,Pro,2020/03/12,18362.72,IPMGM has started successfully.,
50008,0,,,,,,Windows 10,1903,Pro,2020/02/11,18362.657,IPMGM has started successfully.,
50008,0,,,,,,Windows 10,1903,Pro,2019/12/10,18362.535,IPMGM has started successfully.,
50008,0,,,,,,Windows 10,1903,Pro,2019/11/12,18362.476,IPMGM has started successfully.,
50008,0,,,,,,Windows 10,1903,Pro,2019/09/10,18362.356,IPMGM has started successfully.,
50008,0,,,,,,Windows 10,1903,Pro,2019/03/29,18362.3,IPMGM has started successfully.,
50008,0,,,,,,Windows 10,1903,Pro,2019/07/09,18362.239,IPMGM has started successfully.,
50008,0,,,,,,Windows 10,1903,Pro,2019/06/11,18362.175,IPMGM has started successfully.,
50008,0,,,,,,Windows 10,1903,Pro,2020/12/08,18362.1256,IPMGM has started successfully.,
50008,0,,,,,,Windows 10,1903,Pro,2020/11/10,18362.1198,IPMGM has started successfully.,
50008,0,,,,,,Windows 10,1903,Pro,2020/10/13,18362.1139,IPMGM has started successfully.,
50008,0,,,,,,Windows 10,1903,Pro,2020/09/08,18362.1082,IPMGM has started successfully.,
50008,0,,,,,,Windows 10,1903,Pro,2019/12/10,18362.1016,IPMGM has started successfully.,
50008,0,,,,,,Windows 10,1809,Pro,2020/01/14,17763.973,IPMGM has started successfully.,
50008,0,,,,,,Windows Server 2019,1809,Standard,2020/01/14,17763.973,IPMGM has started successfully.,
50008,0,,,,,,Windows 10,1809,Pro,2019/12/10,17763.914,IPMGM has started successfully.,
50008,0,,,,,,Windows Server 2019,1809,Standard,2019/12/10,17763.914,IPMGM has started successfully.,
50008,0,,,,,,Windows 10,1809,Pro,2019/11/12,17763.864,IPMGM has started successfully.,
50008,0,,,,,,Windows Server 2019,1809,Standard,2019/11/12,17763.864,IPMGM has started successfully.,
50008,0,,,,,,Windows 10,1809,Pro,2019/10/08,17763.805,IPMGM has started successfully.,
50008,0,,,,,,Windows 10,1809,Pro,2019/09/10,17763.737,IPMGM has started successfully.,
50008,0,,,,,,Windows Server 2019,1809,Standard,2019/09/10,17763.737,IPMGM has started successfully.,
50008,0,,,,,,Windows 10,1809,Pro,2019/08/13,17763.678,IPMGM has started successfully.,
50008,0,,,,,,Windows Server 2019,1809,Standard,2019/08/13,17763.678,IPMGM has started successfully.,
50008,0,,,,,,Windows 10,1809,Pro,2019/07/09,17763.615,IPMGM has started successfully.,
50008,0,,,,,,Windows 10,1809,Pro,2019/06/11,17763.557,IPMGM has started successfully.,
50008,0,,,,,,Windows 10,1809,Pro,2019/05/19,17763.504,IPMGM has started successfully.,
50008,0,,,,,,Windows 10,1809,Pro,2019/04/09,17763.437,IPMGM has started successfully.,
50008,0,,,,,,Windows 10,1809,Pro,2019/03/12,17763.379,IPMGM has started successfully.,
50008,0,,,,,,Windows Server 2019,1809,Standard,2019/03/12,17763.379,IPMGM has started successfully.,
50008,0,,,,,,Windows Server 2019,1809,Standard,2022/11/15,17763.365,IPMGM has started successfully.,
50008,0,,,,,,Windows 10,1809,Pro,2019/02/12,17763.316,IPMGM has started successfully.,
50008,0,,,,,,Windows 10,1803,Pro,2019/01/08,17763.253,IPMGM has started successfully.,
50008,0,,,,,,Windows Server 2019,1809,Standard,2021/08/10,17763.2114,IPMGM has started successfully.,
50008,0,,,,,,Windows Server 2019,1809,Standard,2021/07/13,17763.2061,IPMGM has started successfully.,
50008,0,,,,,,Windows Server 2019,1809,Standard,2021/06/08,17763.1999,IPMGM has started successfully.,
50008,0,,,,,,Windows 10,1809,Pro,2018/12/11,17763.194,IPMGM has started successfully.,
50008,0,,,,,,Windows Server 2019,1809,Standard,2021/05/11,17763.1935,IPMGM has started successfully.,
50008,0,,,,,,Windows Server 2019,1809,Standard,2021/04/13,17763.1879,IPMGM has started successfully.,
50008,0,,,,,,Windows Server 2019,1809,Standard,2021/03/09,17763.1817,IPMGM has started successfully.,
50008,0,,,,,,Windows Server 2019,1809,Standard,2021/02/09,17763.1757,IPMGM has started successfully.,
50008,0,,,,,,Windows Server 2019,1809,Standard,2021/01/12,17763.1697,IPMGM has started successfully.,
50008,0,,,,,,Windows Server 2019,1809,Standard,2020/12/08,17763.1637,IPMGM has started successfully.,
50008,0,,,,,,Windows 10,1809,Pro,2020/11/10,17763.1577,IPMGM has started successfully.,
50008,0,,,,,,Windows Server 2019,1809,Standard,2020/11/10,17763.1577,IPMGM has started successfully.,
50008,0,,,,,,Windows 10,1809,Pro,2020/10/13,17763.1518,IPMGM has started successfully.,
50008,0,,,,,,Windows Server 2019,1809,Standard,2020/10/13,17763.1518,IPMGM has started successfully.,
50008,0,,,,,,Windows 10,1809,Pro,2020/09/08,17763.1457,IPMGM has started successfully.,
50008,0,,,,,,Windows Server 2019,1809,Standard,2020/09/10,17763.1457,IPMGM has started successfully.,
50008,0,,,,,,Windows 10,1809,Pro,2020/08/11,17763.1397,IPMGM has started successfully.,
50008,0,,,,,,Windows Server 2019,1809,Standard,2020/08/11,17763.1397,IPMGM has started successfully.,
50008,0,,,,,,Windows 10,1809,Pro,2020/07/14,17763.1339,IPMGM has started successfully.,
50008,0,,,,,,Windows Server 2019,1809,Standard,2020/07/14,17763.1339,IPMGM has started successfully.,
50008,0,,,,,,Windows 10,1809,Pro,2020/06/09,17763.1282,IPMGM has started successfully.,
50008,0,,,,,,Windows Server 2019,1809,Standard,2020/06/09,17763.1282,IPMGM has started successfully.,
50008,0,,,,,,Windows 10,1809,Pro,2020/05/12,17763.1217,IPMGM has started successfully.,
50008,0,,,,,,Windows Server 2019,1809,Standard,2020/05/12,17763.1217,IPMGM has started successfully.,
50008,0,,,,,,Windows 10,1809,Pro,2020/04/14,17763.1158,IPMGM has started successfully.,
50008,0,,,,,,Windows Server 2019,1809,Standard,2020/04/14,17763.1158,IPMGM has started successfully.,
50008,0,,,,,,Windows 10,1809,Pro,2020/03/12,17763.1098,IPMGM has started successfully.,
50008,0,,,,,,Windows Server 2019,1809,Standard,2020/03/10,17763.1098,IPMGM has started successfully.,
50008,0,,,,,,Windows 10,1809,Pro,2018/11/13,17763.107,IPMGM has started successfully.,
50008,0,,,,,,Windows Server 2019,1809,Standard,2018/11/13,17763.107,IPMGM has started successfully.,
50008,0,,,,,,Windows 10,1809,Pro,2020/02/11,17763.1039,IPMGM has started successfully.,
50008,0,,,,,,Windows Server 2019,1809,Standard,2020/02/11,17763.1039,IPMGM has started successfully.,
50008,0,,,,,,Windows 10,1803,Pro,2019/08/13,17134.95,IPMGM has started successfully.,
50008,0,,,,,,Windows 10,1803,Pro,2019/07/09,17134.885,IPMGM has started successfully.,
50008,0,,,,,,Windows 10,1803,Pro,2019/06/11,17134.829,IPMGM has started successfully.,
50008,0,,,,,,Windows 10,1803,Pro,2019/05/19,17134.766,IPMGM has started successfully.,
50008,0,,,,,,Windows 10,1803,Pro,2019/04/09,17134.706,IPMGM has started successfully.,
50008,0,,,,,,Windows 10,1803,Pro,2019/03/12,17134.648,IPMGM has started successfully.,
50008,0,,,,,,Windows 10,1803,Pro,2019/01/08,17134.523,IPMGM has started successfully.,
50008,0,,,,,,Windows 10,1803,Pro,2018/09/11,17134.285,IPMGM has started successfully.,
50008,0,,,,,,Windows 10,1803,Pro,2018/08/14,17134.228,IPMGM has started successfully.,
50008,0,,,,,,Windows 10,1803,Pro,2018/06/12,17134.112,IPMGM has started successfully.,
50008,0,,,,,,Windows 10,1803,Pro,2019/09/10,17134.1006,IPMGM has started successfully.,
50008,0,,,,,,Windows 10,1803,Pro,1970/01/01,17134.1,IPMGM has started successfully.,
50008,0,,,,,,Windows 10,1709,Pro,2017/11/14,16299.64,IPMGM has started successfully.,
50008,0,,,,,,Windows 10,1709,Pro,2017/11/14,16299.15,IPMGM has started successfully.,
50008,0,,,,,,Windows 10,1709,Pro,2017/12/12,16299.125,IPMGM has started successfully.,
50008,0,,,,,,Windows 10,1703,Pro,2017/07/11,15063.483,IPMGM has started successfully.,
50008,0,,,,,,Windows 10,1703,Pro,2017/06/13,15063.413,IPMGM has started successfully.,
50008,0,,,,,,Windows 10,1703,Pro,2017/03/20,15063.0,IPMGM has started successfully.,
50008,0,,,,,,Windows 10,1607,Pro,2016/11/08,14393.447,IPMGM has started successfully.,
50008,0,,,,,,Windows Server 2016,1607,Standard,2016/11/08,14393.447,IPMGM has started successfully.,
50008,0,,,,,,Windows Server 2016,1607,Standard,2017/11/14,14393.1884,IPMGM has started successfully.,
50008,0,,,,,,Windows Server 2016,1607,Standard,2016/10/12,14393.0,IPMGM has started successfully.,
50008,0,,,,,,Windows 10,1511,Pro,2016/03/08,10586.164,IPMGM has started successfully.,
50008,0,,,,,,Windows 10,1511,Enterprise,2016/02/09,10586.104,IPMGM has started successfully.,
50008,0,,,,,,Windows 10,1511,Pro,1970/01/01,10586.0,IPMGM has started successfully.,
50008,0,,,,,,Windows 10,1507,Pro,2015/07/29,10240.0,IPMGM has started successfully.,
50008,0,,,,,,Windows 8.1,8.1,Pro,1970/01/01,9600.0,IPMGM has started successfully.,
50008,0,,,,,,Windows 8,8,Pro,1970/01/01,9200.0,IPMGM has started successfully.,
50008,0,,,,,,Windows Server 2008R2,SP1,Standard,2011/02/09,7601.0,IPMGM has started successfully.,
50008,0,,,,,,Windows 7,SP1,Ultimate,1970/01/01,7601.0,IPMGM has started successfully.,
50008,0,,,,,,Windows Server 2008,SP2,Standard,2009/05/26,6002.0,IPMGM has started successfully.,
50009,0,,,,,,Windows 11,24H2,Pro,2024/10/2,26100.1742,IPMGM could not schedule a task to be executed. This may have been caused by a memory allocation failure. The data is the error code.,
50009,0,,,,,,Windows 11,22H2,Pro,2022/12/20,22621.963,IPMGM could not schedule a task to be executed. This may have been caused by a memory allocation failure. The data is the error code.,
50009,0,,,,,,Windows 11,22H2,Pro,2022/11/15,22621.819,IPMGM could not schedule a task to be executed. This may have been caused by a memory allocation failure. The data is the error code.,
50009,0,,,,,,Windows 11,22H2,Pro,2022/10/18,22621.674,IPMGM could not schedule a task to be executed. This may have been caused by a memory allocation failure. The data is the error code.,
50009,0,,,,,,Windows 11,22H2,Pro,2022/09/20,22621.382,IPMGM could not schedule a task to be executed. This may have been caused by a memory allocation failure. The data is the error code.,
50009,0,,,,,,Windows 11,22H2,Pro,2023/03/21,22621.1413,IPMGM could not schedule a task to be executed. This may have been caused by a memory allocation failure. The data is the error code.,
50009,0,,,,,,Windows 11,22H2,Pro,2023/02/21,22621.1265,IPMGM could not schedule a task to be executed. This may have been caused by a memory allocation failure. The data is the error code.,
50009,0,,,,,,Windows 11,22H2,Pro,2023/01/17,22621.1105,IPMGM could not schedule a task to be executed. This may have been caused by a memory allocation failure. The data is the error code.,
50009,0,,,,,,Windows 11,21H2,Pro,2022/09/20,22000.978,IPMGM could not schedule a task to be executed. This may have been caused by a memory allocation failure. The data is the error code.,
50009,0,,,,,,Windows 11,21H2,Pro,2022/08/16,22000.856,IPMGM could not schedule a task to be executed. This may have been caused by a memory allocation failure. The data is the error code.,
50009,0,,,,,,Windows 11,21H2,Pro,2022/07/19,22000.795,IPMGM could not schedule a task to be executed. This may have been caused by a memory allocation failure. The data is the error code.,
50009,0,,,,,,Windows 11,21H2,Pro,2022/06/21,22000.739,IPMGM could not schedule a task to be executed. This may have been caused by a memory allocation failure. The data is the error code.,
50009,0,,,,,,Windows 11,21H2,Pro,2022/05/17,22000.675,IPMGM could not schedule a task to be executed. This may have been caused by a memory allocation failure. The data is the error code.,
50009,0,,,,,,Windows 11,21H2,Pro,2022/04/19,22000.613,IPMGM could not schedule a task to be executed. This may have been caused by a memory allocation failure. The data is the error code.,
50009,0,,,,,,Windows 11,21H2,Pro,2022/03/15,22000.556,IPMGM could not schedule a task to be executed. This may have been caused by a memory allocation failure. The data is the error code.,
50009,0,,,,,,Windows 11,21H2,Pro,2022/02/15,22000.493,IPMGM could not schedule a task to be executed. This may have been caused by a memory allocation failure. The data is the error code.,
50009,0,,,,,,Windows 11,21H2,Pro,2022/01/11,22000.434,IPMGM could not schedule a task to be executed. This may have been caused by a memory allocation failure. The data is the error code.,
50009,0,,,,,,Windows 11,21H2,Pro,2021/12/14,22000.376,IPMGM could not schedule a task to be executed. This may have been caused by a memory allocation failure. The data is the error code.,
50009,0,,,,,,Windows 11,21H2,Pro,2021/11/09,22000.318,IPMGM could not schedule a task to be executed. This may have been caused by a memory allocation failure. The data is the error code.,
50009,0,,,,,,Windows 11,21H2,Pro,2021/09/16,22000.194,IPMGM could not schedule a task to be executed. This may have been caused by a memory allocation failure. The data is the error code.,
50009,0,,,,,,Windows 11,21H2,Pro,2023/03/21,22000.1696,IPMGM could not schedule a task to be executed. This may have been caused by a memory allocation failure. The data is the error code.,
50009,0,,,,,,Windows 11,21H2,Pro,2023/02/21,22000.1574,IPMGM could not schedule a task to be executed. This may have been caused by a memory allocation failure. The data is the error code.,
50009,0,,,,,,Windows 11,21H2,Pro,2023/01/17,22000.1455,IPMGM could not schedule a task to be executed. This may have been caused by a memory allocation failure. The data is the error code.,
50009,0,,,,,,Windows 11,21H2,Pro,2022/12/20,22000.1335,IPMGM could not schedule a task to be executed. This may have been caused by a memory allocation failure. The data is the error code.,
50009,0,,,,,,Windows 11,21H2,Pro,2022/11/15,22000.1219,IPMGM could not schedule a task to be executed. This may have been caused by a memory allocation failure. The data is the error code.,
50009,0,,,,,,Windows 11,21H2,Pro,2022/10/18,22000.1098,IPMGM could not schedule a task to be executed. This may have been caused by a memory allocation failure. The data is the error code.,
50009,0,,,,,,Windows 11,21H2,Pro-Dev,1970/01/01,21996.1,IPMGM could not schedule a task to be executed. This may have been caused by a memory allocation failure. The data is the error code.,
50009,0,,,,,,Windows Server 2022,21H2,Standard,2022/08/16,20348.887,IPMGM could not schedule a task to be executed. This may have been caused by a memory allocation failure. The data is the error code.,
50009,0,,,,,,Windows Server 2022,21H2,Standard,2022/07/19,20348.825,IPMGM could not schedule a task to be executed. This may have been caused by a memory allocation failure. The data is the error code.,
50009,0,,,,,,Windows Server 2022,21H2,Standard,2022/06/21,20348.768,IPMGM could not schedule a task to be executed. This may have been caused by a memory allocation failure. The data is the error code.,
50009,0,,,,,,Windows Server 2022,21H2,Standard,2022/05/17,20348.707,IPMGM could not schedule a task to be executed. This may have been caused by a memory allocation failure. The data is the error code.,
50009,0,,,,,,Windows Server 2022,21H2,Standard,2022/04/19,20348.643,IPMGM could not schedule a task to be executed. This may have been caused by a memory allocation failure. The data is the error code.,
50009,0,,,,,,Windows Server 2022,21H2,Standard,2022/02/15,20348.587,IPMGM could not schedule a task to be executed. This may have been caused by a memory allocation failure. The data is the error code.,
50009,0,,,,,,Windows Server 2022,21H2,Standard,2022/02/15,20348.524,IPMGM could not schedule a task to be executed. This may have been caused by a memory allocation failure. The data is the error code.,
50009,0,,,,,,Windows Server 2022,21H2,Standard,2022/01/11,20348.469,IPMGM could not schedule a task to be executed. This may have been caused by a memory allocation failure. The data is the error code.,
50009,0,,,,,,Windows Server 2022,21H2,Standard,2021/12/08,20348.405,IPMGM could not schedule a task to be executed. This may have been caused by a memory allocation failure. The data is the error code.,
50009,0,,,,,,Windows Server 2022,21H2,Standard,2021/11/09,20348.35,IPMGM could not schedule a task to be executed. This may have been caused by a memory allocation failure. The data is the error code.,
50009,0,,,,,,Windows Server 2022,21H2,Standard,2021/10/12,20348.288,IPMGM could not schedule a task to be executed. This may have been caused by a memory allocation failure. The data is the error code.,
50009,0,,,,,,Windows Server 2022,21H2,Standard,2021/09/14,20348.23,IPMGM could not schedule a task to be executed. This may have been caused by a memory allocation failure. The data is the error code.,
50009,0,,,,,,Windows Server 2022,21H2,Standard,2021/08/18,20348.169,IPMGM could not schedule a task to be executed. This may have been caused by a memory allocation failure. The data is the error code.,
50009,0,,,,,,Windows Server 2022,21H2,Standard,2023/03/21,20348.1607,IPMGM could not schedule a task to be executed. This may have been caused by a memory allocation failure. The data is the error code.,
50009,0,,,,,,Windows Server 2022,21H2,Standard,2023/02/21,20348.1547,IPMGM could not schedule a task to be executed. This may have been caused by a memory allocation failure. The data is the error code.,
50009,0,,,,,,Windows Server 2022,21H2,Standard,2023/01/17,20348.1487,IPMGM could not schedule a task to be executed. This may have been caused by a memory allocation failure. The data is the error code.,
50009,0,,,,,,Windows Server 2022,21H2,Standard,2022/12/20,20348.1366,IPMGM could not schedule a task to be executed. This may have been caused by a memory allocation failure. The data is the error code.,
50009,0,,,,,,Windows Server 2022,21H2,Standard,2022/11/15,20348.1249,IPMGM could not schedule a task to be executed. This may have been caused by a memory allocation failure. The data is the error code.,
50009,0,,,,,,Windows Server 2022,21H2,Standard,2022/10/18,20348.1129,IPMGM could not schedule a task to be executed. This may have been caused by a memory allocation failure. The data is the error code.,
50009,0,,,,,,Windows Server 2022,21H2,Standard,2022/09/20,20348.1006,IPMGM could not schedule a task to be executed. This may have been caused by a memory allocation failure. The data is the error code.,
50009,0,,,,,,Windows 10,22H2,Pro,2023/03/21,19045.2728,IPMGM could not schedule a task to be executed. This may have been caused by a memory allocation failure. The data is the error code.,
50009,0,,,,,,Windows 10,22H2,Pro,2023/02/21,19045.2604,IPMGM could not schedule a task to be executed. This may have been caused by a memory allocation failure. The data is the error code.,
50009,0,,,,,,Windows 10,22H2,Pro,2023/01/17,19045.2486,IPMGM could not schedule a task to be executed. This may have been caused by a memory allocation failure. The data is the error code.,
50009,0,,,,,,Windows 10,22H2,Pro,2022/12/20,19045.2364,IPMGM could not schedule a task to be executed. This may have been caused by a memory allocation failure. The data is the error code.,
50009,0,,,,,,Windows 10,22H2,Pro,2022/11/15,19045.2251,IPMGM could not schedule a task to be executed. This may have been caused by a memory allocation failure. The data is the error code.,
50009,0,,,,,,Windows 10,21H2,Pro,2023/03/21,19044.2728,IPMGM could not schedule a task to be executed. This may have been caused by a memory allocation failure. The data is the error code.,
50009,0,,,,,,Windows 10,21H2,Pro,2023/02/21,19044.2604,IPMGM could not schedule a task to be executed. This may have been caused by a memory allocation failure. The data is the error code.,
50009,0,,,,,,Windows 10,21H2,Pro,2023/01/17,19044.2486,IPMGM could not schedule a task to be executed. This may have been caused by a memory allocation failure. The data is the error code.,
50009,0,,,,,,Windows 10,21H2,Pro,2022/12/20,19044.2364,IPMGM could not schedule a task to be executed. This may have been caused by a memory allocation failure. The data is the error code.,
50009,0,,,,,,Windows 10,21H2,Pro,2022/11/15,19044.2251,IPMGM could not schedule a task to be executed. This may have been caused by a memory allocation failure. The data is the error code.,
50009,0,,,,,,Windows 10,21H2,Pro,2022/10/18,19044.213,IPMGM could not schedule a task to be executed. This may have been caused by a memory allocation failure. The data is the error code.,
50009,0,,,,,,Windows 10,21H2,Pro,2022/09/20,19044.2006,IPMGM could not schedule a task to be executed. This may have been caused by a memory allocation failure. The data is the error code.,
50009,0,,,,,,Windows 10,21H2,Pro,2022/08/16,19044.1889,IPMGM could not schedule a task to be executed. This may have been caused by a memory allocation failure. The data is the error code.,
50009,0,,,,,,Windows 10,21H2,Pro,2022/07/19,19044.1826,IPMGM could not schedule a task to be executed. This may have been caused by a memory allocation failure. The data is the error code.,
50009,0,,,,,,Windows 10,21H2,Pro,2022/06/21,19044.1766,IPMGM could not schedule a task to be executed. This may have been caused by a memory allocation failure. The data is the error code.,
50009,0,,,,,,Windows 10,21H2,Pro,2022/05/17,19044.1706,IPMGM could not schedule a task to be executed. This may have been caused by a memory allocation failure. The data is the error code.,
50009,0,,,,,,Windows 10,21H2,Pro,2022/04/19,19044.1645,IPMGM could not schedule a task to be executed. This may have been caused by a memory allocation failure. The data is the error code.,
50009,0,,,,,,Windows 10,21H2,Pro,2022/01/11,19044.1466,IPMGM could not schedule a task to be executed. This may have been caused by a memory allocation failure. The data is the error code.,
50009,0,,,,,,Windows 10,21H2,Pro,2021/10/12,19044.1288,IPMGM could not schedule a task to be executed. This may have been caused by a memory allocation failure. The data is the error code.,
50009,0,,,,,,Windows 10,21H1,Pro,2021/04/13,19043.928,IPMGM could not schedule a task to be executed. This may have been caused by a memory allocation failure. The data is the error code.,
50009,0,,,,,,Windows 10,21H1,Pro,2022/12/20,19043.2364,IPMGM could not schedule a task to be executed. This may have been caused by a memory allocation failure. The data is the error code.,
50009,0,,,,,,Windows 10,21H1,Pro,2022/11/15,19043.2251,IPMGM could not schedule a task to be executed. This may have been caused by a memory allocation failure. The data is the error code.,
50009,0,,,,,,Windows 10,21H1,Pro,2022/10/18,19043.213,IPMGM could not schedule a task to be executed. This may have been caused by a memory allocation failure. The data is the error code.,
50009,0,,,,,,Windows 10,21H1,Pro,2022/09/20,19043.2006,IPMGM could not schedule a task to be executed. This may have been caused by a memory allocation failure. The data is the error code.,
50009,0,,,,,,Windows 10,21H1,Pro,2022/08/16,19043.1889,IPMGM could not schedule a task to be executed. This may have been caused by a memory allocation failure. The data is the error code.,
50009,0,,,,,,Windows 10,21H1,Pro,2022/07/19,19043.1826,IPMGM could not schedule a task to be executed. This may have been caused by a memory allocation failure. The data is the error code.,
50009,0,,,,,,Windows 10,21H1,Pro,2022/06/21,19043.1766,IPMGM could not schedule a task to be executed. This may have been caused by a memory allocation failure. The data is the error code.,
50009,0,,,,,,Windows 10,21H1,Pro,2022/05/17,19043.1706,IPMGM could not schedule a task to be executed. This may have been caused by a memory allocation failure. The data is the error code.,
50009,0,,,,,,Windows 10,21H1,Pro,2022/04/19,19043.1645,IPMGM could not schedule a task to be executed. This may have been caused by a memory allocation failure. The data is the error code.,
50009,0,,,,,,Windows 10,21H1,Pro,2022/01/11,19043.1466,IPMGM could not schedule a task to be executed. This may have been caused by a memory allocation failure. The data is the error code.,
50009,0,,,,,,Windows 10,21H1,Pro,2021/12/14,19043.1415,IPMGM could not schedule a task to be executed. This may have been caused by a memory allocation failure. The data is the error code.,
50009,0,,,,,,Windows 10,21H2,Pro,2021/12/14,19043.1415,IPMGM could not schedule a task to be executed. This may have been caused by a memory allocation failure. The data is the error code.,
50009,0,,,,,,Windows 10,21H1,Pro,2021/11/09,19043.1348,IPMGM could not schedule a task to be executed. This may have been caused by a memory allocation failure. The data is the error code.,
50009,0,,,,,,Windows 10,21H1,Pro,2021/10/12,19043.1288,IPMGM could not schedule a task to be executed. This may have been caused by a memory allocation failure. The data is the error code.,
50009,0,,,,,,Windows 10,21H1,Pro,2021/09/14,19043.1237,IPMGM could not schedule a task to be executed. This may have been caused by a memory allocation failure. The data is the error code.,
50009,0,,,,,,Windows 10,21H1,Pro,2021/08/10,19043.1165,IPMGM could not schedule a task to be executed. This may have been caused by a memory allocation failure. The data is the error code.,
50009,0,,,,,,Windows 10,21H1,Pro,2021/07/13,19043.111,IPMGM could not schedule a task to be executed. This may have been caused by a memory allocation failure. The data is the error code.,
50009,0,,,,,,Windows 10,21H1,Pro,2021/06/08,19043.1052,IPMGM could not schedule a task to be executed. This may have been caused by a memory allocation failure. The data is the error code.,
50009,0,,,,,,Windows 10,20H2,Pro,2022/04/19,19042.1645,IPMGM could not schedule a task to be executed. This may have been caused by a memory allocation failure. The data is the error code.,
50009,0,,,,,,Windows 10,20H2,Pro,2022/01/11,19042.1466,IPMGM could not schedule a task to be executed. This may have been caused by a memory allocation failure. The data is the error code.,
50009,0,,,,,,Windows 10,2004,Pro,2021/05/11,19041.985,IPMGM could not schedule a task to be executed. This may have been caused by a memory allocation failure. The data is the error code.,
50009,0,,,,,,Windows 10,20H2,Pro,2021/05/11,19041.985,IPMGM could not schedule a task to be executed. This may have been caused by a memory allocation failure. The data is the error code.,
50009,0,,,,,,Windows 10,2004,Pro,2021/04/13,19041.928,IPMGM could not schedule a task to be executed. This may have been caused by a memory allocation failure. The data is the error code.,
50009,0,,,,,,Windows 10,20H2,Pro,2021/04/13,19041.928,IPMGM could not schedule a task to be executed. This may have been caused by a memory allocation failure. The data is the error code.,
50009,0,,,,,,Windows 10,2004,Pro,2021/03/09,19041.867,IPMGM could not schedule a task to be executed. This may have been caused by a memory allocation failure. The data is the error code.,
50009,0,,,,,,Windows 10,20H2,Pro,2021/03/09,19041.867,IPMGM could not schedule a task to be executed. This may have been caused by a memory allocation failure. The data is the error code.,
50009,0,,,,,,Windows 10,2004,Pro,2021/02/09,19041.804,IPMGM could not schedule a task to be executed. This may have been caused by a memory allocation failure. The data is the error code.,
50009,0,,,,,,Windows 10,20H2,Pro,2021/02/09,19041.804,IPMGM could not schedule a task to be executed. This may have been caused by a memory allocation failure. The data is the error code.,
50009,0,,,,,,Windows 10,2004,Pro,2021/01/12,19041.746,IPMGM could not schedule a task to be executed. This may have been caused by a memory allocation failure. The data is the error code.,
50009,0,,,,,,Windows 10,20H2,Pro,2021/01/12,19041.746,IPMGM could not schedule a task to be executed. This may have been caused by a memory allocation failure. The data is the error code.,
50009,0,,,,,,Windows 10,2004,Pro,2020/12/08,19041.685,IPMGM could not schedule a task to be executed. This may have been caused by a memory allocation failure. The data is the error code.,
50009,0,,,,,,Windows 10,20H2,Pro,2020/12/08,19041.685,IPMGM could not schedule a task to be executed. This may have been caused by a memory allocation failure. The data is the error code.,
50009,0,,,,,,Windows 10,20H2,Pro,2020/11/19,19041.631,IPMGM could not schedule a task to be executed. This may have been caused by a memory allocation failure. The data is the error code.,
50009,0,,,,,,Windows 10,2004,Pro,2020/11/10,19041.63,IPMGM could not schedule a task to be executed. This may have been caused by a memory allocation failure. The data is the error code.,
50009,0,,,,,,Windows 10,2004,Pro,2020/10/13,19041.572,IPMGM could not schedule a task to be executed. This may have been caused by a memory allocation failure. The data is the error code.,
50009,0,,,,,,Windows 10,2004,Pro,2020/09/08,19041.508,IPMGM could not schedule a task to be executed. This may have been caused by a memory allocation failure. The data is the error code.,
50009,0,,,,,,Windows 10,2004,Pro,2020/08/11,19041.45,IPMGM could not schedule a task to be executed. This may have been caused by a memory allocation failure. The data is the error code.,
50009,0,,,,,,Windows 10,2004,Pro,2020/07/14,19041.388,IPMGM could not schedule a task to be executed. This may have been caused by a memory allocation failure. The data is the error code.,
50009,0,,,,,,Windows 10,2004,Pro,2020/06/09,19041.329,IPMGM could not schedule a task to be executed. This may have been caused by a memory allocation failure. The data is the error code.,
50009,0,,,,,,Windows 10,2004,Pro,2020/05/27,19041.264,IPMGM could not schedule a task to be executed. This may have been caused by a memory allocation failure. The data is the error code.,
50009,0,,,,,,Windows 10,2004,Pro,2020/04/16,19041.208,IPMGM could not schedule a task to be executed. This may have been caused by a memory allocation failure. The data is the error code.,
50009,0,,,,,,Windows 10,21H1,Pro,2022/03/15,19041.1586,IPMGM could not schedule a task to be executed. This may have been caused by a memory allocation failure. The data is the error code.,
50009,0,,,,,,Windows 10,20H2,Pro,2022/03/15,19041.1586,IPMGM could not schedule a task to be executed. This may have been caused by a memory allocation failure. The data is the error code.,
50009,0,,,,,,Windows 10,21H2,Pro,2022/03/15,19041.1586,IPMGM could not schedule a task to be executed. This may have been caused by a memory allocation failure. The data is the error code.,
50009,0,,,,,,Windows 10,21H1,Pro,2022/02/15,19041.1526,IPMGM could not schedule a task to be executed. This may have been caused by a memory allocation failure. The data is the error code.,
50009,0,,,,,,Windows 10,20H2,Pro,2022/02/15,19041.1526,IPMGM could not schedule a task to be executed. This may have been caused by a memory allocation failure. The data is the error code.,
50009,0,,,,,,Windows 10,21H2,Pro,2022/02/15,19041.1526,IPMGM could not schedule a task to be executed. This may have been caused by a memory allocation failure. The data is the error code.,
50009,0,,,,,,Windows 10,20H2,Pro,2021/12/14,19041.1415,IPMGM could not schedule a task to be executed. This may have been caused by a memory allocation failure. The data is the error code.,
50009,0,,,,,,Windows 10,2004,Pro,2021/11/09,19041.1348,IPMGM could not schedule a task to be executed. This may have been caused by a memory allocation failure. The data is the error code.,
50009,0,,,,,,Windows 10,20H2,Pro,2021/11/09,19041.1348,IPMGM could not schedule a task to be executed. This may have been caused by a memory allocation failure. The data is the error code.,
50009,0,,,,,,Windows 10,2004,Pro,2021/10/12,19041.1288,IPMGM could not schedule a task to be executed. This may have been caused by a memory allocation failure. The data is the error code.,
50009,0,,,,,,Windows 10,20H2,Pro,2021/10/12,19041.1288,IPMGM could not schedule a task to be executed. This may have been caused by a memory allocation failure. The data is the error code.,
50009,0,,,,,,Windows 10,2004,Pro,2021/09/14,19041.1237,IPMGM could not schedule a task to be executed. This may have been caused by a memory allocation failure. The data is the error code.,
50009,0,,,,,,Windows 10,20H2,Pro,2021/09/14,19041.1237,IPMGM could not schedule a task to be executed. This may have been caused by a memory allocation failure. The data is the error code.,
50009,0,,,,,,Windows 10,2004,Pro,2021/08/10,19041.1165,IPMGM could not schedule a task to be executed. This may have been caused by a memory allocation failure. The data is the error code.,
50009,0,,,,,,Windows 10,20H2,Pro,2021/08/10,19041.1165,IPMGM could not schedule a task to be executed. This may have been caused by a memory allocation failure. The data is the error code.,
50009,0,,,,,,Windows 10,2004,Pro,2021/07/13,19041.111,IPMGM could not schedule a task to be executed. This may have been caused by a memory allocation failure. The data is the error code.,
50009,0,,,,,,Windows 10,20H2,Pro,2021/07/13,19041.111,IPMGM could not schedule a task to be executed. This may have been caused by a memory allocation failure. The data is the error code.,
50009,0,,,,,,Windows 10,2004,Pro,2021/06/08,19041.1052,IPMGM could not schedule a task to be executed. This may have been caused by a memory allocation failure. The data is the error code.,
50009,0,,,,,,Windows 10,20H2,Pro,2021/06/08,19041.1052,IPMGM could not schedule a task to be executed. This may have been caused by a memory allocation failure. The data is the error code.,
50009,0,,,,,,Windows 10,1909,Pro,2020/07/14,18363.959,IPMGM could not schedule a task to be executed. This may have been caused by a memory allocation failure. The data is the error code.,
50009,0,,,,,,Windows 10,1909,Pro,2020/06/09,18363.9,IPMGM could not schedule a task to be executed. This may have been caused by a memory allocation failure. The data is the error code.,
50009,0,,,,,,Windows 10,1909,Pro,2020/05/12,18363.836,IPMGM could not schedule a task to be executed. This may have been caused by a memory allocation failure. The data is the error code.,
50009,0,,,,,,Windows 10,1909,Pro,2020/04/14,18363.778,IPMGM could not schedule a task to be executed. This may have been caused by a memory allocation failure. The data is the error code.,
50009,0,,,,,,Windows 10,1909,Pro,2020/03/12,18363.72,IPMGM could not schedule a task to be executed. This may have been caused by a memory allocation failure. The data is the error code.,
50009,0,,,,,,Windows 10,1909,Pro,2020/02/11,18363.657,IPMGM could not schedule a task to be executed. This may have been caused by a memory allocation failure. The data is the error code.,
50009,0,,,,,,Windows 10,1909,Pro,2020/01/14,18363.592,IPMGM could not schedule a task to be executed. This may have been caused by a memory allocation failure. The data is the error code.,
50009,0,,,,,,Windows 10,1909,Pro,2019/12/10,18363.535,IPMGM could not schedule a task to be executed. This may have been caused by a memory allocation failure. The data is the error code.,
50009,0,,,,,,Windows 10,1909,Pro,2019/10/05,18363.418,IPMGM could not schedule a task to be executed. This may have been caused by a memory allocation failure. The data is the error code.,
50009,0,,,,,,Windows 10,1909,Pro,2021/06/08,18363.1621,IPMGM could not schedule a task to be executed. This may have been caused by a memory allocation failure. The data is the error code.,
50009,0,,,,,,Windows 10,1909,Pro,2021/05/11,18363.1556,IPMGM could not schedule a task to be executed. This may have been caused by a memory allocation failure. The data is the error code.,
50009,0,,,,,,Windows 10,1909,Pro,2021/04/13,18363.15,IPMGM could not schedule a task to be executed. This may have been caused by a memory allocation failure. The data is the error code.,
50009,0,,,,,,Windows 10,1909,Pro,2021/03/09,18363.144,IPMGM could not schedule a task to be executed. This may have been caused by a memory allocation failure. The data is the error code.,
50009,0,,,,,,Windows 10,1909,Pro,2021/02/11,18363.1379,IPMGM could not schedule a task to be executed. This may have been caused by a memory allocation failure. The data is the error code.,
50009,0,,,,,,Windows 10,1909,Pro,2021/01/12,18363.1316,IPMGM could not schedule a task to be executed. This may have been caused by a memory allocation failure. The data is the error code.,
50009,0,,,,,,Windows 10,1909,Pro,2020/12/08,18363.1256,IPMGM could not schedule a task to be executed. This may have been caused by a memory allocation failure. The data is the error code.,
50009,0,,,,,,Windows 10,1909,Pro,2020/11/10,18363.1198,IPMGM could not schedule a task to be executed. This may have been caused by a memory allocation failure. The data is the error code.,
50009,0,,,,,,Windows 10,1909,Pro,2020/10/13,18363.1139,IPMGM could not schedule a task to be executed. This may have been caused by a memory allocation failure. The data is the error code.,
50009,0,,,,,,Windows 10,1909,Pro,2020/09/08,18363.1082,IPMGM could not schedule a task to be executed. This may have been caused by a memory allocation failure. The data is the error code.,
50009,0,,,,,,Windows 10,1909,Pro,2020/08/11,18363.1016,IPMGM could not schedule a task to be executed. This may have been caused by a memory allocation failure. The data is the error code.,
50009,0,,,,,,Windows 10,1903,Pro,2020/07/14,18362.959,IPMGM could not schedule a task to be executed. This may have been caused by a memory allocation failure. The data is the error code.,
50009,0,,,,,,Windows 10,1903,Pro,2020/05/12,18362.836,IPMGM could not schedule a task to be executed. This may have been caused by a memory allocation failure. The data is the error code.,
50009,0,,,,,,Windows 10,1903,Pro,2020/03/12,18362.72,IPMGM could not schedule a task to be executed. This may have been caused by a memory allocation failure. The data is the error code.,
50009,0,,,,,,Windows 10,1903,Pro,2020/02/11,18362.657,IPMGM could not schedule a task to be executed. This may have been caused by a memory allocation failure. The data is the error code.,
50009,0,,,,,,Windows 10,1903,Pro,2019/12/10,18362.535,IPMGM could not schedule a task to be executed. This may have been caused by a memory allocation failure. The data is the error code.,
50009,0,,,,,,Windows 10,1903,Pro,2019/11/12,18362.476,IPMGM could not schedule a task to be executed. This may have been caused by a memory allocation failure. The data is the error code.,
50009,0,,,,,,Windows 10,1903,Pro,2019/09/10,18362.356,IPMGM could not schedule a task to be executed. This may have been caused by a memory allocation failure. The data is the error code.,
50009,0,,,,,,Windows 10,1903,Pro,2019/03/29,18362.3,IPMGM could not schedule a task to be executed. This may have been caused by a memory allocation failure. The data is the error code.,
50009,0,,,,,,Windows 10,1903,Pro,2019/07/09,18362.239,IPMGM could not schedule a task to be executed. This may have been caused by a memory allocation failure. The data is the error code.,
50009,0,,,,,,Windows 10,1903,Pro,2019/06/11,18362.175,IPMGM could not schedule a task to be executed. This may have been caused by a memory allocation failure. The data is the error code.,
50009,0,,,,,,Windows 10,1903,Pro,2020/12/08,18362.1256,IPMGM could not schedule a task to be executed. This may have been caused by a memory allocation failure. The data is the error code.,
50009,0,,,,,,Windows 10,1903,Pro,2020/11/10,18362.1198,IPMGM could not schedule a task to be executed. This may have been caused by a memory allocation failure. The data is the error code.,
50009,0,,,,,,Windows 10,1903,Pro,2020/10/13,18362.1139,IPMGM could not schedule a task to be executed. This may have been caused by a memory allocation failure. The data is the error code.,
50009,0,,,,,,Windows 10,1903,Pro,2020/09/08,18362.1082,IPMGM could not schedule a task to be executed. This may have been caused by a memory allocation failure. The data is the error code.,
50009,0,,,,,,Windows 10,1903,Pro,2019/12/10,18362.1016,IPMGM could not schedule a task to be executed. This may have been caused by a memory allocation failure. The data is the error code.,
50009,0,,,,,,Windows 10,1809,Pro,2020/01/14,17763.973,IPMGM could not schedule a task to be executed. This may have been caused by a memory allocation failure. The data is the error code.,
50009,0,,,,,,Windows Server 2019,1809,Standard,2020/01/14,17763.973,IPMGM could not schedule a task to be executed. This may have been caused by a memory allocation failure. The data is the error code.,
50009,0,,,,,,Windows 10,1809,Pro,2019/12/10,17763.914,IPMGM could not schedule a task to be executed. This may have been caused by a memory allocation failure. The data is the error code.,
50009,0,,,,,,Windows Server 2019,1809,Standard,2019/12/10,17763.914,IPMGM could not schedule a task to be executed. This may have been caused by a memory allocation failure. The data is the error code.,
50009,0,,,,,,Windows 10,1809,Pro,2019/11/12,17763.864,IPMGM could not schedule a task to be executed. This may have been caused by a memory allocation failure. The data is the error code.,
50009,0,,,,,,Windows Server 2019,1809,Standard,2019/11/12,17763.864,IPMGM could not schedule a task to be executed. This may have been caused by a memory allocation failure. The data is the error code.,
50009,0,,,,,,Windows 10,1809,Pro,2019/10/08,17763.805,IPMGM could not schedule a task to be executed. This may have been caused by a memory allocation failure. The data is the error code.,
50009,0,,,,,,Windows 10,1809,Pro,2019/09/10,17763.737,IPMGM could not schedule a task to be executed. This may have been caused by a memory allocation failure. The data is the error code.,
50009,0,,,,,,Windows Server 2019,1809,Standard,2019/09/10,17763.737,IPMGM could not schedule a task to be executed. This may have been caused by a memory allocation failure. The data is the error code.,
50009,0,,,,,,Windows 10,1809,Pro,2019/08/13,17763.678,IPMGM could not schedule a task to be executed. This may have been caused by a memory allocation failure. The data is the error code.,
50009,0,,,,,,Windows Server 2019,1809,Standard,2019/08/13,17763.678,IPMGM could not schedule a task to be executed. This may have been caused by a memory allocation failure. The data is the error code.,
50009,0,,,,,,Windows 10,1809,Pro,2019/07/09,17763.615,IPMGM could not schedule a task to be executed. This may have been caused by a memory allocation failure. The data is the error code.,
50009,0,,,,,,Windows 10,1809,Pro,2019/06/11,17763.557,IPMGM could not schedule a task to be executed. This may have been caused by a memory allocation failure. The data is the error code.,
50009,0,,,,,,Windows 10,1809,Pro,2019/05/19,17763.504,IPMGM could not schedule a task to be executed. This may have been caused by a memory allocation failure. The data is the error code.,
50009,0,,,,,,Windows 10,1809,Pro,2019/04/09,17763.437,IPMGM could not schedule a task to be executed. This may have been caused by a memory allocation failure. The data is the error code.,
50009,0,,,,,,Windows 10,1809,Pro,2019/03/12,17763.379,IPMGM could not schedule a task to be executed. This may have been caused by a memory allocation failure. The data is the error code.,
50009,0,,,,,,Windows Server 2019,1809,Standard,2019/03/12,17763.379,IPMGM could not schedule a task to be executed. This may have been caused by a memory allocation failure. The data is the error code.,
50009,0,,,,,,Windows Server 2019,1809,Standard,2022/11/15,17763.365,IPMGM could not schedule a task to be executed. This may have been caused by a memory allocation failure. The data is the error code.,
50009,0,,,,,,Windows 10,1809,Pro,2019/02/12,17763.316,IPMGM could not schedule a task to be executed. This may have been caused by a memory allocation failure. The data is the error code.,
50009,0,,,,,,Windows 10,1803,Pro,2019/01/08,17763.253,IPMGM could not schedule a task to be executed. This may have been caused by a memory allocation failure. The data is the error code.,
50009,0,,,,,,Windows Server 2019,1809,Standard,2021/08/10,17763.2114,IPMGM could not schedule a task to be executed. This may have been caused by a memory allocation failure. The data is the error code.,
50009,0,,,,,,Windows Server 2019,1809,Standard,2021/07/13,17763.2061,IPMGM could not schedule a task to be executed. This may have been caused by a memory allocation failure. The data is the error code.,
50009,0,,,,,,Windows Server 2019,1809,Standard,2021/06/08,17763.1999,IPMGM could not schedule a task to be executed. This may have been caused by a memory allocation failure. The data is the error code.,
50009,0,,,,,,Windows 10,1809,Pro,2018/12/11,17763.194,IPMGM could not schedule a task to be executed. This may have been caused by a memory allocation failure. The data is the error code.,
50009,0,,,,,,Windows Server 2019,1809,Standard,2021/05/11,17763.1935,IPMGM could not schedule a task to be executed. This may have been caused by a memory allocation failure. The data is the error code.,
50009,0,,,,,,Windows Server 2019,1809,Standard,2021/04/13,17763.1879,IPMGM could not schedule a task to be executed. This may have been caused by a memory allocation failure. The data is the error code.,
50009,0,,,,,,Windows Server 2019,1809,Standard,2021/03/09,17763.1817,IPMGM could not schedule a task to be executed. This may have been caused by a memory allocation failure. The data is the error code.,
50009,0,,,,,,Windows Server 2019,1809,Standard,2021/02/09,17763.1757,IPMGM could not schedule a task to be executed. This may have been caused by a memory allocation failure. The data is the error code.,
50009,0,,,,,,Windows Server 2019,1809,Standard,2021/01/12,17763.1697,IPMGM could not schedule a task to be executed. This may have been caused by a memory allocation failure. The data is the error code.,
50009,0,,,,,,Windows Server 2019,1809,Standard,2020/12/08,17763.1637,IPMGM could not schedule a task to be executed. This may have been caused by a memory allocation failure. The data is the error code.,
50009,0,,,,,,Windows 10,1809,Pro,2020/11/10,17763.1577,IPMGM could not schedule a task to be executed. This may have been caused by a memory allocation failure. The data is the error code.,
50009,0,,,,,,Windows Server 2019,1809,Standard,2020/11/10,17763.1577,IPMGM could not schedule a task to be executed. This may have been caused by a memory allocation failure. The data is the error code.,
50009,0,,,,,,Windows 10,1809,Pro,2020/10/13,17763.1518,IPMGM could not schedule a task to be executed. This may have been caused by a memory allocation failure. The data is the error code.,
50009,0,,,,,,Windows Server 2019,1809,Standard,2020/10/13,17763.1518,IPMGM could not schedule a task to be executed. This may have been caused by a memory allocation failure. The data is the error code.,
50009,0,,,,,,Windows 10,1809,Pro,2020/09/08,17763.1457,IPMGM could not schedule a task to be executed. This may have been caused by a memory allocation failure. The data is the error code.,
50009,0,,,,,,Windows Server 2019,1809,Standard,2020/09/10,17763.1457,IPMGM could not schedule a task to be executed. This may have been caused by a memory allocation failure. The data is the error code.,
50009,0,,,,,,Windows 10,1809,Pro,2020/08/11,17763.1397,IPMGM could not schedule a task to be executed. This may have been caused by a memory allocation failure. The data is the error code.,
50009,0,,,,,,Windows Server 2019,1809,Standard,2020/08/11,17763.1397,IPMGM could not schedule a task to be executed. This may have been caused by a memory allocation failure. The data is the error code.,
50009,0,,,,,,Windows 10,1809,Pro,2020/07/14,17763.1339,IPMGM could not schedule a task to be executed. This may have been caused by a memory allocation failure. The data is the error code.,
50009,0,,,,,,Windows Server 2019,1809,Standard,2020/07/14,17763.1339,IPMGM could not schedule a task to be executed. This may have been caused by a memory allocation failure. The data is the error code.,
50009,0,,,,,,Windows 10,1809,Pro,2020/06/09,17763.1282,IPMGM could not schedule a task to be executed. This may have been caused by a memory allocation failure. The data is the error code.,
50009,0,,,,,,Windows Server 2019,1809,Standard,2020/06/09,17763.1282,IPMGM could not schedule a task to be executed. This may have been caused by a memory allocation failure. The data is the error code.,
50009,0,,,,,,Windows 10,1809,Pro,2020/05/12,17763.1217,IPMGM could not schedule a task to be executed. This may have been caused by a memory allocation failure. The data is the error code.,
50009,0,,,,,,Windows Server 2019,1809,Standard,2020/05/12,17763.1217,IPMGM could not schedule a task to be executed. This may have been caused by a memory allocation failure. The data is the error code.,
50009,0,,,,,,Windows 10,1809,Pro,2020/04/14,17763.1158,IPMGM could not schedule a task to be executed. This may have been caused by a memory allocation failure. The data is the error code.,
50009,0,,,,,,Windows Server 2019,1809,Standard,2020/04/14,17763.1158,IPMGM could not schedule a task to be executed. This may have been caused by a memory allocation failure. The data is the error code.,
50009,0,,,,,,Windows 10,1809,Pro,2020/03/12,17763.1098,IPMGM could not schedule a task to be executed. This may have been caused by a memory allocation failure. The data is the error code.,
50009,0,,,,,,Windows Server 2019,1809,Standard,2020/03/10,17763.1098,IPMGM could not schedule a task to be executed. This may have been caused by a memory allocation failure. The data is the error code.,
50009,0,,,,,,Windows 10,1809,Pro,2018/11/13,17763.107,IPMGM could not schedule a task to be executed. This may have been caused by a memory allocation failure. The data is the error code.,
50009,0,,,,,,Windows Server 2019,1809,Standard,2018/11/13,17763.107,IPMGM could not schedule a task to be executed. This may have been caused by a memory allocation failure. The data is the error code.,
50009,0,,,,,,Windows 10,1809,Pro,2020/02/11,17763.1039,IPMGM could not schedule a task to be executed. This may have been caused by a memory allocation failure. The data is the error code.,
50009,0,,,,,,Windows Server 2019,1809,Standard,2020/02/11,17763.1039,IPMGM could not schedule a task to be executed. This may have been caused by a memory allocation failure. The data is the error code.,
50009,0,,,,,,Windows 10,1803,Pro,2019/08/13,17134.95,IPMGM could not schedule a task to be executed. This may have been caused by a memory allocation failure. The data is the error code.,
50009,0,,,,,,Windows 10,1803,Pro,2019/07/09,17134.885,IPMGM could not schedule a task to be executed. This may have been caused by a memory allocation failure. The data is the error code.,
50009,0,,,,,,Windows 10,1803,Pro,2019/06/11,17134.829,IPMGM could not schedule a task to be executed. This may have been caused by a memory allocation failure. The data is the error code.,
50009,0,,,,,,Windows 10,1803,Pro,2019/05/19,17134.766,IPMGM could not schedule a task to be executed. This may have been caused by a memory allocation failure. The data is the error code.,
50009,0,,,,,,Windows 10,1803,Pro,2019/04/09,17134.706,IPMGM could not schedule a task to be executed. This may have been caused by a memory allocation failure. The data is the error code.,
50009,0,,,,,,Windows 10,1803,Pro,2019/03/12,17134.648,IPMGM could not schedule a task to be executed. This may have been caused by a memory allocation failure. The data is the error code.,
50009,0,,,,,,Windows 10,1803,Pro,2019/01/08,17134.523,IPMGM could not schedule a task to be executed. This may have been caused by a memory allocation failure. The data is the error code.,
50009,0,,,,,,Windows 10,1803,Pro,2018/09/11,17134.285,IPMGM could not schedule a task to be executed. This may have been caused by a memory allocation failure. The data is the error code.,
50009,0,,,,,,Windows 10,1803,Pro,2018/08/14,17134.228,IPMGM could not schedule a task to be executed. This may have been caused by a memory allocation failure. The data is the error code.,
50009,0,,,,,,Windows 10,1803,Pro,2018/06/12,17134.112,IPMGM could not schedule a task to be executed. This may have been caused by a memory allocation failure. The data is the error code.,
50009,0,,,,,,Windows 10,1803,Pro,2019/09/10,17134.1006,IPMGM could not schedule a task to be executed. This may have been caused by a memory allocation failure. The data is the error code.,
50009,0,,,,,,Windows 10,1803,Pro,1970/01/01,17134.1,IPMGM could not schedule a task to be executed. This may have been caused by a memory allocation failure. The data is the error code.,
50009,0,,,,,,Windows 10,1709,Pro,2017/11/14,16299.64,IPMGM could not schedule a task to be executed. This may have been caused by a memory allocation failure. The data is the error code.,
50009,0,,,,,,Windows 10,1709,Pro,2017/11/14,16299.15,IPMGM could not schedule a task to be executed. This may have been caused by a memory allocation failure. The data is the error code.,
50009,0,,,,,,Windows 10,1709,Pro,2017/12/12,16299.125,IPMGM could not schedule a task to be executed. This may have been caused by a memory allocation failure. The data is the error code.,
50009,0,,,,,,Windows 10,1703,Pro,2017/07/11,15063.483,IPMGM could not schedule a task to be executed. This may have been caused by a memory allocation failure. The data is the error code.,
50009,0,,,,,,Windows 10,1703,Pro,2017/06/13,15063.413,IPMGM could not schedule a task to be executed. This may have been caused by a memory allocation failure. The data is the error code.,
50009,0,,,,,,Windows 10,1703,Pro,2017/03/20,15063.0,IPMGM could not schedule a task to be executed. This may have been caused by a memory allocation failure. The data is the error code.,
50009,0,,,,,,Windows 10,1607,Pro,2016/11/08,14393.447,IPMGM could not schedule a task to be executed. This may have been caused by a memory allocation failure. The data is the error code.,
50009,0,,,,,,Windows Server 2016,1607,Standard,2016/11/08,14393.447,IPMGM could not schedule a task to be executed. This may have been caused by a memory allocation failure. The data is the error code.,
50009,0,,,,,,Windows Server 2016,1607,Standard,2017/11/14,14393.1884,IPMGM could not schedule a task to be executed. This may have been caused by a memory allocation failure. The data is the error code.,
50009,0,,,,,,Windows Server 2016,1607,Standard,2016/10/12,14393.0,IPMGM could not schedule a task to be executed. This may have been caused by a memory allocation failure. The data is the error code.,
50009,0,,,,,,Windows 10,1511,Pro,2016/03/08,10586.164,IPMGM could not schedule a task to be executed. This may have been caused by a memory allocation failure. The data is the error code.,
50009,0,,,,,,Windows 10,1511,Enterprise,2016/02/09,10586.104,IPMGM could not schedule a task to be executed. This may have been caused by a memory allocation failure. The data is the error code.,
50009,0,,,,,,Windows 10,1511,Pro,1970/01/01,10586.0,IPMGM could not schedule a task to be executed. This may have been caused by a memory allocation failure. The data is the error code.,
50009,0,,,,,,Windows 10,1507,Pro,2015/07/29,10240.0,IPMGM could not schedule a task to be executed. This may have been caused by a memory allocation failure. The data is the error code.,
50009,0,,,,,,Windows 8.1,8.1,Pro,1970/01/01,9600.0,IPMGM could not schedule a task to be executed. This may have been caused by a memory allocation failure. The data is the error code.,
50009,0,,,,,,Windows 8,8,Pro,1970/01/01,9200.0,IPMGM could not schedule a task to be executed. This may have been caused by a memory allocation failure. The data is the error code.,
50009,0,,,,,,Windows Server 2008R2,SP1,Standard,2011/02/09,7601.0,IPMGM could not schedule a task to be executed. This may have been caused by a memory allocation failure. The data is the error code.,
50009,0,,,,,,Windows 7,SP1,Ultimate,1970/01/01,7601.0,IPMGM could not schedule a task to be executed. This may have been caused by a memory allocation failure. The data is the error code.,
50009,0,,,,,,Windows Server 2008,SP2,Standard,2009/05/26,6002.0,IPMGM could not schedule a task to be executed. This may have been caused by a memory allocation failure. The data is the error code.,
50010,0,,,,,,Windows 11,24H2,Pro,2024/10/2,26100.1742,IPMGM could not find the protocol component ({param1}; {param2}),{param1} | {param2}
50010,0,,,,,,Windows 11,22H2,Pro,2022/12/20,22621.963,IPMGM could not find the protocol component ({param1}; {param2}),{param1} | {param2}
50010,0,,,,,,Windows 11,22H2,Pro,2022/11/15,22621.819,IPMGM could not find the protocol component ({param1}; {param2}),{param1} | {param2}
50010,0,,,,,,Windows 11,22H2,Pro,2022/10/18,22621.674,IPMGM could not find the protocol component ({param1}; {param2}),{param1} | {param2}
50010,0,,,,,,Windows 11,22H2,Pro,2022/09/20,22621.382,IPMGM could not find the protocol component ({param1}; {param2}),{param1} | {param2}
50010,0,,,,,,Windows 11,22H2,Pro,2023/03/21,22621.1413,IPMGM could not find the protocol component ({param1}; {param2}),{param1} | {param2}
50010,0,,,,,,Windows 11,22H2,Pro,2023/02/21,22621.1265,IPMGM could not find the protocol component ({param1}; {param2}),{param1} | {param2}
50010,0,,,,,,Windows 11,22H2,Pro,2023/01/17,22621.1105,IPMGM could not find the protocol component ({param1}; {param2}),{param1} | {param2}
50010,0,,,,,,Windows 11,21H2,Pro,2022/09/20,22000.978,IPMGM could not find the protocol component ({param1}; {param2}),{param1} | {param2}
50010,0,,,,,,Windows 11,21H2,Pro,2022/08/16,22000.856,IPMGM could not find the protocol component ({param1}; {param2}),{param1} | {param2}
50010,0,,,,,,Windows 11,21H2,Pro,2022/07/19,22000.795,IPMGM could not find the protocol component ({param1}; {param2}),{param1} | {param2}
50010,0,,,,,,Windows 11,21H2,Pro,2022/06/21,22000.739,IPMGM could not find the protocol component ({param1}; {param2}),{param1} | {param2}
50010,0,,,,,,Windows 11,21H2,Pro,2022/05/17,22000.675,IPMGM could not find the protocol component ({param1}; {param2}),{param1} | {param2}
50010,0,,,,,,Windows 11,21H2,Pro,2022/04/19,22000.613,IPMGM could not find the protocol component ({param1}; {param2}),{param1} | {param2}
50010,0,,,,,,Windows 11,21H2,Pro,2022/03/15,22000.556,IPMGM could not find the protocol component ({param1}; {param2}),{param1} | {param2}
50010,0,,,,,,Windows 11,21H2,Pro,2022/02/15,22000.493,IPMGM could not find the protocol component ({param1}; {param2}),{param1} | {param2}
50010,0,,,,,,Windows 11,21H2,Pro,2022/01/11,22000.434,IPMGM could not find the protocol component ({param1}; {param2}),{param1} | {param2}
50010,0,,,,,,Windows 11,21H2,Pro,2021/12/14,22000.376,IPMGM could not find the protocol component ({param1}; {param2}),{param1} | {param2}
50010,0,,,,,,Windows 11,21H2,Pro,2021/11/09,22000.318,IPMGM could not find the protocol component ({param1}; {param2}),{param1} | {param2}
50010,0,,,,,,Windows 11,21H2,Pro,2021/09/16,22000.194,IPMGM could not find the protocol component ({param1}; {param2}),{param1} | {param2}
50010,0,,,,,,Windows 11,21H2,Pro,2023/03/21,22000.1696,IPMGM could not find the protocol component ({param1}; {param2}),{param1} | {param2}
50010,0,,,,,,Windows 11,21H2,Pro,2023/02/21,22000.1574,IPMGM could not find the protocol component ({param1}; {param2}),{param1} | {param2}
50010,0,,,,,,Windows 11,21H2,Pro,2023/01/17,22000.1455,IPMGM could not find the protocol component ({param1}; {param2}),{param1} | {param2}
50010,0,,,,,,Windows 11,21H2,Pro,2022/12/20,22000.1335,IPMGM could not find the protocol component ({param1}; {param2}),{param1} | {param2}
50010,0,,,,,,Windows 11,21H2,Pro,2022/11/15,22000.1219,IPMGM could not find the protocol component ({param1}; {param2}),{param1} | {param2}
50010,0,,,,,,Windows 11,21H2,Pro,2022/10/18,22000.1098,IPMGM could not find the protocol component ({param1}; {param2}),{param1} | {param2}
50010,0,,,,,,Windows 11,21H2,Pro-Dev,1970/01/01,21996.1,IPMGM could not find the protocol component ({param1}; {param2}),{param1} | {param2}
50010,0,,,,,,Windows Server 2022,21H2,Standard,2022/08/16,20348.887,IPMGM could not find the protocol component ({param1}; {param2}),{param1} | {param2}
50010,0,,,,,,Windows Server 2022,21H2,Standard,2022/07/19,20348.825,IPMGM could not find the protocol component ({param1}; {param2}),{param1} | {param2}
50010,0,,,,,,Windows Server 2022,21H2,Standard,2022/06/21,20348.768,IPMGM could not find the protocol component ({param1}; {param2}),{param1} | {param2}
50010,0,,,,,,Windows Server 2022,21H2,Standard,2022/05/17,20348.707,IPMGM could not find the protocol component ({param1}; {param2}),{param1} | {param2}
50010,0,,,,,,Windows Server 2022,21H2,Standard,2022/04/19,20348.643,IPMGM could not find the protocol component ({param1}; {param2}),{param1} | {param2}
50010,0,,,,,,Windows Server 2022,21H2,Standard,2022/02/15,20348.587,IPMGM could not find the protocol component ({param1}; {param2}),{param1} | {param2}
50010,0,,,,,,Windows Server 2022,21H2,Standard,2022/02/15,20348.524,IPMGM could not find the protocol component ({param1}; {param2}),{param1} | {param2}
50010,0,,,,,,Windows Server 2022,21H2,Standard,2022/01/11,20348.469,IPMGM could not find the protocol component ({param1}; {param2}),{param1} | {param2}
50010,0,,,,,,Windows Server 2022,21H2,Standard,2021/12/08,20348.405,IPMGM could not find the protocol component ({param1}; {param2}),{param1} | {param2}
50010,0,,,,,,Windows Server 2022,21H2,Standard,2021/11/09,20348.35,IPMGM could not find the protocol component ({param1}; {param2}),{param1} | {param2}
50010,0,,,,,,Windows Server 2022,21H2,Standard,2021/10/12,20348.288,IPMGM could not find the protocol component ({param1}; {param2}),{param1} | {param2}
50010,0,,,,,,Windows Server 2022,21H2,Standard,2021/09/14,20348.23,IPMGM could not find the protocol component ({param1}; {param2}),{param1} | {param2}
50010,0,,,,,,Windows Server 2022,21H2,Standard,2021/08/18,20348.169,IPMGM could not find the protocol component ({param1}; {param2}),{param1} | {param2}
50010,0,,,,,,Windows Server 2022,21H2,Standard,2023/03/21,20348.1607,IPMGM could not find the protocol component ({param1}; {param2}),{param1} | {param2}
50010,0,,,,,,Windows Server 2022,21H2,Standard,2023/02/21,20348.1547,IPMGM could not find the protocol component ({param1}; {param2}),{param1} | {param2}
50010,0,,,,,,Windows Server 2022,21H2,Standard,2023/01/17,20348.1487,IPMGM could not find the protocol component ({param1}; {param2}),{param1} | {param2}
50010,0,,,,,,Windows Server 2022,21H2,Standard,2022/12/20,20348.1366,IPMGM could not find the protocol component ({param1}; {param2}),{param1} | {param2}
50010,0,,,,,,Windows Server 2022,21H2,Standard,2022/11/15,20348.1249,IPMGM could not find the protocol component ({param1}; {param2}),{param1} | {param2}
50010,0,,,,,,Windows Server 2022,21H2,Standard,2022/10/18,20348.1129,IPMGM could not find the protocol component ({param1}; {param2}),{param1} | {param2}
50010,0,,,,,,Windows Server 2022,21H2,Standard,2022/09/20,20348.1006,IPMGM could not find the protocol component ({param1}; {param2}),{param1} | {param2}
50010,0,,,,,,Windows 10,22H2,Pro,2023/03/21,19045.2728,IPMGM could not find the protocol component ({param1}; {param2}),{param1} | {param2}
50010,0,,,,,,Windows 10,22H2,Pro,2023/02/21,19045.2604,IPMGM could not find the protocol component ({param1}; {param2}),{param1} | {param2}
50010,0,,,,,,Windows 10,22H2,Pro,2023/01/17,19045.2486,IPMGM could not find the protocol component ({param1}; {param2}),{param1} | {param2}
50010,0,,,,,,Windows 10,22H2,Pro,2022/12/20,19045.2364,IPMGM could not find the protocol component ({param1}; {param2}),{param1} | {param2}
50010,0,,,,,,Windows 10,22H2,Pro,2022/11/15,19045.2251,IPMGM could not find the protocol component ({param1}; {param2}),{param1} | {param2}
50010,0,,,,,,Windows 10,21H2,Pro,2023/03/21,19044.2728,IPMGM could not find the protocol component ({param1}; {param2}),{param1} | {param2}
50010,0,,,,,,Windows 10,21H2,Pro,2023/02/21,19044.2604,IPMGM could not find the protocol component ({param1}; {param2}),{param1} | {param2}
50010,0,,,,,,Windows 10,21H2,Pro,2023/01/17,19044.2486,IPMGM could not find the protocol component ({param1}; {param2}),{param1} | {param2}
50010,0,,,,,,Windows 10,21H2,Pro,2022/12/20,19044.2364,IPMGM could not find the protocol component ({param1}; {param2}),{param1} | {param2}
50010,0,,,,,,Windows 10,21H2,Pro,2022/11/15,19044.2251,IPMGM could not find the protocol component ({param1}; {param2}),{param1} | {param2}
50010,0,,,,,,Windows 10,21H2,Pro,2022/10/18,19044.213,IPMGM could not find the protocol component ({param1}; {param2}),{param1} | {param2}
50010,0,,,,,,Windows 10,21H2,Pro,2022/09/20,19044.2006,IPMGM could not find the protocol component ({param1}; {param2}),{param1} | {param2}
50010,0,,,,,,Windows 10,21H2,Pro,2022/08/16,19044.1889,IPMGM could not find the protocol component ({param1}; {param2}),{param1} | {param2}
50010,0,,,,,,Windows 10,21H2,Pro,2022/07/19,19044.1826,IPMGM could not find the protocol component ({param1}; {param2}),{param1} | {param2}
50010,0,,,,,,Windows 10,21H2,Pro,2022/06/21,19044.1766,IPMGM could not find the protocol component ({param1}; {param2}),{param1} | {param2}
50010,0,,,,,,Windows 10,21H2,Pro,2022/05/17,19044.1706,IPMGM could not find the protocol component ({param1}; {param2}),{param1} | {param2}
50010,0,,,,,,Windows 10,21H2,Pro,2022/04/19,19044.1645,IPMGM could not find the protocol component ({param1}; {param2}),{param1} | {param2}
50010,0,,,,,,Windows 10,21H2,Pro,2022/01/11,19044.1466,IPMGM could not find the protocol component ({param1}; {param2}),{param1} | {param2}
50010,0,,,,,,Windows 10,21H2,Pro,2021/10/12,19044.1288,IPMGM could not find the protocol component ({param1}; {param2}),{param1} | {param2}
50010,0,,,,,,Windows 10,21H1,Pro,2021/04/13,19043.928,IPMGM could not find the protocol component ({param1}; {param2}),{param1} | {param2}
50010,0,,,,,,Windows 10,21H1,Pro,2022/12/20,19043.2364,IPMGM could not find the protocol component ({param1}; {param2}),{param1} | {param2}
50010,0,,,,,,Windows 10,21H1,Pro,2022/11/15,19043.2251,IPMGM could not find the protocol component ({param1}; {param2}),{param1} | {param2}
50010,0,,,,,,Windows 10,21H1,Pro,2022/10/18,19043.213,IPMGM could not find the protocol component ({param1}; {param2}),{param1} | {param2}
50010,0,,,,,,Windows 10,21H1,Pro,2022/09/20,19043.2006,IPMGM could not find the protocol component ({param1}; {param2}),{param1} | {param2}
50010,0,,,,,,Windows 10,21H1,Pro,2022/08/16,19043.1889,IPMGM could not find the protocol component ({param1}; {param2}),{param1} | {param2}
50010,0,,,,,,Windows 10,21H1,Pro,2022/07/19,19043.1826,IPMGM could not find the protocol component ({param1}; {param2}),{param1} | {param2}
50010,0,,,,,,Windows 10,21H1,Pro,2022/06/21,19043.1766,IPMGM could not find the protocol component ({param1}; {param2}),{param1} | {param2}
50010,0,,,,,,Windows 10,21H1,Pro,2022/05/17,19043.1706,IPMGM could not find the protocol component ({param1}; {param2}),{param1} | {param2}
50010,0,,,,,,Windows 10,21H1,Pro,2022/04/19,19043.1645,IPMGM could not find the protocol component ({param1}; {param2}),{param1} | {param2}
50010,0,,,,,,Windows 10,21H1,Pro,2022/01/11,19043.1466,IPMGM could not find the protocol component ({param1}; {param2}),{param1} | {param2}
50010,0,,,,,,Windows 10,21H1,Pro,2021/12/14,19043.1415,IPMGM could not find the protocol component ({param1}; {param2}),{param1} | {param2}
50010,0,,,,,,Windows 10,21H2,Pro,2021/12/14,19043.1415,IPMGM could not find the protocol component ({param1}; {param2}),{param1} | {param2}
50010,0,,,,,,Windows 10,21H1,Pro,2021/11/09,19043.1348,IPMGM could not find the protocol component ({param1}; {param2}),{param1} | {param2}
50010,0,,,,,,Windows 10,21H1,Pro,2021/10/12,19043.1288,IPMGM could not find the protocol component ({param1}; {param2}),{param1} | {param2}
50010,0,,,,,,Windows 10,21H1,Pro,2021/09/14,19043.1237,IPMGM could not find the protocol component ({param1}; {param2}),{param1} | {param2}
50010,0,,,,,,Windows 10,21H1,Pro,2021/08/10,19043.1165,IPMGM could not find the protocol component ({param1}; {param2}),{param1} | {param2}
50010,0,,,,,,Windows 10,21H1,Pro,2021/07/13,19043.111,IPMGM could not find the protocol component ({param1}; {param2}),{param1} | {param2}
50010,0,,,,,,Windows 10,21H1,Pro,2021/06/08,19043.1052,IPMGM could not find the protocol component ({param1}; {param2}),{param1} | {param2}
50010,0,,,,,,Windows 10,20H2,Pro,2022/04/19,19042.1645,IPMGM could not find the protocol component ({param1}; {param2}),{param1} | {param2}
50010,0,,,,,,Windows 10,20H2,Pro,2022/01/11,19042.1466,IPMGM could not find the protocol component ({param1}; {param2}),{param1} | {param2}
50010,0,,,,,,Windows 10,2004,Pro,2021/05/11,19041.985,IPMGM could not find the protocol component ({param1}; {param2}),{param1} | {param2}
50010,0,,,,,,Windows 10,20H2,Pro,2021/05/11,19041.985,IPMGM could not find the protocol component ({param1}; {param2}),{param1} | {param2}
50010,0,,,,,,Windows 10,2004,Pro,2021/04/13,19041.928,IPMGM could not find the protocol component ({param1}; {param2}),{param1} | {param2}
50010,0,,,,,,Windows 10,20H2,Pro,2021/04/13,19041.928,IPMGM could not find the protocol component ({param1}; {param2}),{param1} | {param2}
50010,0,,,,,,Windows 10,2004,Pro,2021/03/09,19041.867,IPMGM could not find the protocol component ({param1}; {param2}),{param1} | {param2}
50010,0,,,,,,Windows 10,20H2,Pro,2021/03/09,19041.867,IPMGM could not find the protocol component ({param1}; {param2}),{param1} | {param2}
50010,0,,,,,,Windows 10,2004,Pro,2021/02/09,19041.804,IPMGM could not find the protocol component ({param1}; {param2}),{param1} | {param2}
50010,0,,,,,,Windows 10,20H2,Pro,2021/02/09,19041.804,IPMGM could not find the protocol component ({param1}; {param2}),{param1} | {param2}
50010,0,,,,,,Windows 10,2004,Pro,2021/01/12,19041.746,IPMGM could not find the protocol component ({param1}; {param2}),{param1} | {param2}
50010,0,,,,,,Windows 10,20H2,Pro,2021/01/12,19041.746,IPMGM could not find the protocol component ({param1}; {param2}),{param1} | {param2}
50010,0,,,,,,Windows 10,2004,Pro,2020/12/08,19041.685,IPMGM could not find the protocol component ({param1}; {param2}),{param1} | {param2}
50010,0,,,,,,Windows 10,20H2,Pro,2020/12/08,19041.685,IPMGM could not find the protocol component ({param1}; {param2}),{param1} | {param2}
50010,0,,,,,,Windows 10,20H2,Pro,2020/11/19,19041.631,IPMGM could not find the protocol component ({param1}; {param2}),{param1} | {param2}
50010,0,,,,,,Windows 10,2004,Pro,2020/11/10,19041.63,IPMGM could not find the protocol component ({param1}; {param2}),{param1} | {param2}
50010,0,,,,,,Windows 10,2004,Pro,2020/10/13,19041.572,IPMGM could not find the protocol component ({param1}; {param2}),{param1} | {param2}
50010,0,,,,,,Windows 10,2004,Pro,2020/09/08,19041.508,IPMGM could not find the protocol component ({param1}; {param2}),{param1} | {param2}
50010,0,,,,,,Windows 10,2004,Pro,2020/08/11,19041.45,IPMGM could not find the protocol component ({param1}; {param2}),{param1} | {param2}
50010,0,,,,,,Windows 10,2004,Pro,2020/07/14,19041.388,IPMGM could not find the protocol component ({param1}; {param2}),{param1} | {param2}
50010,0,,,,,,Windows 10,2004,Pro,2020/06/09,19041.329,IPMGM could not find the protocol component ({param1}; {param2}),{param1} | {param2}
50010,0,,,,,,Windows 10,2004,Pro,2020/05/27,19041.264,IPMGM could not find the protocol component ({param1}; {param2}),{param1} | {param2}
50010,0,,,,,,Windows 10,2004,Pro,2020/04/16,19041.208,IPMGM could not find the protocol component ({param1}; {param2}),{param1} | {param2}
50010,0,,,,,,Windows 10,21H1,Pro,2022/03/15,19041.1586,IPMGM could not find the protocol component ({param1}; {param2}),{param1} | {param2}
50010,0,,,,,,Windows 10,20H2,Pro,2022/03/15,19041.1586,IPMGM could not find the protocol component ({param1}; {param2}),{param1} | {param2}
50010,0,,,,,,Windows 10,21H2,Pro,2022/03/15,19041.1586,IPMGM could not find the protocol component ({param1}; {param2}),{param1} | {param2}
50010,0,,,,,,Windows 10,21H1,Pro,2022/02/15,19041.1526,IPMGM could not find the protocol component ({param1}; {param2}),{param1} | {param2}
50010,0,,,,,,Windows 10,20H2,Pro,2022/02/15,19041.1526,IPMGM could not find the protocol component ({param1}; {param2}),{param1} | {param2}
50010,0,,,,,,Windows 10,21H2,Pro,2022/02/15,19041.1526,IPMGM could not find the protocol component ({param1}; {param2}),{param1} | {param2}
50010,0,,,,,,Windows 10,20H2,Pro,2021/12/14,19041.1415,IPMGM could not find the protocol component ({param1}; {param2}),{param1} | {param2}
50010,0,,,,,,Windows 10,2004,Pro,2021/11/09,19041.1348,IPMGM could not find the protocol component ({param1}; {param2}),{param1} | {param2}
50010,0,,,,,,Windows 10,20H2,Pro,2021/11/09,19041.1348,IPMGM could not find the protocol component ({param1}; {param2}),{param1} | {param2}
50010,0,,,,,,Windows 10,2004,Pro,2021/10/12,19041.1288,IPMGM could not find the protocol component ({param1}; {param2}),{param1} | {param2}
50010,0,,,,,,Windows 10,20H2,Pro,2021/10/12,19041.1288,IPMGM could not find the protocol component ({param1}; {param2}),{param1} | {param2}
50010,0,,,,,,Windows 10,2004,Pro,2021/09/14,19041.1237,IPMGM could not find the protocol component ({param1}; {param2}),{param1} | {param2}
50010,0,,,,,,Windows 10,20H2,Pro,2021/09/14,19041.1237,IPMGM could not find the protocol component ({param1}; {param2}),{param1} | {param2}
50010,0,,,,,,Windows 10,2004,Pro,2021/08/10,19041.1165,IPMGM could not find the protocol component ({param1}; {param2}),{param1} | {param2}
50010,0,,,,,,Windows 10,20H2,Pro,2021/08/10,19041.1165,IPMGM could not find the protocol component ({param1}; {param2}),{param1} | {param2}
50010,0,,,,,,Windows 10,2004,Pro,2021/07/13,19041.111,IPMGM could not find the protocol component ({param1}; {param2}),{param1} | {param2}
50010,0,,,,,,Windows 10,20H2,Pro,2021/07/13,19041.111,IPMGM could not find the protocol component ({param1}; {param2}),{param1} | {param2}
50010,0,,,,,,Windows 10,2004,Pro,2021/06/08,19041.1052,IPMGM could not find the protocol component ({param1}; {param2}),{param1} | {param2}
50010,0,,,,,,Windows 10,20H2,Pro,2021/06/08,19041.1052,IPMGM could not find the protocol component ({param1}; {param2}),{param1} | {param2}
50010,0,,,,,,Windows 10,1909,Pro,2020/07/14,18363.959,IPMGM could not find the protocol component ({param1}; {param2}),{param1} | {param2}
50010,0,,,,,,Windows 10,1909,Pro,2020/06/09,18363.9,IPMGM could not find the protocol component ({param1}; {param2}),{param1} | {param2}
50010,0,,,,,,Windows 10,1909,Pro,2020/05/12,18363.836,IPMGM could not find the protocol component ({param1}; {param2}),{param1} | {param2}
50010,0,,,,,,Windows 10,1909,Pro,2020/04/14,18363.778,IPMGM could not find the protocol component ({param1}; {param2}),{param1} | {param2}
50010,0,,,,,,Windows 10,1909,Pro,2020/03/12,18363.72,IPMGM could not find the protocol component ({param1}; {param2}),{param1} | {param2}
50010,0,,,,,,Windows 10,1909,Pro,2020/02/11,18363.657,IPMGM could not find the protocol component ({param1}; {param2}),{param1} | {param2}
50010,0,,,,,,Windows 10,1909,Pro,2020/01/14,18363.592,IPMGM could not find the protocol component ({param1}; {param2}),{param1} | {param2}
50010,0,,,,,,Windows 10,1909,Pro,2019/12/10,18363.535,IPMGM could not find the protocol component ({param1}; {param2}),{param1} | {param2}
50010,0,,,,,,Windows 10,1909,Pro,2019/10/05,18363.418,IPMGM could not find the protocol component ({param1}; {param2}),{param1} | {param2}
50010,0,,,,,,Windows 10,1909,Pro,2021/06/08,18363.1621,IPMGM could not find the protocol component ({param1}; {param2}),{param1} | {param2}
50010,0,,,,,,Windows 10,1909,Pro,2021/05/11,18363.1556,IPMGM could not find the protocol component ({param1}; {param2}),{param1} | {param2}
50010,0,,,,,,Windows 10,1909,Pro,2021/04/13,18363.15,IPMGM could not find the protocol component ({param1}; {param2}),{param1} | {param2}
50010,0,,,,,,Windows 10,1909,Pro,2021/03/09,18363.144,IPMGM could not find the protocol component ({param1}; {param2}),{param1} | {param2}
50010,0,,,,,,Windows 10,1909,Pro,2021/02/11,18363.1379,IPMGM could not find the protocol component ({param1}; {param2}),{param1} | {param2}
50010,0,,,,,,Windows 10,1909,Pro,2021/01/12,18363.1316,IPMGM could not find the protocol component ({param1}; {param2}),{param1} | {param2}
50010,0,,,,,,Windows 10,1909,Pro,2020/12/08,18363.1256,IPMGM could not find the protocol component ({param1}; {param2}),{param1} | {param2}
50010,0,,,,,,Windows 10,1909,Pro,2020/11/10,18363.1198,IPMGM could not find the protocol component ({param1}; {param2}),{param1} | {param2}
50010,0,,,,,,Windows 10,1909,Pro,2020/10/13,18363.1139,IPMGM could not find the protocol component ({param1}; {param2}),{param1} | {param2}
50010,0,,,,,,Windows 10,1909,Pro,2020/09/08,18363.1082,IPMGM could not find the protocol component ({param1}; {param2}),{param1} | {param2}
50010,0,,,,,,Windows 10,1909,Pro,2020/08/11,18363.1016,IPMGM could not find the protocol component ({param1}; {param2}),{param1} | {param2}
50010,0,,,,,,Windows 10,1903,Pro,2020/07/14,18362.959,IPMGM could not find the protocol component ({param1}; {param2}),{param1} | {param2}
50010,0,,,,,,Windows 10,1903,Pro,2020/05/12,18362.836,IPMGM could not find the protocol component ({param1}; {param2}),{param1} | {param2}
50010,0,,,,,,Windows 10,1903,Pro,2020/03/12,18362.72,IPMGM could not find the protocol component ({param1}; {param2}),{param1} | {param2}
50010,0,,,,,,Windows 10,1903,Pro,2020/02/11,18362.657,IPMGM could not find the protocol component ({param1}; {param2}),{param1} | {param2}
50010,0,,,,,,Windows 10,1903,Pro,2019/12/10,18362.535,IPMGM could not find the protocol component ({param1}; {param2}),{param1} | {param2}
50010,0,,,,,,Windows 10,1903,Pro,2019/11/12,18362.476,IPMGM could not find the protocol component ({param1}; {param2}),{param1} | {param2}
50010,0,,,,,,Windows 10,1903,Pro,2019/09/10,18362.356,IPMGM could not find the protocol component ({param1}; {param2}),{param1} | {param2}
50010,0,,,,,,Windows 10,1903,Pro,2019/03/29,18362.3,IPMGM could not find the protocol component ({param1}; {param2}),{param1} | {param2}
50010,0,,,,,,Windows 10,1903,Pro,2019/07/09,18362.239,IPMGM could not find the protocol component ({param1}; {param2}),{param1} | {param2}
50010,0,,,,,,Windows 10,1903,Pro,2019/06/11,18362.175,IPMGM could not find the protocol component ({param1}; {param2}),{param1} | {param2}
50010,0,,,,,,Windows 10,1903,Pro,2020/12/08,18362.1256,IPMGM could not find the protocol component ({param1}; {param2}),{param1} | {param2}
50010,0,,,,,,Windows 10,1903,Pro,2020/11/10,18362.1198,IPMGM could not find the protocol component ({param1}; {param2}),{param1} | {param2}
50010,0,,,,,,Windows 10,1903,Pro,2020/10/13,18362.1139,IPMGM could not find the protocol component ({param1}; {param2}),{param1} | {param2}
50010,0,,,,,,Windows 10,1903,Pro,2020/09/08,18362.1082,IPMGM could not find the protocol component ({param1}; {param2}),{param1} | {param2}
50010,0,,,,,,Windows 10,1903,Pro,2019/12/10,18362.1016,IPMGM could not find the protocol component ({param1}; {param2}),{param1} | {param2}
50010,0,,,,,,Windows 10,1809,Pro,2020/01/14,17763.973,IPMGM could not find the protocol component ({param1}; {param2}),{param1} | {param2}
50010,0,,,,,,Windows Server 2019,1809,Standard,2020/01/14,17763.973,IPMGM could not find the protocol component ({param1}; {param2}),{param1} | {param2}
50010,0,,,,,,Windows 10,1809,Pro,2019/12/10,17763.914,IPMGM could not find the protocol component ({param1}; {param2}),{param1} | {param2}
50010,0,,,,,,Windows Server 2019,1809,Standard,2019/12/10,17763.914,IPMGM could not find the protocol component ({param1}; {param2}),{param1} | {param2}
50010,0,,,,,,Windows 10,1809,Pro,2019/11/12,17763.864,IPMGM could not find the protocol component ({param1}; {param2}),{param1} | {param2}
50010,0,,,,,,Windows Server 2019,1809,Standard,2019/11/12,17763.864,IPMGM could not find the protocol component ({param1}; {param2}),{param1} | {param2}
50010,0,,,,,,Windows 10,1809,Pro,2019/10/08,17763.805,IPMGM could not find the protocol component ({param1}; {param2}),{param1} | {param2}
50010,0,,,,,,Windows 10,1809,Pro,2019/09/10,17763.737,IPMGM could not find the protocol component ({param1}; {param2}),{param1} | {param2}
50010,0,,,,,,Windows Server 2019,1809,Standard,2019/09/10,17763.737,IPMGM could not find the protocol component ({param1}; {param2}),{param1} | {param2}
50010,0,,,,,,Windows 10,1809,Pro,2019/08/13,17763.678,IPMGM could not find the protocol component ({param1}; {param2}),{param1} | {param2}
50010,0,,,,,,Windows Server 2019,1809,Standard,2019/08/13,17763.678,IPMGM could not find the protocol component ({param1}; {param2}),{param1} | {param2}
50010,0,,,,,,Windows 10,1809,Pro,2019/07/09,17763.615,IPMGM could not find the protocol component ({param1}; {param2}),{param1} | {param2}
50010,0,,,,,,Windows 10,1809,Pro,2019/06/11,17763.557,IPMGM could not find the protocol component ({param1}; {param2}),{param1} | {param2}
50010,0,,,,,,Windows 10,1809,Pro,2019/05/19,17763.504,IPMGM could not find the protocol component ({param1}; {param2}),{param1} | {param2}
50010,0,,,,,,Windows 10,1809,Pro,2019/04/09,17763.437,IPMGM could not find the protocol component ({param1}; {param2}),{param1} | {param2}
50010,0,,,,,,Windows 10,1809,Pro,2019/03/12,17763.379,IPMGM could not find the protocol component ({param1}; {param2}),{param1} | {param2}
50010,0,,,,,,Windows Server 2019,1809,Standard,2019/03/12,17763.379,IPMGM could not find the protocol component ({param1}; {param2}),{param1} | {param2}
50010,0,,,,,,Windows Server 2019,1809,Standard,2022/11/15,17763.365,IPMGM could not find the protocol component ({param1}; {param2}),{param1} | {param2}
50010,0,,,,,,Windows 10,1809,Pro,2019/02/12,17763.316,IPMGM could not find the protocol component ({param1}; {param2}),{param1} | {param2}
50010,0,,,,,,Windows 10,1803,Pro,2019/01/08,17763.253,IPMGM could not find the protocol component ({param1}; {param2}),{param1} | {param2}
50010,0,,,,,,Windows Server 2019,1809,Standard,2021/08/10,17763.2114,IPMGM could not find the protocol component ({param1}; {param2}),{param1} | {param2}
50010,0,,,,,,Windows Server 2019,1809,Standard,2021/07/13,17763.2061,IPMGM could not find the protocol component ({param1}; {param2}),{param1} | {param2}
50010,0,,,,,,Windows Server 2019,1809,Standard,2021/06/08,17763.1999,IPMGM could not find the protocol component ({param1}; {param2}),{param1} | {param2}
50010,0,,,,,,Windows 10,1809,Pro,2018/12/11,17763.194,IPMGM could not find the protocol component ({param1}; {param2}),{param1} | {param2}
50010,0,,,,,,Windows Server 2019,1809,Standard,2021/05/11,17763.1935,IPMGM could not find the protocol component ({param1}; {param2}),{param1} | {param2}
50010,0,,,,,,Windows Server 2019,1809,Standard,2021/04/13,17763.1879,IPMGM could not find the protocol component ({param1}; {param2}),{param1} | {param2}
50010,0,,,,,,Windows Server 2019,1809,Standard,2021/03/09,17763.1817,IPMGM could not find the protocol component ({param1}; {param2}),{param1} | {param2}
50010,0,,,,,,Windows Server 2019,1809,Standard,2021/02/09,17763.1757,IPMGM could not find the protocol component ({param1}; {param2}),{param1} | {param2}
50010,0,,,,,,Windows Server 2019,1809,Standard,2021/01/12,17763.1697,IPMGM could not find the protocol component ({param1}; {param2}),{param1} | {param2}
50010,0,,,,,,Windows Server 2019,1809,Standard,2020/12/08,17763.1637,IPMGM could not find the protocol component ({param1}; {param2}),{param1} | {param2}
50010,0,,,,,,Windows 10,1809,Pro,2020/11/10,17763.1577,IPMGM could not find the protocol component ({param1}; {param2}),{param1} | {param2}
50010,0,,,,,,Windows Server 2019,1809,Standard,2020/11/10,17763.1577,IPMGM could not find the protocol component ({param1}; {param2}),{param1} | {param2}
50010,0,,,,,,Windows 10,1809,Pro,2020/10/13,17763.1518,IPMGM could not find the protocol component ({param1}; {param2}),{param1} | {param2}
50010,0,,,,,,Windows Server 2019,1809,Standard,2020/10/13,17763.1518,IPMGM could not find the protocol component ({param1}; {param2}),{param1} | {param2}
50010,0,,,,,,Windows 10,1809,Pro,2020/09/08,17763.1457,IPMGM could not find the protocol component ({param1}; {param2}),{param1} | {param2}
50010,0,,,,,,Windows Server 2019,1809,Standard,2020/09/10,17763.1457,IPMGM could not find the protocol component ({param1}; {param2}),{param1} | {param2}
50010,0,,,,,,Windows 10,1809,Pro,2020/08/11,17763.1397,IPMGM could not find the protocol component ({param1}; {param2}),{param1} | {param2}
50010,0,,,,,,Windows Server 2019,1809,Standard,2020/08/11,17763.1397,IPMGM could not find the protocol component ({param1}; {param2}),{param1} | {param2}
50010,0,,,,,,Windows 10,1809,Pro,2020/07/14,17763.1339,IPMGM could not find the protocol component ({param1}; {param2}),{param1} | {param2}
50010,0,,,,,,Windows Server 2019,1809,Standard,2020/07/14,17763.1339,IPMGM could not find the protocol component ({param1}; {param2}),{param1} | {param2}
50010,0,,,,,,Windows 10,1809,Pro,2020/06/09,17763.1282,IPMGM could not find the protocol component ({param1}; {param2}),{param1} | {param2}
50010,0,,,,,,Windows Server 2019,1809,Standard,2020/06/09,17763.1282,IPMGM could not find the protocol component ({param1}; {param2}),{param1} | {param2}
50010,0,,,,,,Windows 10,1809,Pro,2020/05/12,17763.1217,IPMGM could not find the protocol component ({param1}; {param2}),{param1} | {param2}
50010,0,,,,,,Windows Server 2019,1809,Standard,2020/05/12,17763.1217,IPMGM could not find the protocol component ({param1}; {param2}),{param1} | {param2}
50010,0,,,,,,Windows 10,1809,Pro,2020/04/14,17763.1158,IPMGM could not find the protocol component ({param1}; {param2}),{param1} | {param2}
50010,0,,,,,,Windows Server 2019,1809,Standard,2020/04/14,17763.1158,IPMGM could not find the protocol component ({param1}; {param2}),{param1} | {param2}
50010,0,,,,,,Windows 10,1809,Pro,2020/03/12,17763.1098,IPMGM could not find the protocol component ({param1}; {param2}),{param1} | {param2}
50010,0,,,,,,Windows Server 2019,1809,Standard,2020/03/10,17763.1098,IPMGM could not find the protocol component ({param1}; {param2}),{param1} | {param2}
50010,0,,,,,,Windows 10,1809,Pro,2018/11/13,17763.107,IPMGM could not find the protocol component ({param1}; {param2}),{param1} | {param2}
50010,0,,,,,,Windows Server 2019,1809,Standard,2018/11/13,17763.107,IPMGM could not find the protocol component ({param1}; {param2}),{param1} | {param2}
50010,0,,,,,,Windows 10,1809,Pro,2020/02/11,17763.1039,IPMGM could not find the protocol component ({param1}; {param2}),{param1} | {param2}
50010,0,,,,,,Windows Server 2019,1809,Standard,2020/02/11,17763.1039,IPMGM could not find the protocol component ({param1}; {param2}),{param1} | {param2}
50010,0,,,,,,Windows 10,1803,Pro,2019/08/13,17134.95,IPMGM could not find the protocol component ({param1}; {param2}),{param1} | {param2}
50010,0,,,,,,Windows 10,1803,Pro,2019/07/09,17134.885,IPMGM could not find the protocol component ({param1}; {param2}),{param1} | {param2}
50010,0,,,,,,Windows 10,1803,Pro,2019/06/11,17134.829,IPMGM could not find the protocol component ({param1}; {param2}),{param1} | {param2}
50010,0,,,,,,Windows 10,1803,Pro,2019/05/19,17134.766,IPMGM could not find the protocol component ({param1}; {param2}),{param1} | {param2}
50010,0,,,,,,Windows 10,1803,Pro,2019/04/09,17134.706,IPMGM could not find the protocol component ({param1}; {param2}),{param1} | {param2}
50010,0,,,,,,Windows 10,1803,Pro,2019/03/12,17134.648,IPMGM could not find the protocol component ({param1}; {param2}),{param1} | {param2}
50010,0,,,,,,Windows 10,1803,Pro,2019/01/08,17134.523,IPMGM could not find the protocol component ({param1}; {param2}),{param1} | {param2}
50010,0,,,,,,Windows 10,1803,Pro,2018/09/11,17134.285,IPMGM could not find the protocol component ({param1}; {param2}),{param1} | {param2}
50010,0,,,,,,Windows 10,1803,Pro,2018/08/14,17134.228,IPMGM could not find the protocol component ({param1}; {param2}),{param1} | {param2}
50010,0,,,,,,Windows 10,1803,Pro,2018/06/12,17134.112,IPMGM could not find the protocol component ({param1}; {param2}),{param1} | {param2}
50010,0,,,,,,Windows 10,1803,Pro,2019/09/10,17134.1006,IPMGM could not find the protocol component ({param1}; {param2}),{param1} | {param2}
50010,0,,,,,,Windows 10,1803,Pro,1970/01/01,17134.1,IPMGM could not find the protocol component ({param1}; {param2}),{param1} | {param2}
50010,0,,,,,,Windows 10,1709,Pro,2017/11/14,16299.64,IPMGM could not find the protocol component ({param1}; {param2}),{param1} | {param2}
50010,0,,,,,,Windows 10,1709,Pro,2017/11/14,16299.15,IPMGM could not find the protocol component ({param1}; {param2}),{param1} | {param2}
50010,0,,,,,,Windows 10,1709,Pro,2017/12/12,16299.125,IPMGM could not find the protocol component ({param1}; {param2}),{param1} | {param2}
50010,0,,,,,,Windows 10,1703,Pro,2017/07/11,15063.483,IPMGM could not find the protocol component ({param1}; {param2}),{param1} | {param2}
50010,0,,,,,,Windows 10,1703,Pro,2017/06/13,15063.413,IPMGM could not find the protocol component ({param1}; {param2}),{param1} | {param2}
50010,0,,,,,,Windows 10,1703,Pro,2017/03/20,15063.0,IPMGM could not find the protocol component ({param1}; {param2}),{param1} | {param2}
50010,0,,,,,,Windows 10,1607,Pro,2016/11/08,14393.447,IPMGM could not find the protocol component ({param1}; {param2}),{param1} | {param2}
50010,0,,,,,,Windows Server 2016,1607,Standard,2016/11/08,14393.447,IPMGM could not find the protocol component ({param1}; {param2}),{param1} | {param2}
50010,0,,,,,,Windows Server 2016,1607,Standard,2017/11/14,14393.1884,IPMGM could not find the protocol component ({param1}; {param2}),{param1} | {param2}
50010,0,,,,,,Windows Server 2016,1607,Standard,2016/10/12,14393.0,IPMGM could not find the protocol component ({param1}; {param2}),{param1} | {param2}
50010,0,,,,,,Windows 10,1511,Pro,2016/03/08,10586.164,IPMGM could not find the protocol component ({param1}; {param2}),{param1} | {param2}
50010,0,,,,,,Windows 10,1511,Enterprise,2016/02/09,10586.104,IPMGM could not find the protocol component ({param1}; {param2}),{param1} | {param2}
50010,0,,,,,,Windows 10,1511,Pro,1970/01/01,10586.0,IPMGM could not find the protocol component ({param1}; {param2}),{param1} | {param2}
50010,0,,,,,,Windows 10,1507,Pro,2015/07/29,10240.0,IPMGM could not find the protocol component ({param1}; {param2}),{param1} | {param2}
50010,0,,,,,,Windows 8.1,8.1,Pro,1970/01/01,9600.0,IPMGM could not find the protocol component ({param1}; {param2}),{param1} | {param2}
50010,0,,,,,,Windows 8,8,Pro,1970/01/01,9200.0,IPMGM could not find the protocol component ({param1}; {param2}),{param1} | {param2}
50010,0,,,,,,Windows Server 2008R2,SP1,Standard,2011/02/09,7601.0,IPMGM could not find the protocol component ({param1}; {param2}),{param1} | {param2}
50010,0,,,,,,Windows 7,SP1,Ultimate,1970/01/01,7601.0,IPMGM could not find the protocol component ({param1}; {param2}),{param1} | {param2}
50010,0,,,,,,Windows Server 2008,SP2,Standard,2009/05/26,6002.0,IPMGM could not find the protocol component ({param1}; {param2}),{param1} | {param2}
50011,0,,,,,,Windows 11,24H2,Pro,2024/10/2,26100.1742,Protocol component has already registered with IPMGM,
50011,0,,,,,,Windows 11,22H2,Pro,2022/12/20,22621.963,Protocol component has already registered with IPMGM,
50011,0,,,,,,Windows 11,22H2,Pro,2022/11/15,22621.819,Protocol component has already registered with IPMGM,
50011,0,,,,,,Windows 11,22H2,Pro,2022/10/18,22621.674,Protocol component has already registered with IPMGM,
50011,0,,,,,,Windows 11,22H2,Pro,2022/09/20,22621.382,Protocol component has already registered with IPMGM,
50011,0,,,,,,Windows 11,22H2,Pro,2023/03/21,22621.1413,Protocol component has already registered with IPMGM,
50011,0,,,,,,Windows 11,22H2,Pro,2023/02/21,22621.1265,Protocol component has already registered with IPMGM,
50011,0,,,,,,Windows 11,22H2,Pro,2023/01/17,22621.1105,Protocol component has already registered with IPMGM,
50011,0,,,,,,Windows 11,21H2,Pro,2022/09/20,22000.978,Protocol component has already registered with IPMGM,
50011,0,,,,,,Windows 11,21H2,Pro,2022/08/16,22000.856,Protocol component has already registered with IPMGM,
50011,0,,,,,,Windows 11,21H2,Pro,2022/07/19,22000.795,Protocol component has already registered with IPMGM,
50011,0,,,,,,Windows 11,21H2,Pro,2022/06/21,22000.739,Protocol component has already registered with IPMGM,
50011,0,,,,,,Windows 11,21H2,Pro,2022/05/17,22000.675,Protocol component has already registered with IPMGM,
50011,0,,,,,,Windows 11,21H2,Pro,2022/04/19,22000.613,Protocol component has already registered with IPMGM,
50011,0,,,,,,Windows 11,21H2,Pro,2022/03/15,22000.556,Protocol component has already registered with IPMGM,
50011,0,,,,,,Windows 11,21H2,Pro,2022/02/15,22000.493,Protocol component has already registered with IPMGM,
50011,0,,,,,,Windows 11,21H2,Pro,2022/01/11,22000.434,Protocol component has already registered with IPMGM,
50011,0,,,,,,Windows 11,21H2,Pro,2021/12/14,22000.376,Protocol component has already registered with IPMGM,
50011,0,,,,,,Windows 11,21H2,Pro,2021/11/09,22000.318,Protocol component has already registered with IPMGM,
50011,0,,,,,,Windows 11,21H2,Pro,2021/09/16,22000.194,Protocol component has already registered with IPMGM,
50011,0,,,,,,Windows 11,21H2,Pro,2023/03/21,22000.1696,Protocol component has already registered with IPMGM,
50011,0,,,,,,Windows 11,21H2,Pro,2023/02/21,22000.1574,Protocol component has already registered with IPMGM,
50011,0,,,,,,Windows 11,21H2,Pro,2023/01/17,22000.1455,Protocol component has already registered with IPMGM,
50011,0,,,,,,Windows 11,21H2,Pro,2022/12/20,22000.1335,Protocol component has already registered with IPMGM,
50011,0,,,,,,Windows 11,21H2,Pro,2022/11/15,22000.1219,Protocol component has already registered with IPMGM,
50011,0,,,,,,Windows 11,21H2,Pro,2022/10/18,22000.1098,Protocol component has already registered with IPMGM,
50011,0,,,,,,Windows 11,21H2,Pro-Dev,1970/01/01,21996.1,Protocol component has already registered with IPMGM,
50011,0,,,,,,Windows Server 2022,21H2,Standard,2022/08/16,20348.887,Protocol component has already registered with IPMGM,
50011,0,,,,,,Windows Server 2022,21H2,Standard,2022/07/19,20348.825,Protocol component has already registered with IPMGM,
50011,0,,,,,,Windows Server 2022,21H2,Standard,2022/06/21,20348.768,Protocol component has already registered with IPMGM,
50011,0,,,,,,Windows Server 2022,21H2,Standard,2022/05/17,20348.707,Protocol component has already registered with IPMGM,
50011,0,,,,,,Windows Server 2022,21H2,Standard,2022/04/19,20348.643,Protocol component has already registered with IPMGM,
50011,0,,,,,,Windows Server 2022,21H2,Standard,2022/02/15,20348.587,Protocol component has already registered with IPMGM,
50011,0,,,,,,Windows Server 2022,21H2,Standard,2022/02/15,20348.524,Protocol component has already registered with IPMGM,
50011,0,,,,,,Windows Server 2022,21H2,Standard,2022/01/11,20348.469,Protocol component has already registered with IPMGM,
50011,0,,,,,,Windows Server 2022,21H2,Standard,2021/12/08,20348.405,Protocol component has already registered with IPMGM,
50011,0,,,,,,Windows Server 2022,21H2,Standard,2021/11/09,20348.35,Protocol component has already registered with IPMGM,
50011,0,,,,,,Windows Server 2022,21H2,Standard,2021/10/12,20348.288,Protocol component has already registered with IPMGM,
50011,0,,,,,,Windows Server 2022,21H2,Standard,2021/09/14,20348.23,Protocol component has already registered with IPMGM,
50011,0,,,,,,Windows Server 2022,21H2,Standard,2021/08/18,20348.169,Protocol component has already registered with IPMGM,
50011,0,,,,,,Windows Server 2022,21H2,Standard,2023/03/21,20348.1607,Protocol component has already registered with IPMGM,
50011,0,,,,,,Windows Server 2022,21H2,Standard,2023/02/21,20348.1547,Protocol component has already registered with IPMGM,
50011,0,,,,,,Windows Server 2022,21H2,Standard,2023/01/17,20348.1487,Protocol component has already registered with IPMGM,
50011,0,,,,,,Windows Server 2022,21H2,Standard,2022/12/20,20348.1366,Protocol component has already registered with IPMGM,
50011,0,,,,,,Windows Server 2022,21H2,Standard,2022/11/15,20348.1249,Protocol component has already registered with IPMGM,
50011,0,,,,,,Windows Server 2022,21H2,Standard,2022/10/18,20348.1129,Protocol component has already registered with IPMGM,
50011,0,,,,,,Windows Server 2022,21H2,Standard,2022/09/20,20348.1006,Protocol component has already registered with IPMGM,
50011,0,,,,,,Windows 10,22H2,Pro,2023/03/21,19045.2728,Protocol component has already registered with IPMGM,
50011,0,,,,,,Windows 10,22H2,Pro,2023/02/21,19045.2604,Protocol component has already registered with IPMGM,
50011,0,,,,,,Windows 10,22H2,Pro,2023/01/17,19045.2486,Protocol component has already registered with IPMGM,
50011,0,,,,,,Windows 10,22H2,Pro,2022/12/20,19045.2364,Protocol component has already registered with IPMGM,
50011,0,,,,,,Windows 10,22H2,Pro,2022/11/15,19045.2251,Protocol component has already registered with IPMGM,
50011,0,,,,,,Windows 10,21H2,Pro,2023/03/21,19044.2728,Protocol component has already registered with IPMGM,
50011,0,,,,,,Windows 10,21H2,Pro,2023/02/21,19044.2604,Protocol component has already registered with IPMGM,
50011,0,,,,,,Windows 10,21H2,Pro,2023/01/17,19044.2486,Protocol component has already registered with IPMGM,
50011,0,,,,,,Windows 10,21H2,Pro,2022/12/20,19044.2364,Protocol component has already registered with IPMGM,
50011,0,,,,,,Windows 10,21H2,Pro,2022/11/15,19044.2251,Protocol component has already registered with IPMGM,
50011,0,,,,,,Windows 10,21H2,Pro,2022/10/18,19044.213,Protocol component has already registered with IPMGM,
50011,0,,,,,,Windows 10,21H2,Pro,2022/09/20,19044.2006,Protocol component has already registered with IPMGM,
50011,0,,,,,,Windows 10,21H2,Pro,2022/08/16,19044.1889,Protocol component has already registered with IPMGM,
50011,0,,,,,,Windows 10,21H2,Pro,2022/07/19,19044.1826,Protocol component has already registered with IPMGM,
50011,0,,,,,,Windows 10,21H2,Pro,2022/06/21,19044.1766,Protocol component has already registered with IPMGM,
50011,0,,,,,,Windows 10,21H2,Pro,2022/05/17,19044.1706,Protocol component has already registered with IPMGM,
50011,0,,,,,,Windows 10,21H2,Pro,2022/04/19,19044.1645,Protocol component has already registered with IPMGM,
50011,0,,,,,,Windows 10,21H2,Pro,2022/01/11,19044.1466,Protocol component has already registered with IPMGM,
50011,0,,,,,,Windows 10,21H2,Pro,2021/10/12,19044.1288,Protocol component has already registered with IPMGM,
50011,0,,,,,,Windows 10,21H1,Pro,2021/04/13,19043.928,Protocol component has already registered with IPMGM,
50011,0,,,,,,Windows 10,21H1,Pro,2022/12/20,19043.2364,Protocol component has already registered with IPMGM,
50011,0,,,,,,Windows 10,21H1,Pro,2022/11/15,19043.2251,Protocol component has already registered with IPMGM,
50011,0,,,,,,Windows 10,21H1,Pro,2022/10/18,19043.213,Protocol component has already registered with IPMGM,
50011,0,,,,,,Windows 10,21H1,Pro,2022/09/20,19043.2006,Protocol component has already registered with IPMGM,
50011,0,,,,,,Windows 10,21H1,Pro,2022/08/16,19043.1889,Protocol component has already registered with IPMGM,
50011,0,,,,,,Windows 10,21H1,Pro,2022/07/19,19043.1826,Protocol component has already registered with IPMGM,
50011,0,,,,,,Windows 10,21H1,Pro,2022/06/21,19043.1766,Protocol component has already registered with IPMGM,
50011,0,,,,,,Windows 10,21H1,Pro,2022/05/17,19043.1706,Protocol component has already registered with IPMGM,
50011,0,,,,,,Windows 10,21H1,Pro,2022/04/19,19043.1645,Protocol component has already registered with IPMGM,
50011,0,,,,,,Windows 10,21H1,Pro,2022/01/11,19043.1466,Protocol component has already registered with IPMGM,
50011,0,,,,,,Windows 10,21H1,Pro,2021/12/14,19043.1415,Protocol component has already registered with IPMGM,
50011,0,,,,,,Windows 10,21H2,Pro,2021/12/14,19043.1415,Protocol component has already registered with IPMGM,
50011,0,,,,,,Windows 10,21H1,Pro,2021/11/09,19043.1348,Protocol component has already registered with IPMGM,
50011,0,,,,,,Windows 10,21H1,Pro,2021/10/12,19043.1288,Protocol component has already registered with IPMGM,
50011,0,,,,,,Windows 10,21H1,Pro,2021/09/14,19043.1237,Protocol component has already registered with IPMGM,
50011,0,,,,,,Windows 10,21H1,Pro,2021/08/10,19043.1165,Protocol component has already registered with IPMGM,
50011,0,,,,,,Windows 10,21H1,Pro,2021/07/13,19043.111,Protocol component has already registered with IPMGM,
50011,0,,,,,,Windows 10,21H1,Pro,2021/06/08,19043.1052,Protocol component has already registered with IPMGM,
50011,0,,,,,,Windows 10,20H2,Pro,2022/04/19,19042.1645,Protocol component has already registered with IPMGM,
50011,0,,,,,,Windows 10,20H2,Pro,2022/01/11,19042.1466,Protocol component has already registered with IPMGM,
50011,0,,,,,,Windows 10,2004,Pro,2021/05/11,19041.985,Protocol component has already registered with IPMGM,
50011,0,,,,,,Windows 10,20H2,Pro,2021/05/11,19041.985,Protocol component has already registered with IPMGM,
50011,0,,,,,,Windows 10,2004,Pro,2021/04/13,19041.928,Protocol component has already registered with IPMGM,
50011,0,,,,,,Windows 10,20H2,Pro,2021/04/13,19041.928,Protocol component has already registered with IPMGM,
50011,0,,,,,,Windows 10,2004,Pro,2021/03/09,19041.867,Protocol component has already registered with IPMGM,
50011,0,,,,,,Windows 10,20H2,Pro,2021/03/09,19041.867,Protocol component has already registered with IPMGM,
50011,0,,,,,,Windows 10,2004,Pro,2021/02/09,19041.804,Protocol component has already registered with IPMGM,
50011,0,,,,,,Windows 10,20H2,Pro,2021/02/09,19041.804,Protocol component has already registered with IPMGM,
50011,0,,,,,,Windows 10,2004,Pro,2021/01/12,19041.746,Protocol component has already registered with IPMGM,
50011,0,,,,,,Windows 10,20H2,Pro,2021/01/12,19041.746,Protocol component has already registered with IPMGM,
50011,0,,,,,,Windows 10,2004,Pro,2020/12/08,19041.685,Protocol component has already registered with IPMGM,
50011,0,,,,,,Windows 10,20H2,Pro,2020/12/08,19041.685,Protocol component has already registered with IPMGM,
50011,0,,,,,,Windows 10,20H2,Pro,2020/11/19,19041.631,Protocol component has already registered with IPMGM,
50011,0,,,,,,Windows 10,2004,Pro,2020/11/10,19041.63,Protocol component has already registered with IPMGM,
50011,0,,,,,,Windows 10,2004,Pro,2020/10/13,19041.572,Protocol component has already registered with IPMGM,
50011,0,,,,,,Windows 10,2004,Pro,2020/09/08,19041.508,Protocol component has already registered with IPMGM,
50011,0,,,,,,Windows 10,2004,Pro,2020/08/11,19041.45,Protocol component has already registered with IPMGM,
50011,0,,,,,,Windows 10,2004,Pro,2020/07/14,19041.388,Protocol component has already registered with IPMGM,
50011,0,,,,,,Windows 10,2004,Pro,2020/06/09,19041.329,Protocol component has already registered with IPMGM,
50011,0,,,,,,Windows 10,2004,Pro,2020/05/27,19041.264,Protocol component has already registered with IPMGM,
50011,0,,,,,,Windows 10,2004,Pro,2020/04/16,19041.208,Protocol component has already registered with IPMGM,
50011,0,,,,,,Windows 10,21H1,Pro,2022/03/15,19041.1586,Protocol component has already registered with IPMGM,
50011,0,,,,,,Windows 10,20H2,Pro,2022/03/15,19041.1586,Protocol component has already registered with IPMGM,
50011,0,,,,,,Windows 10,21H2,Pro,2022/03/15,19041.1586,Protocol component has already registered with IPMGM,
50011,0,,,,,,Windows 10,21H1,Pro,2022/02/15,19041.1526,Protocol component has already registered with IPMGM,
50011,0,,,,,,Windows 10,20H2,Pro,2022/02/15,19041.1526,Protocol component has already registered with IPMGM,
50011,0,,,,,,Windows 10,21H2,Pro,2022/02/15,19041.1526,Protocol component has already registered with IPMGM,
50011,0,,,,,,Windows 10,20H2,Pro,2021/12/14,19041.1415,Protocol component has already registered with IPMGM,
50011,0,,,,,,Windows 10,2004,Pro,2021/11/09,19041.1348,Protocol component has already registered with IPMGM,
50011,0,,,,,,Windows 10,20H2,Pro,2021/11/09,19041.1348,Protocol component has already registered with IPMGM,
50011,0,,,,,,Windows 10,2004,Pro,2021/10/12,19041.1288,Protocol component has already registered with IPMGM,
50011,0,,,,,,Windows 10,20H2,Pro,2021/10/12,19041.1288,Protocol component has already registered with IPMGM,
50011,0,,,,,,Windows 10,2004,Pro,2021/09/14,19041.1237,Protocol component has already registered with IPMGM,
50011,0,,,,,,Windows 10,20H2,Pro,2021/09/14,19041.1237,Protocol component has already registered with IPMGM,
50011,0,,,,,,Windows 10,2004,Pro,2021/08/10,19041.1165,Protocol component has already registered with IPMGM,
50011,0,,,,,,Windows 10,20H2,Pro,2021/08/10,19041.1165,Protocol component has already registered with IPMGM,
50011,0,,,,,,Windows 10,2004,Pro,2021/07/13,19041.111,Protocol component has already registered with IPMGM,
50011,0,,,,,,Windows 10,20H2,Pro,2021/07/13,19041.111,Protocol component has already registered with IPMGM,
50011,0,,,,,,Windows 10,2004,Pro,2021/06/08,19041.1052,Protocol component has already registered with IPMGM,
50011,0,,,,,,Windows 10,20H2,Pro,2021/06/08,19041.1052,Protocol component has already registered with IPMGM,
50011,0,,,,,,Windows 10,1909,Pro,2020/07/14,18363.959,Protocol component has already registered with IPMGM,
50011,0,,,,,,Windows 10,1909,Pro,2020/06/09,18363.9,Protocol component has already registered with IPMGM,
50011,0,,,,,,Windows 10,1909,Pro,2020/05/12,18363.836,Protocol component has already registered with IPMGM,
50011,0,,,,,,Windows 10,1909,Pro,2020/04/14,18363.778,Protocol component has already registered with IPMGM,
50011,0,,,,,,Windows 10,1909,Pro,2020/03/12,18363.72,Protocol component has already registered with IPMGM,
50011,0,,,,,,Windows 10,1909,Pro,2020/02/11,18363.657,Protocol component has already registered with IPMGM,
50011,0,,,,,,Windows 10,1909,Pro,2020/01/14,18363.592,Protocol component has already registered with IPMGM,
50011,0,,,,,,Windows 10,1909,Pro,2019/12/10,18363.535,Protocol component has already registered with IPMGM,
50011,0,,,,,,Windows 10,1909,Pro,2019/10/05,18363.418,Protocol component has already registered with IPMGM,
50011,0,,,,,,Windows 10,1909,Pro,2021/06/08,18363.1621,Protocol component has already registered with IPMGM,
50011,0,,,,,,Windows 10,1909,Pro,2021/05/11,18363.1556,Protocol component has already registered with IPMGM,
50011,0,,,,,,Windows 10,1909,Pro,2021/04/13,18363.15,Protocol component has already registered with IPMGM,
50011,0,,,,,,Windows 10,1909,Pro,2021/03/09,18363.144,Protocol component has already registered with IPMGM,
50011,0,,,,,,Windows 10,1909,Pro,2021/02/11,18363.1379,Protocol component has already registered with IPMGM,
50011,0,,,,,,Windows 10,1909,Pro,2021/01/12,18363.1316,Protocol component has already registered with IPMGM,
50011,0,,,,,,Windows 10,1909,Pro,2020/12/08,18363.1256,Protocol component has already registered with IPMGM,
50011,0,,,,,,Windows 10,1909,Pro,2020/11/10,18363.1198,Protocol component has already registered with IPMGM,
50011,0,,,,,,Windows 10,1909,Pro,2020/10/13,18363.1139,Protocol component has already registered with IPMGM,
50011,0,,,,,,Windows 10,1909,Pro,2020/09/08,18363.1082,Protocol component has already registered with IPMGM,
50011,0,,,,,,Windows 10,1909,Pro,2020/08/11,18363.1016,Protocol component has already registered with IPMGM,
50011,0,,,,,,Windows 10,1903,Pro,2020/07/14,18362.959,Protocol component has already registered with IPMGM,
50011,0,,,,,,Windows 10,1903,Pro,2020/05/12,18362.836,Protocol component has already registered with IPMGM,
50011,0,,,,,,Windows 10,1903,Pro,2020/03/12,18362.72,Protocol component has already registered with IPMGM,
50011,0,,,,,,Windows 10,1903,Pro,2020/02/11,18362.657,Protocol component has already registered with IPMGM,
50011,0,,,,,,Windows 10,1903,Pro,2019/12/10,18362.535,Protocol component has already registered with IPMGM,
50011,0,,,,,,Windows 10,1903,Pro,2019/11/12,18362.476,Protocol component has already registered with IPMGM,
50011,0,,,,,,Windows 10,1903,Pro,2019/09/10,18362.356,Protocol component has already registered with IPMGM,
50011,0,,,,,,Windows 10,1903,Pro,2019/03/29,18362.3,Protocol component has already registered with IPMGM,
50011,0,,,,,,Windows 10,1903,Pro,2019/07/09,18362.239,Protocol component has already registered with IPMGM,
50011,0,,,,,,Windows 10,1903,Pro,2019/06/11,18362.175,Protocol component has already registered with IPMGM,
50011,0,,,,,,Windows 10,1903,Pro,2020/12/08,18362.1256,Protocol component has already registered with IPMGM,
50011,0,,,,,,Windows 10,1903,Pro,2020/11/10,18362.1198,Protocol component has already registered with IPMGM,
50011,0,,,,,,Windows 10,1903,Pro,2020/10/13,18362.1139,Protocol component has already registered with IPMGM,
50011,0,,,,,,Windows 10,1903,Pro,2020/09/08,18362.1082,Protocol component has already registered with IPMGM,
50011,0,,,,,,Windows 10,1903,Pro,2019/12/10,18362.1016,Protocol component has already registered with IPMGM,
50011,0,,,,,,Windows 10,1809,Pro,2020/01/14,17763.973,Protocol component has already registered with IPMGM,
50011,0,,,,,,Windows Server 2019,1809,Standard,2020/01/14,17763.973,Protocol component has already registered with IPMGM,
50011,0,,,,,,Windows 10,1809,Pro,2019/12/10,17763.914,Protocol component has already registered with IPMGM,
50011,0,,,,,,Windows Server 2019,1809,Standard,2019/12/10,17763.914,Protocol component has already registered with IPMGM,
50011,0,,,,,,Windows 10,1809,Pro,2019/11/12,17763.864,Protocol component has already registered with IPMGM,
50011,0,,,,,,Windows Server 2019,1809,Standard,2019/11/12,17763.864,Protocol component has already registered with IPMGM,
50011,0,,,,,,Windows 10,1809,Pro,2019/10/08,17763.805,Protocol component has already registered with IPMGM,
50011,0,,,,,,Windows 10,1809,Pro,2019/09/10,17763.737,Protocol component has already registered with IPMGM,
50011,0,,,,,,Windows Server 2019,1809,Standard,2019/09/10,17763.737,Protocol component has already registered with IPMGM,
50011,0,,,,,,Windows 10,1809,Pro,2019/08/13,17763.678,Protocol component has already registered with IPMGM,
50011,0,,,,,,Windows Server 2019,1809,Standard,2019/08/13,17763.678,Protocol component has already registered with IPMGM,
50011,0,,,,,,Windows 10,1809,Pro,2019/07/09,17763.615,Protocol component has already registered with IPMGM,
50011,0,,,,,,Windows 10,1809,Pro,2019/06/11,17763.557,Protocol component has already registered with IPMGM,
50011,0,,,,,,Windows 10,1809,Pro,2019/05/19,17763.504,Protocol component has already registered with IPMGM,
50011,0,,,,,,Windows 10,1809,Pro,2019/04/09,17763.437,Protocol component has already registered with IPMGM,
50011,0,,,,,,Windows 10,1809,Pro,2019/03/12,17763.379,Protocol component has already registered with IPMGM,
50011,0,,,,,,Windows Server 2019,1809,Standard,2019/03/12,17763.379,Protocol component has already registered with IPMGM,
50011,0,,,,,,Windows Server 2019,1809,Standard,2022/11/15,17763.365,Protocol component has already registered with IPMGM,
50011,0,,,,,,Windows 10,1809,Pro,2019/02/12,17763.316,Protocol component has already registered with IPMGM,
50011,0,,,,,,Windows 10,1803,Pro,2019/01/08,17763.253,Protocol component has already registered with IPMGM,
50011,0,,,,,,Windows Server 2019,1809,Standard,2021/08/10,17763.2114,Protocol component has already registered with IPMGM,
50011,0,,,,,,Windows Server 2019,1809,Standard,2021/07/13,17763.2061,Protocol component has already registered with IPMGM,
50011,0,,,,,,Windows Server 2019,1809,Standard,2021/06/08,17763.1999,Protocol component has already registered with IPMGM,
50011,0,,,,,,Windows 10,1809,Pro,2018/12/11,17763.194,Protocol component has already registered with IPMGM,
50011,0,,,,,,Windows Server 2019,1809,Standard,2021/05/11,17763.1935,Protocol component has already registered with IPMGM,
50011,0,,,,,,Windows Server 2019,1809,Standard,2021/04/13,17763.1879,Protocol component has already registered with IPMGM,
50011,0,,,,,,Windows Server 2019,1809,Standard,2021/03/09,17763.1817,Protocol component has already registered with IPMGM,
50011,0,,,,,,Windows Server 2019,1809,Standard,2021/02/09,17763.1757,Protocol component has already registered with IPMGM,
50011,0,,,,,,Windows Server 2019,1809,Standard,2021/01/12,17763.1697,Protocol component has already registered with IPMGM,
50011,0,,,,,,Windows Server 2019,1809,Standard,2020/12/08,17763.1637,Protocol component has already registered with IPMGM,
50011,0,,,,,,Windows 10,1809,Pro,2020/11/10,17763.1577,Protocol component has already registered with IPMGM,
50011,0,,,,,,Windows Server 2019,1809,Standard,2020/11/10,17763.1577,Protocol component has already registered with IPMGM,
50011,0,,,,,,Windows 10,1809,Pro,2020/10/13,17763.1518,Protocol component has already registered with IPMGM,
50011,0,,,,,,Windows Server 2019,1809,Standard,2020/10/13,17763.1518,Protocol component has already registered with IPMGM,
50011,0,,,,,,Windows 10,1809,Pro,2020/09/08,17763.1457,Protocol component has already registered with IPMGM,
50011,0,,,,,,Windows Server 2019,1809,Standard,2020/09/10,17763.1457,Protocol component has already registered with IPMGM,
50011,0,,,,,,Windows 10,1809,Pro,2020/08/11,17763.1397,Protocol component has already registered with IPMGM,
50011,0,,,,,,Windows Server 2019,1809,Standard,2020/08/11,17763.1397,Protocol component has already registered with IPMGM,
50011,0,,,,,,Windows 10,1809,Pro,2020/07/14,17763.1339,Protocol component has already registered with IPMGM,
50011,0,,,,,,Windows Server 2019,1809,Standard,2020/07/14,17763.1339,Protocol component has already registered with IPMGM,
50011,0,,,,,,Windows 10,1809,Pro,2020/06/09,17763.1282,Protocol component has already registered with IPMGM,
50011,0,,,,,,Windows Server 2019,1809,Standard,2020/06/09,17763.1282,Protocol component has already registered with IPMGM,
50011,0,,,,,,Windows 10,1809,Pro,2020/05/12,17763.1217,Protocol component has already registered with IPMGM,
50011,0,,,,,,Windows Server 2019,1809,Standard,2020/05/12,17763.1217,Protocol component has already registered with IPMGM,
50011,0,,,,,,Windows 10,1809,Pro,2020/04/14,17763.1158,Protocol component has already registered with IPMGM,
50011,0,,,,,,Windows Server 2019,1809,Standard,2020/04/14,17763.1158,Protocol component has already registered with IPMGM,
50011,0,,,,,,Windows 10,1809,Pro,2020/03/12,17763.1098,Protocol component has already registered with IPMGM,
50011,0,,,,,,Windows Server 2019,1809,Standard,2020/03/10,17763.1098,Protocol component has already registered with IPMGM,
50011,0,,,,,,Windows 10,1809,Pro,2018/11/13,17763.107,Protocol component has already registered with IPMGM,
50011,0,,,,,,Windows Server 2019,1809,Standard,2018/11/13,17763.107,Protocol component has already registered with IPMGM,
50011,0,,,,,,Windows 10,1809,Pro,2020/02/11,17763.1039,Protocol component has already registered with IPMGM,
50011,0,,,,,,Windows Server 2019,1809,Standard,2020/02/11,17763.1039,Protocol component has already registered with IPMGM,
50011,0,,,,,,Windows 10,1803,Pro,2019/08/13,17134.95,Protocol component has already registered with IPMGM,
50011,0,,,,,,Windows 10,1803,Pro,2019/07/09,17134.885,Protocol component has already registered with IPMGM,
50011,0,,,,,,Windows 10,1803,Pro,2019/06/11,17134.829,Protocol component has already registered with IPMGM,
50011,0,,,,,,Windows 10,1803,Pro,2019/05/19,17134.766,Protocol component has already registered with IPMGM,
50011,0,,,,,,Windows 10,1803,Pro,2019/04/09,17134.706,Protocol component has already registered with IPMGM,
50011,0,,,,,,Windows 10,1803,Pro,2019/03/12,17134.648,Protocol component has already registered with IPMGM,
50011,0,,,,,,Windows 10,1803,Pro,2019/01/08,17134.523,Protocol component has already registered with IPMGM,
50011,0,,,,,,Windows 10,1803,Pro,2018/09/11,17134.285,Protocol component has already registered with IPMGM,
50011,0,,,,,,Windows 10,1803,Pro,2018/08/14,17134.228,Protocol component has already registered with IPMGM,
50011,0,,,,,,Windows 10,1803,Pro,2018/06/12,17134.112,Protocol component has already registered with IPMGM,
50011,0,,,,,,Windows 10,1803,Pro,2019/09/10,17134.1006,Protocol component has already registered with IPMGM,
50011,0,,,,,,Windows 10,1803,Pro,1970/01/01,17134.1,Protocol component has already registered with IPMGM,
50011,0,,,,,,Windows 10,1709,Pro,2017/11/14,16299.64,Protocol component has already registered with IPMGM,
50011,0,,,,,,Windows 10,1709,Pro,2017/11/14,16299.15,Protocol component has already registered with IPMGM,
50011,0,,,,,,Windows 10,1709,Pro,2017/12/12,16299.125,Protocol component has already registered with IPMGM,
50011,0,,,,,,Windows 10,1703,Pro,2017/07/11,15063.483,Protocol component has already registered with IPMGM,
50011,0,,,,,,Windows 10,1703,Pro,2017/06/13,15063.413,Protocol component has already registered with IPMGM,
50011,0,,,,,,Windows 10,1703,Pro,2017/03/20,15063.0,Protocol component has already registered with IPMGM,
50011,0,,,,,,Windows 10,1607,Pro,2016/11/08,14393.447,Protocol component has already registered with IPMGM,
50011,0,,,,,,Windows Server 2016,1607,Standard,2016/11/08,14393.447,Protocol component has already registered with IPMGM,
50011,0,,,,,,Windows Server 2016,1607,Standard,2017/11/14,14393.1884,Protocol component has already registered with IPMGM,
50011,0,,,,,,Windows Server 2016,1607,Standard,2016/10/12,14393.0,Protocol component has already registered with IPMGM,
50011,0,,,,,,Windows 10,1511,Pro,2016/03/08,10586.164,Protocol component has already registered with IPMGM,
50011,0,,,,,,Windows 10,1511,Enterprise,2016/02/09,10586.104,Protocol component has already registered with IPMGM,
50011,0,,,,,,Windows 10,1511,Pro,1970/01/01,10586.0,Protocol component has already registered with IPMGM,
50011,0,,,,,,Windows 10,1507,Pro,2015/07/29,10240.0,Protocol component has already registered with IPMGM,
50011,0,,,,,,Windows 8.1,8.1,Pro,1970/01/01,9600.0,Protocol component has already registered with IPMGM,
50011,0,,,,,,Windows 8,8,Pro,1970/01/01,9200.0,Protocol component has already registered with IPMGM,
50011,0,,,,,,Windows Server 2008R2,SP1,Standard,2011/02/09,7601.0,Protocol component has already registered with IPMGM,
50011,0,,,,,,Windows 7,SP1,Ultimate,1970/01/01,7601.0,Protocol component has already registered with IPMGM,
50011,0,,,,,,Windows Server 2008,SP2,Standard,2009/05/26,6002.0,Protocol component has already registered with IPMGM,
50012,0,,,,,,Windows 11,24H2,Pro,2024/10/2,26100.1742,IPMGM failed to register the protocol component. The data is in the error code.,
50012,0,,,,,,Windows 11,22H2,Pro,2022/12/20,22621.963,IPMGM failed to register the protocol component. The data is in the error code.,
50012,0,,,,,,Windows 11,22H2,Pro,2022/11/15,22621.819,IPMGM failed to register the protocol component. The data is in the error code.,
50012,0,,,,,,Windows 11,22H2,Pro,2022/10/18,22621.674,IPMGM failed to register the protocol component. The data is in the error code.,
50012,0,,,,,,Windows 11,22H2,Pro,2022/09/20,22621.382,IPMGM failed to register the protocol component. The data is in the error code.,
50012,0,,,,,,Windows 11,22H2,Pro,2023/03/21,22621.1413,IPMGM failed to register the protocol component. The data is in the error code.,
50012,0,,,,,,Windows 11,22H2,Pro,2023/02/21,22621.1265,IPMGM failed to register the protocol component. The data is in the error code.,
50012,0,,,,,,Windows 11,22H2,Pro,2023/01/17,22621.1105,IPMGM failed to register the protocol component. The data is in the error code.,
50012,0,,,,,,Windows 11,21H2,Pro,2022/09/20,22000.978,IPMGM failed to register the protocol component. The data is in the error code.,
50012,0,,,,,,Windows 11,21H2,Pro,2022/08/16,22000.856,IPMGM failed to register the protocol component. The data is in the error code.,
50012,0,,,,,,Windows 11,21H2,Pro,2022/07/19,22000.795,IPMGM failed to register the protocol component. The data is in the error code.,
50012,0,,,,,,Windows 11,21H2,Pro,2022/06/21,22000.739,IPMGM failed to register the protocol component. The data is in the error code.,
50012,0,,,,,,Windows 11,21H2,Pro,2022/05/17,22000.675,IPMGM failed to register the protocol component. The data is in the error code.,
50012,0,,,,,,Windows 11,21H2,Pro,2022/04/19,22000.613,IPMGM failed to register the protocol component. The data is in the error code.,
50012,0,,,,,,Windows 11,21H2,Pro,2022/03/15,22000.556,IPMGM failed to register the protocol component. The data is in the error code.,
50012,0,,,,,,Windows 11,21H2,Pro,2022/02/15,22000.493,IPMGM failed to register the protocol component. The data is in the error code.,
50012,0,,,,,,Windows 11,21H2,Pro,2022/01/11,22000.434,IPMGM failed to register the protocol component. The data is in the error code.,
50012,0,,,,,,Windows 11,21H2,Pro,2021/12/14,22000.376,IPMGM failed to register the protocol component. The data is in the error code.,
50012,0,,,,,,Windows 11,21H2,Pro,2021/11/09,22000.318,IPMGM failed to register the protocol component. The data is in the error code.,
50012,0,,,,,,Windows 11,21H2,Pro,2021/09/16,22000.194,IPMGM failed to register the protocol component. The data is in the error code.,
50012,0,,,,,,Windows 11,21H2,Pro,2023/03/21,22000.1696,IPMGM failed to register the protocol component. The data is in the error code.,
50012,0,,,,,,Windows 11,21H2,Pro,2023/02/21,22000.1574,IPMGM failed to register the protocol component. The data is in the error code.,
50012,0,,,,,,Windows 11,21H2,Pro,2023/01/17,22000.1455,IPMGM failed to register the protocol component. The data is in the error code.,
50012,0,,,,,,Windows 11,21H2,Pro,2022/12/20,22000.1335,IPMGM failed to register the protocol component. The data is in the error code.,
50012,0,,,,,,Windows 11,21H2,Pro,2022/11/15,22000.1219,IPMGM failed to register the protocol component. The data is in the error code.,
50012,0,,,,,,Windows 11,21H2,Pro,2022/10/18,22000.1098,IPMGM failed to register the protocol component. The data is in the error code.,
50012,0,,,,,,Windows 11,21H2,Pro-Dev,1970/01/01,21996.1,IPMGM failed to register the protocol component. The data is in the error code.,
50012,0,,,,,,Windows Server 2022,21H2,Standard,2022/08/16,20348.887,IPMGM failed to register the protocol component. The data is in the error code.,
50012,0,,,,,,Windows Server 2022,21H2,Standard,2022/07/19,20348.825,IPMGM failed to register the protocol component. The data is in the error code.,
50012,0,,,,,,Windows Server 2022,21H2,Standard,2022/06/21,20348.768,IPMGM failed to register the protocol component. The data is in the error code.,
50012,0,,,,,,Windows Server 2022,21H2,Standard,2022/05/17,20348.707,IPMGM failed to register the protocol component. The data is in the error code.,
50012,0,,,,,,Windows Server 2022,21H2,Standard,2022/04/19,20348.643,IPMGM failed to register the protocol component. The data is in the error code.,
50012,0,,,,,,Windows Server 2022,21H2,Standard,2022/02/15,20348.587,IPMGM failed to register the protocol component. The data is in the error code.,
50012,0,,,,,,Windows Server 2022,21H2,Standard,2022/02/15,20348.524,IPMGM failed to register the protocol component. The data is in the error code.,
50012,0,,,,,,Windows Server 2022,21H2,Standard,2022/01/11,20348.469,IPMGM failed to register the protocol component. The data is in the error code.,
50012,0,,,,,,Windows Server 2022,21H2,Standard,2021/12/08,20348.405,IPMGM failed to register the protocol component. The data is in the error code.,
50012,0,,,,,,Windows Server 2022,21H2,Standard,2021/11/09,20348.35,IPMGM failed to register the protocol component. The data is in the error code.,
50012,0,,,,,,Windows Server 2022,21H2,Standard,2021/10/12,20348.288,IPMGM failed to register the protocol component. The data is in the error code.,
50012,0,,,,,,Windows Server 2022,21H2,Standard,2021/09/14,20348.23,IPMGM failed to register the protocol component. The data is in the error code.,
50012,0,,,,,,Windows Server 2022,21H2,Standard,2021/08/18,20348.169,IPMGM failed to register the protocol component. The data is in the error code.,
50012,0,,,,,,Windows Server 2022,21H2,Standard,2023/03/21,20348.1607,IPMGM failed to register the protocol component. The data is in the error code.,
50012,0,,,,,,Windows Server 2022,21H2,Standard,2023/02/21,20348.1547,IPMGM failed to register the protocol component. The data is in the error code.,
50012,0,,,,,,Windows Server 2022,21H2,Standard,2023/01/17,20348.1487,IPMGM failed to register the protocol component. The data is in the error code.,
50012,0,,,,,,Windows Server 2022,21H2,Standard,2022/12/20,20348.1366,IPMGM failed to register the protocol component. The data is in the error code.,
50012,0,,,,,,Windows Server 2022,21H2,Standard,2022/11/15,20348.1249,IPMGM failed to register the protocol component. The data is in the error code.,
50012,0,,,,,,Windows Server 2022,21H2,Standard,2022/10/18,20348.1129,IPMGM failed to register the protocol component. The data is in the error code.,
50012,0,,,,,,Windows Server 2022,21H2,Standard,2022/09/20,20348.1006,IPMGM failed to register the protocol component. The data is in the error code.,
50012,0,,,,,,Windows 10,22H2,Pro,2023/03/21,19045.2728,IPMGM failed to register the protocol component. The data is in the error code.,
50012,0,,,,,,Windows 10,22H2,Pro,2023/02/21,19045.2604,IPMGM failed to register the protocol component. The data is in the error code.,
50012,0,,,,,,Windows 10,22H2,Pro,2023/01/17,19045.2486,IPMGM failed to register the protocol component. The data is in the error code.,
50012,0,,,,,,Windows 10,22H2,Pro,2022/12/20,19045.2364,IPMGM failed to register the protocol component. The data is in the error code.,
50012,0,,,,,,Windows 10,22H2,Pro,2022/11/15,19045.2251,IPMGM failed to register the protocol component. The data is in the error code.,
50012,0,,,,,,Windows 10,21H2,Pro,2023/03/21,19044.2728,IPMGM failed to register the protocol component. The data is in the error code.,
50012,0,,,,,,Windows 10,21H2,Pro,2023/02/21,19044.2604,IPMGM failed to register the protocol component. The data is in the error code.,
50012,0,,,,,,Windows 10,21H2,Pro,2023/01/17,19044.2486,IPMGM failed to register the protocol component. The data is in the error code.,
50012,0,,,,,,Windows 10,21H2,Pro,2022/12/20,19044.2364,IPMGM failed to register the protocol component. The data is in the error code.,
50012,0,,,,,,Windows 10,21H2,Pro,2022/11/15,19044.2251,IPMGM failed to register the protocol component. The data is in the error code.,
50012,0,,,,,,Windows 10,21H2,Pro,2022/10/18,19044.213,IPMGM failed to register the protocol component. The data is in the error code.,
50012,0,,,,,,Windows 10,21H2,Pro,2022/09/20,19044.2006,IPMGM failed to register the protocol component. The data is in the error code.,
50012,0,,,,,,Windows 10,21H2,Pro,2022/08/16,19044.1889,IPMGM failed to register the protocol component. The data is in the error code.,
50012,0,,,,,,Windows 10,21H2,Pro,2022/07/19,19044.1826,IPMGM failed to register the protocol component. The data is in the error code.,
50012,0,,,,,,Windows 10,21H2,Pro,2022/06/21,19044.1766,IPMGM failed to register the protocol component. The data is in the error code.,
50012,0,,,,,,Windows 10,21H2,Pro,2022/05/17,19044.1706,IPMGM failed to register the protocol component. The data is in the error code.,
50012,0,,,,,,Windows 10,21H2,Pro,2022/04/19,19044.1645,IPMGM failed to register the protocol component. The data is in the error code.,
50012,0,,,,,,Windows 10,21H2,Pro,2022/01/11,19044.1466,IPMGM failed to register the protocol component. The data is in the error code.,
50012,0,,,,,,Windows 10,21H2,Pro,2021/10/12,19044.1288,IPMGM failed to register the protocol component. The data is in the error code.,
50012,0,,,,,,Windows 10,21H1,Pro,2021/04/13,19043.928,IPMGM failed to register the protocol component. The data is in the error code.,
50012,0,,,,,,Windows 10,21H1,Pro,2022/12/20,19043.2364,IPMGM failed to register the protocol component. The data is in the error code.,
50012,0,,,,,,Windows 10,21H1,Pro,2022/11/15,19043.2251,IPMGM failed to register the protocol component. The data is in the error code.,
50012,0,,,,,,Windows 10,21H1,Pro,2022/10/18,19043.213,IPMGM failed to register the protocol component. The data is in the error code.,
50012,0,,,,,,Windows 10,21H1,Pro,2022/09/20,19043.2006,IPMGM failed to register the protocol component. The data is in the error code.,
50012,0,,,,,,Windows 10,21H1,Pro,2022/08/16,19043.1889,IPMGM failed to register the protocol component. The data is in the error code.,
50012,0,,,,,,Windows 10,21H1,Pro,2022/07/19,19043.1826,IPMGM failed to register the protocol component. The data is in the error code.,
50012,0,,,,,,Windows 10,21H1,Pro,2022/06/21,19043.1766,IPMGM failed to register the protocol component. The data is in the error code.,
50012,0,,,,,,Windows 10,21H1,Pro,2022/05/17,19043.1706,IPMGM failed to register the protocol component. The data is in the error code.,
50012,0,,,,,,Windows 10,21H1,Pro,2022/04/19,19043.1645,IPMGM failed to register the protocol component. The data is in the error code.,
50012,0,,,,,,Windows 10,21H1,Pro,2022/01/11,19043.1466,IPMGM failed to register the protocol component. The data is in the error code.,
50012,0,,,,,,Windows 10,21H1,Pro,2021/12/14,19043.1415,IPMGM failed to register the protocol component. The data is in the error code.,
50012,0,,,,,,Windows 10,21H2,Pro,2021/12/14,19043.1415,IPMGM failed to register the protocol component. The data is in the error code.,
50012,0,,,,,,Windows 10,21H1,Pro,2021/11/09,19043.1348,IPMGM failed to register the protocol component. The data is in the error code.,
50012,0,,,,,,Windows 10,21H1,Pro,2021/10/12,19043.1288,IPMGM failed to register the protocol component. The data is in the error code.,
50012,0,,,,,,Windows 10,21H1,Pro,2021/09/14,19043.1237,IPMGM failed to register the protocol component. The data is in the error code.,
50012,0,,,,,,Windows 10,21H1,Pro,2021/08/10,19043.1165,IPMGM failed to register the protocol component. The data is in the error code.,
50012,0,,,,,,Windows 10,21H1,Pro,2021/07/13,19043.111,IPMGM failed to register the protocol component. The data is in the error code.,
50012,0,,,,,,Windows 10,21H1,Pro,2021/06/08,19043.1052,IPMGM failed to register the protocol component. The data is in the error code.,
50012,0,,,,,,Windows 10,20H2,Pro,2022/04/19,19042.1645,IPMGM failed to register the protocol component. The data is in the error code.,
50012,0,,,,,,Windows 10,20H2,Pro,2022/01/11,19042.1466,IPMGM failed to register the protocol component. The data is in the error code.,
50012,0,,,,,,Windows 10,2004,Pro,2021/05/11,19041.985,IPMGM failed to register the protocol component. The data is in the error code.,
50012,0,,,,,,Windows 10,20H2,Pro,2021/05/11,19041.985,IPMGM failed to register the protocol component. The data is in the error code.,
50012,0,,,,,,Windows 10,2004,Pro,2021/04/13,19041.928,IPMGM failed to register the protocol component. The data is in the error code.,
50012,0,,,,,,Windows 10,20H2,Pro,2021/04/13,19041.928,IPMGM failed to register the protocol component. The data is in the error code.,
50012,0,,,,,,Windows 10,2004,Pro,2021/03/09,19041.867,IPMGM failed to register the protocol component. The data is in the error code.,
50012,0,,,,,,Windows 10,20H2,Pro,2021/03/09,19041.867,IPMGM failed to register the protocol component. The data is in the error code.,
50012,0,,,,,,Windows 10,2004,Pro,2021/02/09,19041.804,IPMGM failed to register the protocol component. The data is in the error code.,
50012,0,,,,,,Windows 10,20H2,Pro,2021/02/09,19041.804,IPMGM failed to register the protocol component. The data is in the error code.,
50012,0,,,,,,Windows 10,2004,Pro,2021/01/12,19041.746,IPMGM failed to register the protocol component. The data is in the error code.,
50012,0,,,,,,Windows 10,20H2,Pro,2021/01/12,19041.746,IPMGM failed to register the protocol component. The data is in the error code.,
50012,0,,,,,,Windows 10,2004,Pro,2020/12/08,19041.685,IPMGM failed to register the protocol component. The data is in the error code.,
50012,0,,,,,,Windows 10,20H2,Pro,2020/12/08,19041.685,IPMGM failed to register the protocol component. The data is in the error code.,
50012,0,,,,,,Windows 10,20H2,Pro,2020/11/19,19041.631,IPMGM failed to register the protocol component. The data is in the error code.,
50012,0,,,,,,Windows 10,2004,Pro,2020/11/10,19041.63,IPMGM failed to register the protocol component. The data is in the error code.,
50012,0,,,,,,Windows 10,2004,Pro,2020/10/13,19041.572,IPMGM failed to register the protocol component. The data is in the error code.,
50012,0,,,,,,Windows 10,2004,Pro,2020/09/08,19041.508,IPMGM failed to register the protocol component. The data is in the error code.,
50012,0,,,,,,Windows 10,2004,Pro,2020/08/11,19041.45,IPMGM failed to register the protocol component. The data is in the error code.,
50012,0,,,,,,Windows 10,2004,Pro,2020/07/14,19041.388,IPMGM failed to register the protocol component. The data is in the error code.,
50012,0,,,,,,Windows 10,2004,Pro,2020/06/09,19041.329,IPMGM failed to register the protocol component. The data is in the error code.,
50012,0,,,,,,Windows 10,2004,Pro,2020/05/27,19041.264,IPMGM failed to register the protocol component. The data is in the error code.,
50012,0,,,,,,Windows 10,2004,Pro,2020/04/16,19041.208,IPMGM failed to register the protocol component. The data is in the error code.,
50012,0,,,,,,Windows 10,21H1,Pro,2022/03/15,19041.1586,IPMGM failed to register the protocol component. The data is in the error code.,
50012,0,,,,,,Windows 10,20H2,Pro,2022/03/15,19041.1586,IPMGM failed to register the protocol component. The data is in the error code.,
50012,0,,,,,,Windows 10,21H2,Pro,2022/03/15,19041.1586,IPMGM failed to register the protocol component. The data is in the error code.,
50012,0,,,,,,Windows 10,21H1,Pro,2022/02/15,19041.1526,IPMGM failed to register the protocol component. The data is in the error code.,
50012,0,,,,,,Windows 10,20H2,Pro,2022/02/15,19041.1526,IPMGM failed to register the protocol component. The data is in the error code.,
50012,0,,,,,,Windows 10,21H2,Pro,2022/02/15,19041.1526,IPMGM failed to register the protocol component. The data is in the error code.,
50012,0,,,,,,Windows 10,20H2,Pro,2021/12/14,19041.1415,IPMGM failed to register the protocol component. The data is in the error code.,
50012,0,,,,,,Windows 10,2004,Pro,2021/11/09,19041.1348,IPMGM failed to register the protocol component. The data is in the error code.,
50012,0,,,,,,Windows 10,20H2,Pro,2021/11/09,19041.1348,IPMGM failed to register the protocol component. The data is in the error code.,
50012,0,,,,,,Windows 10,2004,Pro,2021/10/12,19041.1288,IPMGM failed to register the protocol component. The data is in the error code.,
50012,0,,,,,,Windows 10,20H2,Pro,2021/10/12,19041.1288,IPMGM failed to register the protocol component. The data is in the error code.,
50012,0,,,,,,Windows 10,2004,Pro,2021/09/14,19041.1237,IPMGM failed to register the protocol component. The data is in the error code.,
50012,0,,,,,,Windows 10,20H2,Pro,2021/09/14,19041.1237,IPMGM failed to register the protocol component. The data is in the error code.,
50012,0,,,,,,Windows 10,2004,Pro,2021/08/10,19041.1165,IPMGM failed to register the protocol component. The data is in the error code.,
50012,0,,,,,,Windows 10,20H2,Pro,2021/08/10,19041.1165,IPMGM failed to register the protocol component. The data is in the error code.,
50012,0,,,,,,Windows 10,2004,Pro,2021/07/13,19041.111,IPMGM failed to register the protocol component. The data is in the error code.,
50012,0,,,,,,Windows 10,20H2,Pro,2021/07/13,19041.111,IPMGM failed to register the protocol component. The data is in the error code.,
50012,0,,,,,,Windows 10,2004,Pro,2021/06/08,19041.1052,IPMGM failed to register the protocol component. The data is in the error code.,
50012,0,,,,,,Windows 10,20H2,Pro,2021/06/08,19041.1052,IPMGM failed to register the protocol component. The data is in the error code.,
50012,0,,,,,,Windows 10,1909,Pro,2020/07/14,18363.959,IPMGM failed to register the protocol component. The data is in the error code.,
50012,0,,,,,,Windows 10,1909,Pro,2020/06/09,18363.9,IPMGM failed to register the protocol component. The data is in the error code.,
50012,0,,,,,,Windows 10,1909,Pro,2020/05/12,18363.836,IPMGM failed to register the protocol component. The data is in the error code.,
50012,0,,,,,,Windows 10,1909,Pro,2020/04/14,18363.778,IPMGM failed to register the protocol component. The data is in the error code.,
50012,0,,,,,,Windows 10,1909,Pro,2020/03/12,18363.72,IPMGM failed to register the protocol component. The data is in the error code.,
50012,0,,,,,,Windows 10,1909,Pro,2020/02/11,18363.657,IPMGM failed to register the protocol component. The data is in the error code.,
50012,0,,,,,,Windows 10,1909,Pro,2020/01/14,18363.592,IPMGM failed to register the protocol component. The data is in the error code.,
50012,0,,,,,,Windows 10,1909,Pro,2019/12/10,18363.535,IPMGM failed to register the protocol component. The data is in the error code.,
50012,0,,,,,,Windows 10,1909,Pro,2019/10/05,18363.418,IPMGM failed to register the protocol component. The data is in the error code.,
50012,0,,,,,,Windows 10,1909,Pro,2021/06/08,18363.1621,IPMGM failed to register the protocol component. The data is in the error code.,
50012,0,,,,,,Windows 10,1909,Pro,2021/05/11,18363.1556,IPMGM failed to register the protocol component. The data is in the error code.,
50012,0,,,,,,Windows 10,1909,Pro,2021/04/13,18363.15,IPMGM failed to register the protocol component. The data is in the error code.,
50012,0,,,,,,Windows 10,1909,Pro,2021/03/09,18363.144,IPMGM failed to register the protocol component. The data is in the error code.,
50012,0,,,,,,Windows 10,1909,Pro,2021/02/11,18363.1379,IPMGM failed to register the protocol component. The data is in the error code.,
50012,0,,,,,,Windows 10,1909,Pro,2021/01/12,18363.1316,IPMGM failed to register the protocol component. The data is in the error code.,
50012,0,,,,,,Windows 10,1909,Pro,2020/12/08,18363.1256,IPMGM failed to register the protocol component. The data is in the error code.,
50012,0,,,,,,Windows 10,1909,Pro,2020/11/10,18363.1198,IPMGM failed to register the protocol component. The data is in the error code.,
50012,0,,,,,,Windows 10,1909,Pro,2020/10/13,18363.1139,IPMGM failed to register the protocol component. The data is in the error code.,
50012,0,,,,,,Windows 10,1909,Pro,2020/09/08,18363.1082,IPMGM failed to register the protocol component. The data is in the error code.,
50012,0,,,,,,Windows 10,1909,Pro,2020/08/11,18363.1016,IPMGM failed to register the protocol component. The data is in the error code.,
50012,0,,,,,,Windows 10,1903,Pro,2020/07/14,18362.959,IPMGM failed to register the protocol component. The data is in the error code.,
50012,0,,,,,,Windows 10,1903,Pro,2020/05/12,18362.836,IPMGM failed to register the protocol component. The data is in the error code.,
50012,0,,,,,,Windows 10,1903,Pro,2020/03/12,18362.72,IPMGM failed to register the protocol component. The data is in the error code.,
50012,0,,,,,,Windows 10,1903,Pro,2020/02/11,18362.657,IPMGM failed to register the protocol component. The data is in the error code.,
50012,0,,,,,,Windows 10,1903,Pro,2019/12/10,18362.535,IPMGM failed to register the protocol component. The data is in the error code.,
50012,0,,,,,,Windows 10,1903,Pro,2019/11/12,18362.476,IPMGM failed to register the protocol component. The data is in the error code.,
50012,0,,,,,,Windows 10,1903,Pro,2019/09/10,18362.356,IPMGM failed to register the protocol component. The data is in the error code.,
50012,0,,,,,,Windows 10,1903,Pro,2019/03/29,18362.3,IPMGM failed to register the protocol component. The data is in the error code.,
50012,0,,,,,,Windows 10,1903,Pro,2019/07/09,18362.239,IPMGM failed to register the protocol component. The data is in the error code.,
50012,0,,,,,,Windows 10,1903,Pro,2019/06/11,18362.175,IPMGM failed to register the protocol component. The data is in the error code.,
50012,0,,,,,,Windows 10,1903,Pro,2020/12/08,18362.1256,IPMGM failed to register the protocol component. The data is in the error code.,
50012,0,,,,,,Windows 10,1903,Pro,2020/11/10,18362.1198,IPMGM failed to register the protocol component. The data is in the error code.,
50012,0,,,,,,Windows 10,1903,Pro,2020/10/13,18362.1139,IPMGM failed to register the protocol component. The data is in the error code.,
50012,0,,,,,,Windows 10,1903,Pro,2020/09/08,18362.1082,IPMGM failed to register the protocol component. The data is in the error code.,
50012,0,,,,,,Windows 10,1903,Pro,2019/12/10,18362.1016,IPMGM failed to register the protocol component. The data is in the error code.,
50012,0,,,,,,Windows 10,1809,Pro,2020/01/14,17763.973,IPMGM failed to register the protocol component. The data is in the error code.,
50012,0,,,,,,Windows Server 2019,1809,Standard,2020/01/14,17763.973,IPMGM failed to register the protocol component. The data is in the error code.,
50012,0,,,,,,Windows 10,1809,Pro,2019/12/10,17763.914,IPMGM failed to register the protocol component. The data is in the error code.,
50012,0,,,,,,Windows Server 2019,1809,Standard,2019/12/10,17763.914,IPMGM failed to register the protocol component. The data is in the error code.,
50012,0,,,,,,Windows 10,1809,Pro,2019/11/12,17763.864,IPMGM failed to register the protocol component. The data is in the error code.,
50012,0,,,,,,Windows Server 2019,1809,Standard,2019/11/12,17763.864,IPMGM failed to register the protocol component. The data is in the error code.,
50012,0,,,,,,Windows 10,1809,Pro,2019/10/08,17763.805,IPMGM failed to register the protocol component. The data is in the error code.,
50012,0,,,,,,Windows 10,1809,Pro,2019/09/10,17763.737,IPMGM failed to register the protocol component. The data is in the error code.,
50012,0,,,,,,Windows Server 2019,1809,Standard,2019/09/10,17763.737,IPMGM failed to register the protocol component. The data is in the error code.,
50012,0,,,,,,Windows 10,1809,Pro,2019/08/13,17763.678,IPMGM failed to register the protocol component. The data is in the error code.,
50012,0,,,,,,Windows Server 2019,1809,Standard,2019/08/13,17763.678,IPMGM failed to register the protocol component. The data is in the error code.,
50012,0,,,,,,Windows 10,1809,Pro,2019/07/09,17763.615,IPMGM failed to register the protocol component. The data is in the error code.,
50012,0,,,,,,Windows 10,1809,Pro,2019/06/11,17763.557,IPMGM failed to register the protocol component. The data is in the error code.,
50012,0,,,,,,Windows 10,1809,Pro,2019/05/19,17763.504,IPMGM failed to register the protocol component. The data is in the error code.,
50012,0,,,,,,Windows 10,1809,Pro,2019/04/09,17763.437,IPMGM failed to register the protocol component. The data is in the error code.,
50012,0,,,,,,Windows 10,1809,Pro,2019/03/12,17763.379,IPMGM failed to register the protocol component. The data is in the error code.,
50012,0,,,,,,Windows Server 2019,1809,Standard,2019/03/12,17763.379,IPMGM failed to register the protocol component. The data is in the error code.,
50012,0,,,,,,Windows Server 2019,1809,Standard,2022/11/15,17763.365,IPMGM failed to register the protocol component. The data is in the error code.,
50012,0,,,,,,Windows 10,1809,Pro,2019/02/12,17763.316,IPMGM failed to register the protocol component. The data is in the error code.,
50012,0,,,,,,Windows 10,1803,Pro,2019/01/08,17763.253,IPMGM failed to register the protocol component. The data is in the error code.,
50012,0,,,,,,Windows Server 2019,1809,Standard,2021/08/10,17763.2114,IPMGM failed to register the protocol component. The data is in the error code.,
50012,0,,,,,,Windows Server 2019,1809,Standard,2021/07/13,17763.2061,IPMGM failed to register the protocol component. The data is in the error code.,
50012,0,,,,,,Windows Server 2019,1809,Standard,2021/06/08,17763.1999,IPMGM failed to register the protocol component. The data is in the error code.,
50012,0,,,,,,Windows 10,1809,Pro,2018/12/11,17763.194,IPMGM failed to register the protocol component. The data is in the error code.,
50012,0,,,,,,Windows Server 2019,1809,Standard,2021/05/11,17763.1935,IPMGM failed to register the protocol component. The data is in the error code.,
50012,0,,,,,,Windows Server 2019,1809,Standard,2021/04/13,17763.1879,IPMGM failed to register the protocol component. The data is in the error code.,
50012,0,,,,,,Windows Server 2019,1809,Standard,2021/03/09,17763.1817,IPMGM failed to register the protocol component. The data is in the error code.,
50012,0,,,,,,Windows Server 2019,1809,Standard,2021/02/09,17763.1757,IPMGM failed to register the protocol component. The data is in the error code.,
50012,0,,,,,,Windows Server 2019,1809,Standard,2021/01/12,17763.1697,IPMGM failed to register the protocol component. The data is in the error code.,
50012,0,,,,,,Windows Server 2019,1809,Standard,2020/12/08,17763.1637,IPMGM failed to register the protocol component. The data is in the error code.,
50012,0,,,,,,Windows 10,1809,Pro,2020/11/10,17763.1577,IPMGM failed to register the protocol component. The data is in the error code.,
50012,0,,,,,,Windows Server 2019,1809,Standard,2020/11/10,17763.1577,IPMGM failed to register the protocol component. The data is in the error code.,
50012,0,,,,,,Windows 10,1809,Pro,2020/10/13,17763.1518,IPMGM failed to register the protocol component. The data is in the error code.,
50012,0,,,,,,Windows Server 2019,1809,Standard,2020/10/13,17763.1518,IPMGM failed to register the protocol component. The data is in the error code.,
50012,0,,,,,,Windows 10,1809,Pro,2020/09/08,17763.1457,IPMGM failed to register the protocol component. The data is in the error code.,
50012,0,,,,,,Windows Server 2019,1809,Standard,2020/09/10,17763.1457,IPMGM failed to register the protocol component. The data is in the error code.,
50012,0,,,,,,Windows 10,1809,Pro,2020/08/11,17763.1397,IPMGM failed to register the protocol component. The data is in the error code.,
50012,0,,,,,,Windows Server 2019,1809,Standard,2020/08/11,17763.1397,IPMGM failed to register the protocol component. The data is in the error code.,
50012,0,,,,,,Windows 10,1809,Pro,2020/07/14,17763.1339,IPMGM failed to register the protocol component. The data is in the error code.,
50012,0,,,,,,Windows Server 2019,1809,Standard,2020/07/14,17763.1339,IPMGM failed to register the protocol component. The data is in the error code.,
50012,0,,,,,,Windows 10,1809,Pro,2020/06/09,17763.1282,IPMGM failed to register the protocol component. The data is in the error code.,
50012,0,,,,,,Windows Server 2019,1809,Standard,2020/06/09,17763.1282,IPMGM failed to register the protocol component. The data is in the error code.,
50012,0,,,,,,Windows 10,1809,Pro,2020/05/12,17763.1217,IPMGM failed to register the protocol component. The data is in the error code.,
50012,0,,,,,,Windows Server 2019,1809,Standard,2020/05/12,17763.1217,IPMGM failed to register the protocol component. The data is in the error code.,
50012,0,,,,,,Windows 10,1809,Pro,2020/04/14,17763.1158,IPMGM failed to register the protocol component. The data is in the error code.,
50012,0,,,,,,Windows Server 2019,1809,Standard,2020/04/14,17763.1158,IPMGM failed to register the protocol component. The data is in the error code.,
50012,0,,,,,,Windows 10,1809,Pro,2020/03/12,17763.1098,IPMGM failed to register the protocol component. The data is in the error code.,
50012,0,,,,,,Windows Server 2019,1809,Standard,2020/03/10,17763.1098,IPMGM failed to register the protocol component. The data is in the error code.,
50012,0,,,,,,Windows 10,1809,Pro,2018/11/13,17763.107,IPMGM failed to register the protocol component. The data is in the error code.,
50012,0,,,,,,Windows Server 2019,1809,Standard,2018/11/13,17763.107,IPMGM failed to register the protocol component. The data is in the error code.,
50012,0,,,,,,Windows 10,1809,Pro,2020/02/11,17763.1039,IPMGM failed to register the protocol component. The data is in the error code.,
50012,0,,,,,,Windows Server 2019,1809,Standard,2020/02/11,17763.1039,IPMGM failed to register the protocol component. The data is in the error code.,
50012,0,,,,,,Windows 10,1803,Pro,2019/08/13,17134.95,IPMGM failed to register the protocol component. The data is in the error code.,
50012,0,,,,,,Windows 10,1803,Pro,2019/07/09,17134.885,IPMGM failed to register the protocol component. The data is in the error code.,
50012,0,,,,,,Windows 10,1803,Pro,2019/06/11,17134.829,IPMGM failed to register the protocol component. The data is in the error code.,
50012,0,,,,,,Windows 10,1803,Pro,2019/05/19,17134.766,IPMGM failed to register the protocol component. The data is in the error code.,
50012,0,,,,,,Windows 10,1803,Pro,2019/04/09,17134.706,IPMGM failed to register the protocol component. The data is in the error code.,
50012,0,,,,,,Windows 10,1803,Pro,2019/03/12,17134.648,IPMGM failed to register the protocol component. The data is in the error code.,
50012,0,,,,,,Windows 10,1803,Pro,2019/01/08,17134.523,IPMGM failed to register the protocol component. The data is in the error code.,
50012,0,,,,,,Windows 10,1803,Pro,2018/09/11,17134.285,IPMGM failed to register the protocol component. The data is in the error code.,
50012,0,,,,,,Windows 10,1803,Pro,2018/08/14,17134.228,IPMGM failed to register the protocol component. The data is in the error code.,
50012,0,,,,,,Windows 10,1803,Pro,2018/06/12,17134.112,IPMGM failed to register the protocol component. The data is in the error code.,
50012,0,,,,,,Windows 10,1803,Pro,2019/09/10,17134.1006,IPMGM failed to register the protocol component. The data is in the error code.,
50012,0,,,,,,Windows 10,1803,Pro,1970/01/01,17134.1,IPMGM failed to register the protocol component. The data is in the error code.,
50012,0,,,,,,Windows 10,1709,Pro,2017/11/14,16299.64,IPMGM failed to register the protocol component. The data is in the error code.,
50012,0,,,,,,Windows 10,1709,Pro,2017/11/14,16299.15,IPMGM failed to register the protocol component. The data is in the error code.,
50012,0,,,,,,Windows 10,1709,Pro,2017/12/12,16299.125,IPMGM failed to register the protocol component. The data is in the error code.,
50012,0,,,,,,Windows 10,1703,Pro,2017/07/11,15063.483,IPMGM failed to register the protocol component. The data is in the error code.,
50012,0,,,,,,Windows 10,1703,Pro,2017/06/13,15063.413,IPMGM failed to register the protocol component. The data is in the error code.,
50012,0,,,,,,Windows 10,1703,Pro,2017/03/20,15063.0,IPMGM failed to register the protocol component. The data is in the error code.,
50012,0,,,,,,Windows 10,1607,Pro,2016/11/08,14393.447,IPMGM failed to register the protocol component. The data is in the error code.,
50012,0,,,,,,Windows Server 2016,1607,Standard,2016/11/08,14393.447,IPMGM failed to register the protocol component. The data is in the error code.,
50012,0,,,,,,Windows Server 2016,1607,Standard,2017/11/14,14393.1884,IPMGM failed to register the protocol component. The data is in the error code.,
50012,0,,,,,,Windows Server 2016,1607,Standard,2016/10/12,14393.0,IPMGM failed to register the protocol component. The data is in the error code.,
50012,0,,,,,,Windows 10,1511,Pro,2016/03/08,10586.164,IPMGM failed to register the protocol component. The data is in the error code.,
50012,0,,,,,,Windows 10,1511,Enterprise,2016/02/09,10586.104,IPMGM failed to register the protocol component. The data is in the error code.,
50012,0,,,,,,Windows 10,1511,Pro,1970/01/01,10586.0,IPMGM failed to register the protocol component. The data is in the error code.,
50012,0,,,,,,Windows 10,1507,Pro,2015/07/29,10240.0,IPMGM failed to register the protocol component. The data is in the error code.,
50012,0,,,,,,Windows 8.1,8.1,Pro,1970/01/01,9600.0,IPMGM failed to register the protocol component. The data is in the error code.,
50012,0,,,,,,Windows 8,8,Pro,1970/01/01,9200.0,IPMGM failed to register the protocol component. The data is in the error code.,
50012,0,,,,,,Windows Server 2008R2,SP1,Standard,2011/02/09,7601.0,IPMGM failed to register the protocol component. The data is in the error code.,
50012,0,,,,,,Windows 7,SP1,Ultimate,1970/01/01,7601.0,IPMGM failed to register the protocol component. The data is in the error code.,
50012,0,,,,,,Windows Server 2008,SP2,Standard,2009/05/26,6002.0,IPMGM failed to register the protocol component. The data is in the error code.,
50013,0,,,,,,Windows 11,24H2,Pro,2024/10/2,26100.1742,The protocol component that is attempting to deregister is currently enabled on one or more interfaces.,
50013,0,,,,,,Windows 11,22H2,Pro,2022/12/20,22621.963,The protocol component that is attempting to deregister is currently enabled on one or more interfaces.,
50013,0,,,,,,Windows 11,22H2,Pro,2022/11/15,22621.819,The protocol component that is attempting to deregister is currently enabled on one or more interfaces.,
50013,0,,,,,,Windows 11,22H2,Pro,2022/10/18,22621.674,The protocol component that is attempting to deregister is currently enabled on one or more interfaces.,
50013,0,,,,,,Windows 11,22H2,Pro,2022/09/20,22621.382,The protocol component that is attempting to deregister is currently enabled on one or more interfaces.,
50013,0,,,,,,Windows 11,22H2,Pro,2023/03/21,22621.1413,The protocol component that is attempting to deregister is currently enabled on one or more interfaces.,
50013,0,,,,,,Windows 11,22H2,Pro,2023/02/21,22621.1265,The protocol component that is attempting to deregister is currently enabled on one or more interfaces.,
50013,0,,,,,,Windows 11,22H2,Pro,2023/01/17,22621.1105,The protocol component that is attempting to deregister is currently enabled on one or more interfaces.,
50013,0,,,,,,Windows 11,21H2,Pro,2022/09/20,22000.978,The protocol component that is attempting to deregister is currently enabled on one or more interfaces.,
50013,0,,,,,,Windows 11,21H2,Pro,2022/08/16,22000.856,The protocol component that is attempting to deregister is currently enabled on one or more interfaces.,
50013,0,,,,,,Windows 11,21H2,Pro,2022/07/19,22000.795,The protocol component that is attempting to deregister is currently enabled on one or more interfaces.,
50013,0,,,,,,Windows 11,21H2,Pro,2022/06/21,22000.739,The protocol component that is attempting to deregister is currently enabled on one or more interfaces.,
50013,0,,,,,,Windows 11,21H2,Pro,2022/05/17,22000.675,The protocol component that is attempting to deregister is currently enabled on one or more interfaces.,
50013,0,,,,,,Windows 11,21H2,Pro,2022/04/19,22000.613,The protocol component that is attempting to deregister is currently enabled on one or more interfaces.,
50013,0,,,,,,Windows 11,21H2,Pro,2022/03/15,22000.556,The protocol component that is attempting to deregister is currently enabled on one or more interfaces.,
50013,0,,,,,,Windows 11,21H2,Pro,2022/02/15,22000.493,The protocol component that is attempting to deregister is currently enabled on one or more interfaces.,
50013,0,,,,,,Windows 11,21H2,Pro,2022/01/11,22000.434,The protocol component that is attempting to deregister is currently enabled on one or more interfaces.,
50013,0,,,,,,Windows 11,21H2,Pro,2021/12/14,22000.376,The protocol component that is attempting to deregister is currently enabled on one or more interfaces.,
50013,0,,,,,,Windows 11,21H2,Pro,2021/11/09,22000.318,The protocol component that is attempting to deregister is currently enabled on one or more interfaces.,
50013,0,,,,,,Windows 11,21H2,Pro,2021/09/16,22000.194,The protocol component that is attempting to deregister is currently enabled on one or more interfaces.,
50013,0,,,,,,Windows 11,21H2,Pro,2023/03/21,22000.1696,The protocol component that is attempting to deregister is currently enabled on one or more interfaces.,
50013,0,,,,,,Windows 11,21H2,Pro,2023/02/21,22000.1574,The protocol component that is attempting to deregister is currently enabled on one or more interfaces.,
50013,0,,,,,,Windows 11,21H2,Pro,2023/01/17,22000.1455,The protocol component that is attempting to deregister is currently enabled on one or more interfaces.,
50013,0,,,,,,Windows 11,21H2,Pro,2022/12/20,22000.1335,The protocol component that is attempting to deregister is currently enabled on one or more interfaces.,
50013,0,,,,,,Windows 11,21H2,Pro,2022/11/15,22000.1219,The protocol component that is attempting to deregister is currently enabled on one or more interfaces.,
50013,0,,,,,,Windows 11,21H2,Pro,2022/10/18,22000.1098,The protocol component that is attempting to deregister is currently enabled on one or more interfaces.,
50013,0,,,,,,Windows 11,21H2,Pro-Dev,1970/01/01,21996.1,The protocol component that is attempting to deregister is currently enabled on one or more interfaces.,
50013,0,,,,,,Windows Server 2022,21H2,Standard,2022/08/16,20348.887,The protocol component that is attempting to deregister is currently enabled on one or more interfaces.,
50013,0,,,,,,Windows Server 2022,21H2,Standard,2022/07/19,20348.825,The protocol component that is attempting to deregister is currently enabled on one or more interfaces.,
50013,0,,,,,,Windows Server 2022,21H2,Standard,2022/06/21,20348.768,The protocol component that is attempting to deregister is currently enabled on one or more interfaces.,
50013,0,,,,,,Windows Server 2022,21H2,Standard,2022/05/17,20348.707,The protocol component that is attempting to deregister is currently enabled on one or more interfaces.,
50013,0,,,,,,Windows Server 2022,21H2,Standard,2022/04/19,20348.643,The protocol component that is attempting to deregister is currently enabled on one or more interfaces.,
50013,0,,,,,,Windows Server 2022,21H2,Standard,2022/02/15,20348.587,The protocol component that is attempting to deregister is currently enabled on one or more interfaces.,
50013,0,,,,,,Windows Server 2022,21H2,Standard,2022/02/15,20348.524,The protocol component that is attempting to deregister is currently enabled on one or more interfaces.,
50013,0,,,,,,Windows Server 2022,21H2,Standard,2022/01/11,20348.469,The protocol component that is attempting to deregister is currently enabled on one or more interfaces.,
50013,0,,,,,,Windows Server 2022,21H2,Standard,2021/12/08,20348.405,The protocol component that is attempting to deregister is currently enabled on one or more interfaces.,
50013,0,,,,,,Windows Server 2022,21H2,Standard,2021/11/09,20348.35,The protocol component that is attempting to deregister is currently enabled on one or more interfaces.,
50013,0,,,,,,Windows Server 2022,21H2,Standard,2021/10/12,20348.288,The protocol component that is attempting to deregister is currently enabled on one or more interfaces.,
50013,0,,,,,,Windows Server 2022,21H2,Standard,2021/09/14,20348.23,The protocol component that is attempting to deregister is currently enabled on one or more interfaces.,
50013,0,,,,,,Windows Server 2022,21H2,Standard,2021/08/18,20348.169,The protocol component that is attempting to deregister is currently enabled on one or more interfaces.,
50013,0,,,,,,Windows Server 2022,21H2,Standard,2023/03/21,20348.1607,The protocol component that is attempting to deregister is currently enabled on one or more interfaces.,
50013,0,,,,,,Windows Server 2022,21H2,Standard,2023/02/21,20348.1547,The protocol component that is attempting to deregister is currently enabled on one or more interfaces.,
50013,0,,,,,,Windows Server 2022,21H2,Standard,2023/01/17,20348.1487,The protocol component that is attempting to deregister is currently enabled on one or more interfaces.,
50013,0,,,,,,Windows Server 2022,21H2,Standard,2022/12/20,20348.1366,The protocol component that is attempting to deregister is currently enabled on one or more interfaces.,
50013,0,,,,,,Windows Server 2022,21H2,Standard,2022/11/15,20348.1249,The protocol component that is attempting to deregister is currently enabled on one or more interfaces.,
50013,0,,,,,,Windows Server 2022,21H2,Standard,2022/10/18,20348.1129,The protocol component that is attempting to deregister is currently enabled on one or more interfaces.,
50013,0,,,,,,Windows Server 2022,21H2,Standard,2022/09/20,20348.1006,The protocol component that is attempting to deregister is currently enabled on one or more interfaces.,
50013,0,,,,,,Windows 10,22H2,Pro,2023/03/21,19045.2728,The protocol component that is attempting to deregister is currently enabled on one or more interfaces.,
50013,0,,,,,,Windows 10,22H2,Pro,2023/02/21,19045.2604,The protocol component that is attempting to deregister is currently enabled on one or more interfaces.,
50013,0,,,,,,Windows 10,22H2,Pro,2023/01/17,19045.2486,The protocol component that is attempting to deregister is currently enabled on one or more interfaces.,
50013,0,,,,,,Windows 10,22H2,Pro,2022/12/20,19045.2364,The protocol component that is attempting to deregister is currently enabled on one or more interfaces.,
50013,0,,,,,,Windows 10,22H2,Pro,2022/11/15,19045.2251,The protocol component that is attempting to deregister is currently enabled on one or more interfaces.,
50013,0,,,,,,Windows 10,21H2,Pro,2023/03/21,19044.2728,The protocol component that is attempting to deregister is currently enabled on one or more interfaces.,
50013,0,,,,,,Windows 10,21H2,Pro,2023/02/21,19044.2604,The protocol component that is attempting to deregister is currently enabled on one or more interfaces.,
50013,0,,,,,,Windows 10,21H2,Pro,2023/01/17,19044.2486,The protocol component that is attempting to deregister is currently enabled on one or more interfaces.,
50013,0,,,,,,Windows 10,21H2,Pro,2022/12/20,19044.2364,The protocol component that is attempting to deregister is currently enabled on one or more interfaces.,
50013,0,,,,,,Windows 10,21H2,Pro,2022/11/15,19044.2251,The protocol component that is attempting to deregister is currently enabled on one or more interfaces.,
50013,0,,,,,,Windows 10,21H2,Pro,2022/10/18,19044.213,The protocol component that is attempting to deregister is currently enabled on one or more interfaces.,
50013,0,,,,,,Windows 10,21H2,Pro,2022/09/20,19044.2006,The protocol component that is attempting to deregister is currently enabled on one or more interfaces.,
50013,0,,,,,,Windows 10,21H2,Pro,2022/08/16,19044.1889,The protocol component that is attempting to deregister is currently enabled on one or more interfaces.,
50013,0,,,,,,Windows 10,21H2,Pro,2022/07/19,19044.1826,The protocol component that is attempting to deregister is currently enabled on one or more interfaces.,
50013,0,,,,,,Windows 10,21H2,Pro,2022/06/21,19044.1766,The protocol component that is attempting to deregister is currently enabled on one or more interfaces.,
50013,0,,,,,,Windows 10,21H2,Pro,2022/05/17,19044.1706,The protocol component that is attempting to deregister is currently enabled on one or more interfaces.,
50013,0,,,,,,Windows 10,21H2,Pro,2022/04/19,19044.1645,The protocol component that is attempting to deregister is currently enabled on one or more interfaces.,
50013,0,,,,,,Windows 10,21H2,Pro,2022/01/11,19044.1466,The protocol component that is attempting to deregister is currently enabled on one or more interfaces.,
50013,0,,,,,,Windows 10,21H2,Pro,2021/10/12,19044.1288,The protocol component that is attempting to deregister is currently enabled on one or more interfaces.,
50013,0,,,,,,Windows 10,21H1,Pro,2021/04/13,19043.928,The protocol component that is attempting to deregister is currently enabled on one or more interfaces.,
50013,0,,,,,,Windows 10,21H1,Pro,2022/12/20,19043.2364,The protocol component that is attempting to deregister is currently enabled on one or more interfaces.,
50013,0,,,,,,Windows 10,21H1,Pro,2022/11/15,19043.2251,The protocol component that is attempting to deregister is currently enabled on one or more interfaces.,
50013,0,,,,,,Windows 10,21H1,Pro,2022/10/18,19043.213,The protocol component that is attempting to deregister is currently enabled on one or more interfaces.,
50013,0,,,,,,Windows 10,21H1,Pro,2022/09/20,19043.2006,The protocol component that is attempting to deregister is currently enabled on one or more interfaces.,
50013,0,,,,,,Windows 10,21H1,Pro,2022/08/16,19043.1889,The protocol component that is attempting to deregister is currently enabled on one or more interfaces.,
50013,0,,,,,,Windows 10,21H1,Pro,2022/07/19,19043.1826,The protocol component that is attempting to deregister is currently enabled on one or more interfaces.,
50013,0,,,,,,Windows 10,21H1,Pro,2022/06/21,19043.1766,The protocol component that is attempting to deregister is currently enabled on one or more interfaces.,
50013,0,,,,,,Windows 10,21H1,Pro,2022/05/17,19043.1706,The protocol component that is attempting to deregister is currently enabled on one or more interfaces.,
50013,0,,,,,,Windows 10,21H1,Pro,2022/04/19,19043.1645,The protocol component that is attempting to deregister is currently enabled on one or more interfaces.,
50013,0,,,,,,Windows 10,21H1,Pro,2022/01/11,19043.1466,The protocol component that is attempting to deregister is currently enabled on one or more interfaces.,
50013,0,,,,,,Windows 10,21H1,Pro,2021/12/14,19043.1415,The protocol component that is attempting to deregister is currently enabled on one or more interfaces.,
50013,0,,,,,,Windows 10,21H2,Pro,2021/12/14,19043.1415,The protocol component that is attempting to deregister is currently enabled on one or more interfaces.,
50013,0,,,,,,Windows 10,21H1,Pro,2021/11/09,19043.1348,The protocol component that is attempting to deregister is currently enabled on one or more interfaces.,
50013,0,,,,,,Windows 10,21H1,Pro,2021/10/12,19043.1288,The protocol component that is attempting to deregister is currently enabled on one or more interfaces.,
50013,0,,,,,,Windows 10,21H1,Pro,2021/09/14,19043.1237,The protocol component that is attempting to deregister is currently enabled on one or more interfaces.,
50013,0,,,,,,Windows 10,21H1,Pro,2021/08/10,19043.1165,The protocol component that is attempting to deregister is currently enabled on one or more interfaces.,
50013,0,,,,,,Windows 10,21H1,Pro,2021/07/13,19043.111,The protocol component that is attempting to deregister is currently enabled on one or more interfaces.,
50013,0,,,,,,Windows 10,21H1,Pro,2021/06/08,19043.1052,The protocol component that is attempting to deregister is currently enabled on one or more interfaces.,
50013,0,,,,,,Windows 10,20H2,Pro,2022/04/19,19042.1645,The protocol component that is attempting to deregister is currently enabled on one or more interfaces.,
50013,0,,,,,,Windows 10,20H2,Pro,2022/01/11,19042.1466,The protocol component that is attempting to deregister is currently enabled on one or more interfaces.,
50013,0,,,,,,Windows 10,2004,Pro,2021/05/11,19041.985,The protocol component that is attempting to deregister is currently enabled on one or more interfaces.,
50013,0,,,,,,Windows 10,20H2,Pro,2021/05/11,19041.985,The protocol component that is attempting to deregister is currently enabled on one or more interfaces.,
50013,0,,,,,,Windows 10,2004,Pro,2021/04/13,19041.928,The protocol component that is attempting to deregister is currently enabled on one or more interfaces.,
50013,0,,,,,,Windows 10,20H2,Pro,2021/04/13,19041.928,The protocol component that is attempting to deregister is currently enabled on one or more interfaces.,
50013,0,,,,,,Windows 10,2004,Pro,2021/03/09,19041.867,The protocol component that is attempting to deregister is currently enabled on one or more interfaces.,
50013,0,,,,,,Windows 10,20H2,Pro,2021/03/09,19041.867,The protocol component that is attempting to deregister is currently enabled on one or more interfaces.,
50013,0,,,,,,Windows 10,2004,Pro,2021/02/09,19041.804,The protocol component that is attempting to deregister is currently enabled on one or more interfaces.,
50013,0,,,,,,Windows 10,20H2,Pro,2021/02/09,19041.804,The protocol component that is attempting to deregister is currently enabled on one or more interfaces.,
50013,0,,,,,,Windows 10,2004,Pro,2021/01/12,19041.746,The protocol component that is attempting to deregister is currently enabled on one or more interfaces.,
50013,0,,,,,,Windows 10,20H2,Pro,2021/01/12,19041.746,The protocol component that is attempting to deregister is currently enabled on one or more interfaces.,
50013,0,,,,,,Windows 10,2004,Pro,2020/12/08,19041.685,The protocol component that is attempting to deregister is currently enabled on one or more interfaces.,
50013,0,,,,,,Windows 10,20H2,Pro,2020/12/08,19041.685,The protocol component that is attempting to deregister is currently enabled on one or more interfaces.,
50013,0,,,,,,Windows 10,20H2,Pro,2020/11/19,19041.631,The protocol component that is attempting to deregister is currently enabled on one or more interfaces.,
50013,0,,,,,,Windows 10,2004,Pro,2020/11/10,19041.63,The protocol component that is attempting to deregister is currently enabled on one or more interfaces.,
50013,0,,,,,,Windows 10,2004,Pro,2020/10/13,19041.572,The protocol component that is attempting to deregister is currently enabled on one or more interfaces.,
50013,0,,,,,,Windows 10,2004,Pro,2020/09/08,19041.508,The protocol component that is attempting to deregister is currently enabled on one or more interfaces.,
50013,0,,,,,,Windows 10,2004,Pro,2020/08/11,19041.45,The protocol component that is attempting to deregister is currently enabled on one or more interfaces.,
50013,0,,,,,,Windows 10,2004,Pro,2020/07/14,19041.388,The protocol component that is attempting to deregister is currently enabled on one or more interfaces.,
50013,0,,,,,,Windows 10,2004,Pro,2020/06/09,19041.329,The protocol component that is attempting to deregister is currently enabled on one or more interfaces.,
50013,0,,,,,,Windows 10,2004,Pro,2020/05/27,19041.264,The protocol component that is attempting to deregister is currently enabled on one or more interfaces.,
50013,0,,,,,,Windows 10,2004,Pro,2020/04/16,19041.208,The protocol component that is attempting to deregister is currently enabled on one or more interfaces.,
50013,0,,,,,,Windows 10,21H1,Pro,2022/03/15,19041.1586,The protocol component that is attempting to deregister is currently enabled on one or more interfaces.,
50013,0,,,,,,Windows 10,20H2,Pro,2022/03/15,19041.1586,The protocol component that is attempting to deregister is currently enabled on one or more interfaces.,
50013,0,,,,,,Windows 10,21H2,Pro,2022/03/15,19041.1586,The protocol component that is attempting to deregister is currently enabled on one or more interfaces.,
50013,0,,,,,,Windows 10,21H1,Pro,2022/02/15,19041.1526,The protocol component that is attempting to deregister is currently enabled on one or more interfaces.,
50013,0,,,,,,Windows 10,20H2,Pro,2022/02/15,19041.1526,The protocol component that is attempting to deregister is currently enabled on one or more interfaces.,
50013,0,,,,,,Windows 10,21H2,Pro,2022/02/15,19041.1526,The protocol component that is attempting to deregister is currently enabled on one or more interfaces.,
50013,0,,,,,,Windows 10,20H2,Pro,2021/12/14,19041.1415,The protocol component that is attempting to deregister is currently enabled on one or more interfaces.,
50013,0,,,,,,Windows 10,2004,Pro,2021/11/09,19041.1348,The protocol component that is attempting to deregister is currently enabled on one or more interfaces.,
50013,0,,,,,,Windows 10,20H2,Pro,2021/11/09,19041.1348,The protocol component that is attempting to deregister is currently enabled on one or more interfaces.,
50013,0,,,,,,Windows 10,2004,Pro,2021/10/12,19041.1288,The protocol component that is attempting to deregister is currently enabled on one or more interfaces.,
50013,0,,,,,,Windows 10,20H2,Pro,2021/10/12,19041.1288,The protocol component that is attempting to deregister is currently enabled on one or more interfaces.,
50013,0,,,,,,Windows 10,2004,Pro,2021/09/14,19041.1237,The protocol component that is attempting to deregister is currently enabled on one or more interfaces.,
50013,0,,,,,,Windows 10,20H2,Pro,2021/09/14,19041.1237,The protocol component that is attempting to deregister is currently enabled on one or more interfaces.,
50013,0,,,,,,Windows 10,2004,Pro,2021/08/10,19041.1165,The protocol component that is attempting to deregister is currently enabled on one or more interfaces.,
50013,0,,,,,,Windows 10,20H2,Pro,2021/08/10,19041.1165,The protocol component that is attempting to deregister is currently enabled on one or more interfaces.,
50013,0,,,,,,Windows 10,2004,Pro,2021/07/13,19041.111,The protocol component that is attempting to deregister is currently enabled on one or more interfaces.,
50013,0,,,,,,Windows 10,20H2,Pro,2021/07/13,19041.111,The protocol component that is attempting to deregister is currently enabled on one or more interfaces.,
50013,0,,,,,,Windows 10,2004,Pro,2021/06/08,19041.1052,The protocol component that is attempting to deregister is currently enabled on one or more interfaces.,
50013,0,,,,,,Windows 10,20H2,Pro,2021/06/08,19041.1052,The protocol component that is attempting to deregister is currently enabled on one or more interfaces.,
50013,0,,,,,,Windows 10,1909,Pro,2020/07/14,18363.959,The protocol component that is attempting to deregister is currently enabled on one or more interfaces.,
50013,0,,,,,,Windows 10,1909,Pro,2020/06/09,18363.9,The protocol component that is attempting to deregister is currently enabled on one or more interfaces.,
50013,0,,,,,,Windows 10,1909,Pro,2020/05/12,18363.836,The protocol component that is attempting to deregister is currently enabled on one or more interfaces.,
50013,0,,,,,,Windows 10,1909,Pro,2020/04/14,18363.778,The protocol component that is attempting to deregister is currently enabled on one or more interfaces.,
50013,0,,,,,,Windows 10,1909,Pro,2020/03/12,18363.72,The protocol component that is attempting to deregister is currently enabled on one or more interfaces.,
50013,0,,,,,,Windows 10,1909,Pro,2020/02/11,18363.657,The protocol component that is attempting to deregister is currently enabled on one or more interfaces.,
50013,0,,,,,,Windows 10,1909,Pro,2020/01/14,18363.592,The protocol component that is attempting to deregister is currently enabled on one or more interfaces.,
50013,0,,,,,,Windows 10,1909,Pro,2019/12/10,18363.535,The protocol component that is attempting to deregister is currently enabled on one or more interfaces.,
50013,0,,,,,,Windows 10,1909,Pro,2019/10/05,18363.418,The protocol component that is attempting to deregister is currently enabled on one or more interfaces.,
50013,0,,,,,,Windows 10,1909,Pro,2021/06/08,18363.1621,The protocol component that is attempting to deregister is currently enabled on one or more interfaces.,
50013,0,,,,,,Windows 10,1909,Pro,2021/05/11,18363.1556,The protocol component that is attempting to deregister is currently enabled on one or more interfaces.,
50013,0,,,,,,Windows 10,1909,Pro,2021/04/13,18363.15,The protocol component that is attempting to deregister is currently enabled on one or more interfaces.,
50013,0,,,,,,Windows 10,1909,Pro,2021/03/09,18363.144,The protocol component that is attempting to deregister is currently enabled on one or more interfaces.,
50013,0,,,,,,Windows 10,1909,Pro,2021/02/11,18363.1379,The protocol component that is attempting to deregister is currently enabled on one or more interfaces.,
50013,0,,,,,,Windows 10,1909,Pro,2021/01/12,18363.1316,The protocol component that is attempting to deregister is currently enabled on one or more interfaces.,
50013,0,,,,,,Windows 10,1909,Pro,2020/12/08,18363.1256,The protocol component that is attempting to deregister is currently enabled on one or more interfaces.,
50013,0,,,,,,Windows 10,1909,Pro,2020/11/10,18363.1198,The protocol component that is attempting to deregister is currently enabled on one or more interfaces.,
50013,0,,,,,,Windows 10,1909,Pro,2020/10/13,18363.1139,The protocol component that is attempting to deregister is currently enabled on one or more interfaces.,
50013,0,,,,,,Windows 10,1909,Pro,2020/09/08,18363.1082,The protocol component that is attempting to deregister is currently enabled on one or more interfaces.,
50013,0,,,,,,Windows 10,1909,Pro,2020/08/11,18363.1016,The protocol component that is attempting to deregister is currently enabled on one or more interfaces.,
50013,0,,,,,,Windows 10,1903,Pro,2020/07/14,18362.959,The protocol component that is attempting to deregister is currently enabled on one or more interfaces.,
50013,0,,,,,,Windows 10,1903,Pro,2020/05/12,18362.836,The protocol component that is attempting to deregister is currently enabled on one or more interfaces.,
50013,0,,,,,,Windows 10,1903,Pro,2020/03/12,18362.72,The protocol component that is attempting to deregister is currently enabled on one or more interfaces.,
50013,0,,,,,,Windows 10,1903,Pro,2020/02/11,18362.657,The protocol component that is attempting to deregister is currently enabled on one or more interfaces.,
50013,0,,,,,,Windows 10,1903,Pro,2019/12/10,18362.535,The protocol component that is attempting to deregister is currently enabled on one or more interfaces.,
50013,0,,,,,,Windows 10,1903,Pro,2019/11/12,18362.476,The protocol component that is attempting to deregister is currently enabled on one or more interfaces.,
50013,0,,,,,,Windows 10,1903,Pro,2019/09/10,18362.356,The protocol component that is attempting to deregister is currently enabled on one or more interfaces.,
50013,0,,,,,,Windows 10,1903,Pro,2019/03/29,18362.3,The protocol component that is attempting to deregister is currently enabled on one or more interfaces.,
50013,0,,,,,,Windows 10,1903,Pro,2019/07/09,18362.239,The protocol component that is attempting to deregister is currently enabled on one or more interfaces.,
50013,0,,,,,,Windows 10,1903,Pro,2019/06/11,18362.175,The protocol component that is attempting to deregister is currently enabled on one or more interfaces.,
50013,0,,,,,,Windows 10,1903,Pro,2020/12/08,18362.1256,The protocol component that is attempting to deregister is currently enabled on one or more interfaces.,
50013,0,,,,,,Windows 10,1903,Pro,2020/11/10,18362.1198,The protocol component that is attempting to deregister is currently enabled on one or more interfaces.,
50013,0,,,,,,Windows 10,1903,Pro,2020/10/13,18362.1139,The protocol component that is attempting to deregister is currently enabled on one or more interfaces.,
50013,0,,,,,,Windows 10,1903,Pro,2020/09/08,18362.1082,The protocol component that is attempting to deregister is currently enabled on one or more interfaces.,
50013,0,,,,,,Windows 10,1903,Pro,2019/12/10,18362.1016,The protocol component that is attempting to deregister is currently enabled on one or more interfaces.,
50013,0,,,,,,Windows 10,1809,Pro,2020/01/14,17763.973,The protocol component that is attempting to deregister is currently enabled on one or more interfaces.,
50013,0,,,,,,Windows Server 2019,1809,Standard,2020/01/14,17763.973,The protocol component that is attempting to deregister is currently enabled on one or more interfaces.,
50013,0,,,,,,Windows 10,1809,Pro,2019/12/10,17763.914,The protocol component that is attempting to deregister is currently enabled on one or more interfaces.,
50013,0,,,,,,Windows Server 2019,1809,Standard,2019/12/10,17763.914,The protocol component that is attempting to deregister is currently enabled on one or more interfaces.,
50013,0,,,,,,Windows 10,1809,Pro,2019/11/12,17763.864,The protocol component that is attempting to deregister is currently enabled on one or more interfaces.,
50013,0,,,,,,Windows Server 2019,1809,Standard,2019/11/12,17763.864,The protocol component that is attempting to deregister is currently enabled on one or more interfaces.,
50013,0,,,,,,Windows 10,1809,Pro,2019/10/08,17763.805,The protocol component that is attempting to deregister is currently enabled on one or more interfaces.,
50013,0,,,,,,Windows 10,1809,Pro,2019/09/10,17763.737,The protocol component that is attempting to deregister is currently enabled on one or more interfaces.,
50013,0,,,,,,Windows Server 2019,1809,Standard,2019/09/10,17763.737,The protocol component that is attempting to deregister is currently enabled on one or more interfaces.,
50013,0,,,,,,Windows 10,1809,Pro,2019/08/13,17763.678,The protocol component that is attempting to deregister is currently enabled on one or more interfaces.,
50013,0,,,,,,Windows Server 2019,1809,Standard,2019/08/13,17763.678,The protocol component that is attempting to deregister is currently enabled on one or more interfaces.,
50013,0,,,,,,Windows 10,1809,Pro,2019/07/09,17763.615,The protocol component that is attempting to deregister is currently enabled on one or more interfaces.,
50013,0,,,,,,Windows 10,1809,Pro,2019/06/11,17763.557,The protocol component that is attempting to deregister is currently enabled on one or more interfaces.,
50013,0,,,,,,Windows 10,1809,Pro,2019/05/19,17763.504,The protocol component that is attempting to deregister is currently enabled on one or more interfaces.,
50013,0,,,,,,Windows 10,1809,Pro,2019/04/09,17763.437,The protocol component that is attempting to deregister is currently enabled on one or more interfaces.,
50013,0,,,,,,Windows 10,1809,Pro,2019/03/12,17763.379,The protocol component that is attempting to deregister is currently enabled on one or more interfaces.,
50013,0,,,,,,Windows Server 2019,1809,Standard,2019/03/12,17763.379,The protocol component that is attempting to deregister is currently enabled on one or more interfaces.,
50013,0,,,,,,Windows Server 2019,1809,Standard,2022/11/15,17763.365,The protocol component that is attempting to deregister is currently enabled on one or more interfaces.,
50013,0,,,,,,Windows 10,1809,Pro,2019/02/12,17763.316,The protocol component that is attempting to deregister is currently enabled on one or more interfaces.,
50013,0,,,,,,Windows 10,1803,Pro,2019/01/08,17763.253,The protocol component that is attempting to deregister is currently enabled on one or more interfaces.,
50013,0,,,,,,Windows Server 2019,1809,Standard,2021/08/10,17763.2114,The protocol component that is attempting to deregister is currently enabled on one or more interfaces.,
50013,0,,,,,,Windows Server 2019,1809,Standard,2021/07/13,17763.2061,The protocol component that is attempting to deregister is currently enabled on one or more interfaces.,
50013,0,,,,,,Windows Server 2019,1809,Standard,2021/06/08,17763.1999,The protocol component that is attempting to deregister is currently enabled on one or more interfaces.,
50013,0,,,,,,Windows 10,1809,Pro,2018/12/11,17763.194,The protocol component that is attempting to deregister is currently enabled on one or more interfaces.,
50013,0,,,,,,Windows Server 2019,1809,Standard,2021/05/11,17763.1935,The protocol component that is attempting to deregister is currently enabled on one or more interfaces.,
50013,0,,,,,,Windows Server 2019,1809,Standard,2021/04/13,17763.1879,The protocol component that is attempting to deregister is currently enabled on one or more interfaces.,
50013,0,,,,,,Windows Server 2019,1809,Standard,2021/03/09,17763.1817,The protocol component that is attempting to deregister is currently enabled on one or more interfaces.,
50013,0,,,,,,Windows Server 2019,1809,Standard,2021/02/09,17763.1757,The protocol component that is attempting to deregister is currently enabled on one or more interfaces.,
50013,0,,,,,,Windows Server 2019,1809,Standard,2021/01/12,17763.1697,The protocol component that is attempting to deregister is currently enabled on one or more interfaces.,
50013,0,,,,,,Windows Server 2019,1809,Standard,2020/12/08,17763.1637,The protocol component that is attempting to deregister is currently enabled on one or more interfaces.,
50013,0,,,,,,Windows 10,1809,Pro,2020/11/10,17763.1577,The protocol component that is attempting to deregister is currently enabled on one or more interfaces.,
50013,0,,,,,,Windows Server 2019,1809,Standard,2020/11/10,17763.1577,The protocol component that is attempting to deregister is currently enabled on one or more interfaces.,
50013,0,,,,,,Windows 10,1809,Pro,2020/10/13,17763.1518,The protocol component that is attempting to deregister is currently enabled on one or more interfaces.,
50013,0,,,,,,Windows Server 2019,1809,Standard,2020/10/13,17763.1518,The protocol component that is attempting to deregister is currently enabled on one or more interfaces.,
50013,0,,,,,,Windows 10,1809,Pro,2020/09/08,17763.1457,The protocol component that is attempting to deregister is currently enabled on one or more interfaces.,
50013,0,,,,,,Windows Server 2019,1809,Standard,2020/09/10,17763.1457,The protocol component that is attempting to deregister is currently enabled on one or more interfaces.,
50013,0,,,,,,Windows 10,1809,Pro,2020/08/11,17763.1397,The protocol component that is attempting to deregister is currently enabled on one or more interfaces.,
50013,0,,,,,,Windows Server 2019,1809,Standard,2020/08/11,17763.1397,The protocol component that is attempting to deregister is currently enabled on one or more interfaces.,
50013,0,,,,,,Windows 10,1809,Pro,2020/07/14,17763.1339,The protocol component that is attempting to deregister is currently enabled on one or more interfaces.,
50013,0,,,,,,Windows Server 2019,1809,Standard,2020/07/14,17763.1339,The protocol component that is attempting to deregister is currently enabled on one or more interfaces.,
50013,0,,,,,,Windows 10,1809,Pro,2020/06/09,17763.1282,The protocol component that is attempting to deregister is currently enabled on one or more interfaces.,
50013,0,,,,,,Windows Server 2019,1809,Standard,2020/06/09,17763.1282,The protocol component that is attempting to deregister is currently enabled on one or more interfaces.,
50013,0,,,,,,Windows 10,1809,Pro,2020/05/12,17763.1217,The protocol component that is attempting to deregister is currently enabled on one or more interfaces.,
50013,0,,,,,,Windows Server 2019,1809,Standard,2020/05/12,17763.1217,The protocol component that is attempting to deregister is currently enabled on one or more interfaces.,
50013,0,,,,,,Windows 10,1809,Pro,2020/04/14,17763.1158,The protocol component that is attempting to deregister is currently enabled on one or more interfaces.,
50013,0,,,,,,Windows Server 2019,1809,Standard,2020/04/14,17763.1158,The protocol component that is attempting to deregister is currently enabled on one or more interfaces.,
50013,0,,,,,,Windows 10,1809,Pro,2020/03/12,17763.1098,The protocol component that is attempting to deregister is currently enabled on one or more interfaces.,
50013,0,,,,,,Windows Server 2019,1809,Standard,2020/03/10,17763.1098,The protocol component that is attempting to deregister is currently enabled on one or more interfaces.,
50013,0,,,,,,Windows 10,1809,Pro,2018/11/13,17763.107,The protocol component that is attempting to deregister is currently enabled on one or more interfaces.,
50013,0,,,,,,Windows Server 2019,1809,Standard,2018/11/13,17763.107,The protocol component that is attempting to deregister is currently enabled on one or more interfaces.,
50013,0,,,,,,Windows 10,1809,Pro,2020/02/11,17763.1039,The protocol component that is attempting to deregister is currently enabled on one or more interfaces.,
50013,0,,,,,,Windows Server 2019,1809,Standard,2020/02/11,17763.1039,The protocol component that is attempting to deregister is currently enabled on one or more interfaces.,
50013,0,,,,,,Windows 10,1803,Pro,2019/08/13,17134.95,The protocol component that is attempting to deregister is currently enabled on one or more interfaces.,
50013,0,,,,,,Windows 10,1803,Pro,2019/07/09,17134.885,The protocol component that is attempting to deregister is currently enabled on one or more interfaces.,
50013,0,,,,,,Windows 10,1803,Pro,2019/06/11,17134.829,The protocol component that is attempting to deregister is currently enabled on one or more interfaces.,
50013,0,,,,,,Windows 10,1803,Pro,2019/05/19,17134.766,The protocol component that is attempting to deregister is currently enabled on one or more interfaces.,
50013,0,,,,,,Windows 10,1803,Pro,2019/04/09,17134.706,The protocol component that is attempting to deregister is currently enabled on one or more interfaces.,
50013,0,,,,,,Windows 10,1803,Pro,2019/03/12,17134.648,The protocol component that is attempting to deregister is currently enabled on one or more interfaces.,
50013,0,,,,,,Windows 10,1803,Pro,2019/01/08,17134.523,The protocol component that is attempting to deregister is currently enabled on one or more interfaces.,
50013,0,,,,,,Windows 10,1803,Pro,2018/09/11,17134.285,The protocol component that is attempting to deregister is currently enabled on one or more interfaces.,
50013,0,,,,,,Windows 10,1803,Pro,2018/08/14,17134.228,The protocol component that is attempting to deregister is currently enabled on one or more interfaces.,
50013,0,,,,,,Windows 10,1803,Pro,2018/06/12,17134.112,The protocol component that is attempting to deregister is currently enabled on one or more interfaces.,
50013,0,,,,,,Windows 10,1803,Pro,2019/09/10,17134.1006,The protocol component that is attempting to deregister is currently enabled on one or more interfaces.,
50013,0,,,,,,Windows 10,1803,Pro,1970/01/01,17134.1,The protocol component that is attempting to deregister is currently enabled on one or more interfaces.,
50013,0,,,,,,Windows 10,1709,Pro,2017/11/14,16299.64,The protocol component that is attempting to deregister is currently enabled on one or more interfaces.,
50013,0,,,,,,Windows 10,1709,Pro,2017/11/14,16299.15,The protocol component that is attempting to deregister is currently enabled on one or more interfaces.,
50013,0,,,,,,Windows 10,1709,Pro,2017/12/12,16299.125,The protocol component that is attempting to deregister is currently enabled on one or more interfaces.,
50013,0,,,,,,Windows 10,1703,Pro,2017/07/11,15063.483,The protocol component that is attempting to deregister is currently enabled on one or more interfaces.,
50013,0,,,,,,Windows 10,1703,Pro,2017/06/13,15063.413,The protocol component that is attempting to deregister is currently enabled on one or more interfaces.,
50013,0,,,,,,Windows 10,1703,Pro,2017/03/20,15063.0,The protocol component that is attempting to deregister is currently enabled on one or more interfaces.,
50013,0,,,,,,Windows 10,1607,Pro,2016/11/08,14393.447,The protocol component that is attempting to deregister is currently enabled on one or more interfaces.,
50013,0,,,,,,Windows Server 2016,1607,Standard,2016/11/08,14393.447,The protocol component that is attempting to deregister is currently enabled on one or more interfaces.,
50013,0,,,,,,Windows Server 2016,1607,Standard,2017/11/14,14393.1884,The protocol component that is attempting to deregister is currently enabled on one or more interfaces.,
50013,0,,,,,,Windows Server 2016,1607,Standard,2016/10/12,14393.0,The protocol component that is attempting to deregister is currently enabled on one or more interfaces.,
50013,0,,,,,,Windows 10,1511,Pro,2016/03/08,10586.164,The protocol component that is attempting to deregister is currently enabled on one or more interfaces.,
50013,0,,,,,,Windows 10,1511,Enterprise,2016/02/09,10586.104,The protocol component that is attempting to deregister is currently enabled on one or more interfaces.,
50013,0,,,,,,Windows 10,1511,Pro,1970/01/01,10586.0,The protocol component that is attempting to deregister is currently enabled on one or more interfaces.,
50013,0,,,,,,Windows 10,1507,Pro,2015/07/29,10240.0,The protocol component that is attempting to deregister is currently enabled on one or more interfaces.,
50013,0,,,,,,Windows 8.1,8.1,Pro,1970/01/01,9600.0,The protocol component that is attempting to deregister is currently enabled on one or more interfaces.,
50013,0,,,,,,Windows 8,8,Pro,1970/01/01,9200.0,The protocol component that is attempting to deregister is currently enabled on one or more interfaces.,
50013,0,,,,,,Windows Server 2008R2,SP1,Standard,2011/02/09,7601.0,The protocol component that is attempting to deregister is currently enabled on one or more interfaces.,
50013,0,,,,,,Windows 7,SP1,Ultimate,1970/01/01,7601.0,The protocol component that is attempting to deregister is currently enabled on one or more interfaces.,
50013,0,,,,,,Windows Server 2008,SP2,Standard,2009/05/26,6002.0,The protocol component that is attempting to deregister is currently enabled on one or more interfaces.,
50014,0,,,,,,Windows 11,24H2,Pro,2024/10/2,26100.1742,This protocol component has already been enabled on this interface,
50014,0,,,,,,Windows 11,22H2,Pro,2022/12/20,22621.963,This protocol component has already been enabled on this interface,
50014,0,,,,,,Windows 11,22H2,Pro,2022/11/15,22621.819,This protocol component has already been enabled on this interface,
50014,0,,,,,,Windows 11,22H2,Pro,2022/10/18,22621.674,This protocol component has already been enabled on this interface,
50014,0,,,,,,Windows 11,22H2,Pro,2022/09/20,22621.382,This protocol component has already been enabled on this interface,
50014,0,,,,,,Windows 11,22H2,Pro,2023/03/21,22621.1413,This protocol component has already been enabled on this interface,
50014,0,,,,,,Windows 11,22H2,Pro,2023/02/21,22621.1265,This protocol component has already been enabled on this interface,
50014,0,,,,,,Windows 11,22H2,Pro,2023/01/17,22621.1105,This protocol component has already been enabled on this interface,
50014,0,,,,,,Windows 11,21H2,Pro,2022/09/20,22000.978,This protocol component has already been enabled on this interface,
50014,0,,,,,,Windows 11,21H2,Pro,2022/08/16,22000.856,This protocol component has already been enabled on this interface,
50014,0,,,,,,Windows 11,21H2,Pro,2022/07/19,22000.795,This protocol component has already been enabled on this interface,
50014,0,,,,,,Windows 11,21H2,Pro,2022/06/21,22000.739,This protocol component has already been enabled on this interface,
50014,0,,,,,,Windows 11,21H2,Pro,2022/05/17,22000.675,This protocol component has already been enabled on this interface,
50014,0,,,,,,Windows 11,21H2,Pro,2022/04/19,22000.613,This protocol component has already been enabled on this interface,
50014,0,,,,,,Windows 11,21H2,Pro,2022/03/15,22000.556,This protocol component has already been enabled on this interface,
50014,0,,,,,,Windows 11,21H2,Pro,2022/02/15,22000.493,This protocol component has already been enabled on this interface,
50014,0,,,,,,Windows 11,21H2,Pro,2022/01/11,22000.434,This protocol component has already been enabled on this interface,
50014,0,,,,,,Windows 11,21H2,Pro,2021/12/14,22000.376,This protocol component has already been enabled on this interface,
50014,0,,,,,,Windows 11,21H2,Pro,2021/11/09,22000.318,This protocol component has already been enabled on this interface,
50014,0,,,,,,Windows 11,21H2,Pro,2021/09/16,22000.194,This protocol component has already been enabled on this interface,
50014,0,,,,,,Windows 11,21H2,Pro,2023/03/21,22000.1696,This protocol component has already been enabled on this interface,
50014,0,,,,,,Windows 11,21H2,Pro,2023/02/21,22000.1574,This protocol component has already been enabled on this interface,
50014,0,,,,,,Windows 11,21H2,Pro,2023/01/17,22000.1455,This protocol component has already been enabled on this interface,
50014,0,,,,,,Windows 11,21H2,Pro,2022/12/20,22000.1335,This protocol component has already been enabled on this interface,
50014,0,,,,,,Windows 11,21H2,Pro,2022/11/15,22000.1219,This protocol component has already been enabled on this interface,
50014,0,,,,,,Windows 11,21H2,Pro,2022/10/18,22000.1098,This protocol component has already been enabled on this interface,
50014,0,,,,,,Windows 11,21H2,Pro-Dev,1970/01/01,21996.1,This protocol component has already been enabled on this interface,
50014,0,,,,,,Windows Server 2022,21H2,Standard,2022/08/16,20348.887,This protocol component has already been enabled on this interface,
50014,0,,,,,,Windows Server 2022,21H2,Standard,2022/07/19,20348.825,This protocol component has already been enabled on this interface,
50014,0,,,,,,Windows Server 2022,21H2,Standard,2022/06/21,20348.768,This protocol component has already been enabled on this interface,
50014,0,,,,,,Windows Server 2022,21H2,Standard,2022/05/17,20348.707,This protocol component has already been enabled on this interface,
50014,0,,,,,,Windows Server 2022,21H2,Standard,2022/04/19,20348.643,This protocol component has already been enabled on this interface,
50014,0,,,,,,Windows Server 2022,21H2,Standard,2022/02/15,20348.587,This protocol component has already been enabled on this interface,
50014,0,,,,,,Windows Server 2022,21H2,Standard,2022/02/15,20348.524,This protocol component has already been enabled on this interface,
50014,0,,,,,,Windows Server 2022,21H2,Standard,2022/01/11,20348.469,This protocol component has already been enabled on this interface,
50014,0,,,,,,Windows Server 2022,21H2,Standard,2021/12/08,20348.405,This protocol component has already been enabled on this interface,
50014,0,,,,,,Windows Server 2022,21H2,Standard,2021/11/09,20348.35,This protocol component has already been enabled on this interface,
50014,0,,,,,,Windows Server 2022,21H2,Standard,2021/10/12,20348.288,This protocol component has already been enabled on this interface,
50014,0,,,,,,Windows Server 2022,21H2,Standard,2021/09/14,20348.23,This protocol component has already been enabled on this interface,
50014,0,,,,,,Windows Server 2022,21H2,Standard,2021/08/18,20348.169,This protocol component has already been enabled on this interface,
50014,0,,,,,,Windows Server 2022,21H2,Standard,2023/03/21,20348.1607,This protocol component has already been enabled on this interface,
50014,0,,,,,,Windows Server 2022,21H2,Standard,2023/02/21,20348.1547,This protocol component has already been enabled on this interface,
50014,0,,,,,,Windows Server 2022,21H2,Standard,2023/01/17,20348.1487,This protocol component has already been enabled on this interface,
50014,0,,,,,,Windows Server 2022,21H2,Standard,2022/12/20,20348.1366,This protocol component has already been enabled on this interface,
50014,0,,,,,,Windows Server 2022,21H2,Standard,2022/11/15,20348.1249,This protocol component has already been enabled on this interface,
50014,0,,,,,,Windows Server 2022,21H2,Standard,2022/10/18,20348.1129,This protocol component has already been enabled on this interface,
50014,0,,,,,,Windows Server 2022,21H2,Standard,2022/09/20,20348.1006,This protocol component has already been enabled on this interface,
50014,0,,,,,,Windows 10,22H2,Pro,2023/03/21,19045.2728,This protocol component has already been enabled on this interface,
50014,0,,,,,,Windows 10,22H2,Pro,2023/02/21,19045.2604,This protocol component has already been enabled on this interface,
50014,0,,,,,,Windows 10,22H2,Pro,2023/01/17,19045.2486,This protocol component has already been enabled on this interface,
50014,0,,,,,,Windows 10,22H2,Pro,2022/12/20,19045.2364,This protocol component has already been enabled on this interface,
50014,0,,,,,,Windows 10,22H2,Pro,2022/11/15,19045.2251,This protocol component has already been enabled on this interface,
50014,0,,,,,,Windows 10,21H2,Pro,2023/03/21,19044.2728,This protocol component has already been enabled on this interface,
50014,0,,,,,,Windows 10,21H2,Pro,2023/02/21,19044.2604,This protocol component has already been enabled on this interface,
50014,0,,,,,,Windows 10,21H2,Pro,2023/01/17,19044.2486,This protocol component has already been enabled on this interface,
50014,0,,,,,,Windows 10,21H2,Pro,2022/12/20,19044.2364,This protocol component has already been enabled on this interface,
50014,0,,,,,,Windows 10,21H2,Pro,2022/11/15,19044.2251,This protocol component has already been enabled on this interface,
50014,0,,,,,,Windows 10,21H2,Pro,2022/10/18,19044.213,This protocol component has already been enabled on this interface,
50014,0,,,,,,Windows 10,21H2,Pro,2022/09/20,19044.2006,This protocol component has already been enabled on this interface,
50014,0,,,,,,Windows 10,21H2,Pro,2022/08/16,19044.1889,This protocol component has already been enabled on this interface,
50014,0,,,,,,Windows 10,21H2,Pro,2022/07/19,19044.1826,This protocol component has already been enabled on this interface,
50014,0,,,,,,Windows 10,21H2,Pro,2022/06/21,19044.1766,This protocol component has already been enabled on this interface,
50014,0,,,,,,Windows 10,21H2,Pro,2022/05/17,19044.1706,This protocol component has already been enabled on this interface,
50014,0,,,,,,Windows 10,21H2,Pro,2022/04/19,19044.1645,This protocol component has already been enabled on this interface,
50014,0,,,,,,Windows 10,21H2,Pro,2022/01/11,19044.1466,This protocol component has already been enabled on this interface,
50014,0,,,,,,Windows 10,21H2,Pro,2021/10/12,19044.1288,This protocol component has already been enabled on this interface,
50014,0,,,,,,Windows 10,21H1,Pro,2021/04/13,19043.928,This protocol component has already been enabled on this interface,
50014,0,,,,,,Windows 10,21H1,Pro,2022/12/20,19043.2364,This protocol component has already been enabled on this interface,
50014,0,,,,,,Windows 10,21H1,Pro,2022/11/15,19043.2251,This protocol component has already been enabled on this interface,
50014,0,,,,,,Windows 10,21H1,Pro,2022/10/18,19043.213,This protocol component has already been enabled on this interface,
50014,0,,,,,,Windows 10,21H1,Pro,2022/09/20,19043.2006,This protocol component has already been enabled on this interface,
50014,0,,,,,,Windows 10,21H1,Pro,2022/08/16,19043.1889,This protocol component has already been enabled on this interface,
50014,0,,,,,,Windows 10,21H1,Pro,2022/07/19,19043.1826,This protocol component has already been enabled on this interface,
50014,0,,,,,,Windows 10,21H1,Pro,2022/06/21,19043.1766,This protocol component has already been enabled on this interface,
50014,0,,,,,,Windows 10,21H1,Pro,2022/05/17,19043.1706,This protocol component has already been enabled on this interface,
50014,0,,,,,,Windows 10,21H1,Pro,2022/04/19,19043.1645,This protocol component has already been enabled on this interface,
50014,0,,,,,,Windows 10,21H1,Pro,2022/01/11,19043.1466,This protocol component has already been enabled on this interface,
50014,0,,,,,,Windows 10,21H1,Pro,2021/12/14,19043.1415,This protocol component has already been enabled on this interface,
50014,0,,,,,,Windows 10,21H2,Pro,2021/12/14,19043.1415,This protocol component has already been enabled on this interface,
50014,0,,,,,,Windows 10,21H1,Pro,2021/11/09,19043.1348,This protocol component has already been enabled on this interface,
50014,0,,,,,,Windows 10,21H1,Pro,2021/10/12,19043.1288,This protocol component has already been enabled on this interface,
50014,0,,,,,,Windows 10,21H1,Pro,2021/09/14,19043.1237,This protocol component has already been enabled on this interface,
50014,0,,,,,,Windows 10,21H1,Pro,2021/08/10,19043.1165,This protocol component has already been enabled on this interface,
50014,0,,,,,,Windows 10,21H1,Pro,2021/07/13,19043.111,This protocol component has already been enabled on this interface,
50014,0,,,,,,Windows 10,21H1,Pro,2021/06/08,19043.1052,This protocol component has already been enabled on this interface,
50014,0,,,,,,Windows 10,20H2,Pro,2022/04/19,19042.1645,This protocol component has already been enabled on this interface,
50014,0,,,,,,Windows 10,20H2,Pro,2022/01/11,19042.1466,This protocol component has already been enabled on this interface,
50014,0,,,,,,Windows 10,2004,Pro,2021/05/11,19041.985,This protocol component has already been enabled on this interface,
50014,0,,,,,,Windows 10,20H2,Pro,2021/05/11,19041.985,This protocol component has already been enabled on this interface,
50014,0,,,,,,Windows 10,2004,Pro,2021/04/13,19041.928,This protocol component has already been enabled on this interface,
50014,0,,,,,,Windows 10,20H2,Pro,2021/04/13,19041.928,This protocol component has already been enabled on this interface,
50014,0,,,,,,Windows 10,2004,Pro,2021/03/09,19041.867,This protocol component has already been enabled on this interface,
50014,0,,,,,,Windows 10,20H2,Pro,2021/03/09,19041.867,This protocol component has already been enabled on this interface,
50014,0,,,,,,Windows 10,2004,Pro,2021/02/09,19041.804,This protocol component has already been enabled on this interface,
50014,0,,,,,,Windows 10,20H2,Pro,2021/02/09,19041.804,This protocol component has already been enabled on this interface,
50014,0,,,,,,Windows 10,2004,Pro,2021/01/12,19041.746,This protocol component has already been enabled on this interface,
50014,0,,,,,,Windows 10,20H2,Pro,2021/01/12,19041.746,This protocol component has already been enabled on this interface,
50014,0,,,,,,Windows 10,2004,Pro,2020/12/08,19041.685,This protocol component has already been enabled on this interface,
50014,0,,,,,,Windows 10,20H2,Pro,2020/12/08,19041.685,This protocol component has already been enabled on this interface,
50014,0,,,,,,Windows 10,20H2,Pro,2020/11/19,19041.631,This protocol component has already been enabled on this interface,
50014,0,,,,,,Windows 10,2004,Pro,2020/11/10,19041.63,This protocol component has already been enabled on this interface,
50014,0,,,,,,Windows 10,2004,Pro,2020/10/13,19041.572,This protocol component has already been enabled on this interface,
50014,0,,,,,,Windows 10,2004,Pro,2020/09/08,19041.508,This protocol component has already been enabled on this interface,
50014,0,,,,,,Windows 10,2004,Pro,2020/08/11,19041.45,This protocol component has already been enabled on this interface,
50014,0,,,,,,Windows 10,2004,Pro,2020/07/14,19041.388,This protocol component has already been enabled on this interface,
50014,0,,,,,,Windows 10,2004,Pro,2020/06/09,19041.329,This protocol component has already been enabled on this interface,
50014,0,,,,,,Windows 10,2004,Pro,2020/05/27,19041.264,This protocol component has already been enabled on this interface,
50014,0,,,,,,Windows 10,2004,Pro,2020/04/16,19041.208,This protocol component has already been enabled on this interface,
50014,0,,,,,,Windows 10,21H1,Pro,2022/03/15,19041.1586,This protocol component has already been enabled on this interface,
50014,0,,,,,,Windows 10,20H2,Pro,2022/03/15,19041.1586,This protocol component has already been enabled on this interface,
50014,0,,,,,,Windows 10,21H2,Pro,2022/03/15,19041.1586,This protocol component has already been enabled on this interface,
50014,0,,,,,,Windows 10,21H1,Pro,2022/02/15,19041.1526,This protocol component has already been enabled on this interface,
50014,0,,,,,,Windows 10,20H2,Pro,2022/02/15,19041.1526,This protocol component has already been enabled on this interface,
50014,0,,,,,,Windows 10,21H2,Pro,2022/02/15,19041.1526,This protocol component has already been enabled on this interface,
50014,0,,,,,,Windows 10,20H2,Pro,2021/12/14,19041.1415,This protocol component has already been enabled on this interface,
50014,0,,,,,,Windows 10,2004,Pro,2021/11/09,19041.1348,This protocol component has already been enabled on this interface,
50014,0,,,,,,Windows 10,20H2,Pro,2021/11/09,19041.1348,This protocol component has already been enabled on this interface,
50014,0,,,,,,Windows 10,2004,Pro,2021/10/12,19041.1288,This protocol component has already been enabled on this interface,
50014,0,,,,,,Windows 10,20H2,Pro,2021/10/12,19041.1288,This protocol component has already been enabled on this interface,
50014,0,,,,,,Windows 10,2004,Pro,2021/09/14,19041.1237,This protocol component has already been enabled on this interface,
50014,0,,,,,,Windows 10,20H2,Pro,2021/09/14,19041.1237,This protocol component has already been enabled on this interface,
50014,0,,,,,,Windows 10,2004,Pro,2021/08/10,19041.1165,This protocol component has already been enabled on this interface,
50014,0,,,,,,Windows 10,20H2,Pro,2021/08/10,19041.1165,This protocol component has already been enabled on this interface,
50014,0,,,,,,Windows 10,2004,Pro,2021/07/13,19041.111,This protocol component has already been enabled on this interface,
50014,0,,,,,,Windows 10,20H2,Pro,2021/07/13,19041.111,This protocol component has already been enabled on this interface,
50014,0,,,,,,Windows 10,2004,Pro,2021/06/08,19041.1052,This protocol component has already been enabled on this interface,
50014,0,,,,,,Windows 10,20H2,Pro,2021/06/08,19041.1052,This protocol component has already been enabled on this interface,
50014,0,,,,,,Windows 10,1909,Pro,2020/07/14,18363.959,This protocol component has already been enabled on this interface,
50014,0,,,,,,Windows 10,1909,Pro,2020/06/09,18363.9,This protocol component has already been enabled on this interface,
50014,0,,,,,,Windows 10,1909,Pro,2020/05/12,18363.836,This protocol component has already been enabled on this interface,
50014,0,,,,,,Windows 10,1909,Pro,2020/04/14,18363.778,This protocol component has already been enabled on this interface,
50014,0,,,,,,Windows 10,1909,Pro,2020/03/12,18363.72,This protocol component has already been enabled on this interface,
50014,0,,,,,,Windows 10,1909,Pro,2020/02/11,18363.657,This protocol component has already been enabled on this interface,
50014,0,,,,,,Windows 10,1909,Pro,2020/01/14,18363.592,This protocol component has already been enabled on this interface,
50014,0,,,,,,Windows 10,1909,Pro,2019/12/10,18363.535,This protocol component has already been enabled on this interface,
50014,0,,,,,,Windows 10,1909,Pro,2019/10/05,18363.418,This protocol component has already been enabled on this interface,
50014,0,,,,,,Windows 10,1909,Pro,2021/06/08,18363.1621,This protocol component has already been enabled on this interface,
50014,0,,,,,,Windows 10,1909,Pro,2021/05/11,18363.1556,This protocol component has already been enabled on this interface,
50014,0,,,,,,Windows 10,1909,Pro,2021/04/13,18363.15,This protocol component has already been enabled on this interface,
50014,0,,,,,,Windows 10,1909,Pro,2021/03/09,18363.144,This protocol component has already been enabled on this interface,
50014,0,,,,,,Windows 10,1909,Pro,2021/02/11,18363.1379,This protocol component has already been enabled on this interface,
50014,0,,,,,,Windows 10,1909,Pro,2021/01/12,18363.1316,This protocol component has already been enabled on this interface,
50014,0,,,,,,Windows 10,1909,Pro,2020/12/08,18363.1256,This protocol component has already been enabled on this interface,
50014,0,,,,,,Windows 10,1909,Pro,2020/11/10,18363.1198,This protocol component has already been enabled on this interface,
50014,0,,,,,,Windows 10,1909,Pro,2020/10/13,18363.1139,This protocol component has already been enabled on this interface,
50014,0,,,,,,Windows 10,1909,Pro,2020/09/08,18363.1082,This protocol component has already been enabled on this interface,
50014,0,,,,,,Windows 10,1909,Pro,2020/08/11,18363.1016,This protocol component has already been enabled on this interface,
50014,0,,,,,,Windows 10,1903,Pro,2020/07/14,18362.959,This protocol component has already been enabled on this interface,
50014,0,,,,,,Windows 10,1903,Pro,2020/05/12,18362.836,This protocol component has already been enabled on this interface,
50014,0,,,,,,Windows 10,1903,Pro,2020/03/12,18362.72,This protocol component has already been enabled on this interface,
50014,0,,,,,,Windows 10,1903,Pro,2020/02/11,18362.657,This protocol component has already been enabled on this interface,
50014,0,,,,,,Windows 10,1903,Pro,2019/12/10,18362.535,This protocol component has already been enabled on this interface,
50014,0,,,,,,Windows 10,1903,Pro,2019/11/12,18362.476,This protocol component has already been enabled on this interface,
50014,0,,,,,,Windows 10,1903,Pro,2019/09/10,18362.356,This protocol component has already been enabled on this interface,
50014,0,,,,,,Windows 10,1903,Pro,2019/03/29,18362.3,This protocol component has already been enabled on this interface,
50014,0,,,,,,Windows 10,1903,Pro,2019/07/09,18362.239,This protocol component has already been enabled on this interface,
50014,0,,,,,,Windows 10,1903,Pro,2019/06/11,18362.175,This protocol component has already been enabled on this interface,
50014,0,,,,,,Windows 10,1903,Pro,2020/12/08,18362.1256,This protocol component has already been enabled on this interface,
50014,0,,,,,,Windows 10,1903,Pro,2020/11/10,18362.1198,This protocol component has already been enabled on this interface,
50014,0,,,,,,Windows 10,1903,Pro,2020/10/13,18362.1139,This protocol component has already been enabled on this interface,
50014,0,,,,,,Windows 10,1903,Pro,2020/09/08,18362.1082,This protocol component has already been enabled on this interface,
50014,0,,,,,,Windows 10,1903,Pro,2019/12/10,18362.1016,This protocol component has already been enabled on this interface,
50014,0,,,,,,Windows 10,1809,Pro,2020/01/14,17763.973,This protocol component has already been enabled on this interface,
50014,0,,,,,,Windows Server 2019,1809,Standard,2020/01/14,17763.973,This protocol component has already been enabled on this interface,
50014,0,,,,,,Windows 10,1809,Pro,2019/12/10,17763.914,This protocol component has already been enabled on this interface,
50014,0,,,,,,Windows Server 2019,1809,Standard,2019/12/10,17763.914,This protocol component has already been enabled on this interface,
50014,0,,,,,,Windows 10,1809,Pro,2019/11/12,17763.864,This protocol component has already been enabled on this interface,
50014,0,,,,,,Windows Server 2019,1809,Standard,2019/11/12,17763.864,This protocol component has already been enabled on this interface,
50014,0,,,,,,Windows 10,1809,Pro,2019/10/08,17763.805,This protocol component has already been enabled on this interface,
50014,0,,,,,,Windows 10,1809,Pro,2019/09/10,17763.737,This protocol component has already been enabled on this interface,
50014,0,,,,,,Windows Server 2019,1809,Standard,2019/09/10,17763.737,This protocol component has already been enabled on this interface,
50014,0,,,,,,Windows 10,1809,Pro,2019/08/13,17763.678,This protocol component has already been enabled on this interface,
50014,0,,,,,,Windows Server 2019,1809,Standard,2019/08/13,17763.678,This protocol component has already been enabled on this interface,
50014,0,,,,,,Windows 10,1809,Pro,2019/07/09,17763.615,This protocol component has already been enabled on this interface,
50014,0,,,,,,Windows 10,1809,Pro,2019/06/11,17763.557,This protocol component has already been enabled on this interface,
50014,0,,,,,,Windows 10,1809,Pro,2019/05/19,17763.504,This protocol component has already been enabled on this interface,
50014,0,,,,,,Windows 10,1809,Pro,2019/04/09,17763.437,This protocol component has already been enabled on this interface,
50014,0,,,,,,Windows 10,1809,Pro,2019/03/12,17763.379,This protocol component has already been enabled on this interface,
50014,0,,,,,,Windows Server 2019,1809,Standard,2019/03/12,17763.379,This protocol component has already been enabled on this interface,
50014,0,,,,,,Windows Server 2019,1809,Standard,2022/11/15,17763.365,This protocol component has already been enabled on this interface,
50014,0,,,,,,Windows 10,1809,Pro,2019/02/12,17763.316,This protocol component has already been enabled on this interface,
50014,0,,,,,,Windows 10,1803,Pro,2019/01/08,17763.253,This protocol component has already been enabled on this interface,
50014,0,,,,,,Windows Server 2019,1809,Standard,2021/08/10,17763.2114,This protocol component has already been enabled on this interface,
50014,0,,,,,,Windows Server 2019,1809,Standard,2021/07/13,17763.2061,This protocol component has already been enabled on this interface,
50014,0,,,,,,Windows Server 2019,1809,Standard,2021/06/08,17763.1999,This protocol component has already been enabled on this interface,
50014,0,,,,,,Windows 10,1809,Pro,2018/12/11,17763.194,This protocol component has already been enabled on this interface,
50014,0,,,,,,Windows Server 2019,1809,Standard,2021/05/11,17763.1935,This protocol component has already been enabled on this interface,
50014,0,,,,,,Windows Server 2019,1809,Standard,2021/04/13,17763.1879,This protocol component has already been enabled on this interface,
50014,0,,,,,,Windows Server 2019,1809,Standard,2021/03/09,17763.1817,This protocol component has already been enabled on this interface,
50014,0,,,,,,Windows Server 2019,1809,Standard,2021/02/09,17763.1757,This protocol component has already been enabled on this interface,
50014,0,,,,,,Windows Server 2019,1809,Standard,2021/01/12,17763.1697,This protocol component has already been enabled on this interface,
50014,0,,,,,,Windows Server 2019,1809,Standard,2020/12/08,17763.1637,This protocol component has already been enabled on this interface,
50014,0,,,,,,Windows 10,1809,Pro,2020/11/10,17763.1577,This protocol component has already been enabled on this interface,
50014,0,,,,,,Windows Server 2019,1809,Standard,2020/11/10,17763.1577,This protocol component has already been enabled on this interface,
50014,0,,,,,,Windows 10,1809,Pro,2020/10/13,17763.1518,This protocol component has already been enabled on this interface,
50014,0,,,,,,Windows Server 2019,1809,Standard,2020/10/13,17763.1518,This protocol component has already been enabled on this interface,
50014,0,,,,,,Windows 10,1809,Pro,2020/09/08,17763.1457,This protocol component has already been enabled on this interface,
50014,0,,,,,,Windows Server 2019,1809,Standard,2020/09/10,17763.1457,This protocol component has already been enabled on this interface,
50014,0,,,,,,Windows 10,1809,Pro,2020/08/11,17763.1397,This protocol component has already been enabled on this interface,
50014,0,,,,,,Windows Server 2019,1809,Standard,2020/08/11,17763.1397,This protocol component has already been enabled on this interface,
50014,0,,,,,,Windows 10,1809,Pro,2020/07/14,17763.1339,This protocol component has already been enabled on this interface,
50014,0,,,,,,Windows Server 2019,1809,Standard,2020/07/14,17763.1339,This protocol component has already been enabled on this interface,
50014,0,,,,,,Windows 10,1809,Pro,2020/06/09,17763.1282,This protocol component has already been enabled on this interface,
50014,0,,,,,,Windows Server 2019,1809,Standard,2020/06/09,17763.1282,This protocol component has already been enabled on this interface,
50014,0,,,,,,Windows 10,1809,Pro,2020/05/12,17763.1217,This protocol component has already been enabled on this interface,
50014,0,,,,,,Windows Server 2019,1809,Standard,2020/05/12,17763.1217,This protocol component has already been enabled on this interface,
50014,0,,,,,,Windows 10,1809,Pro,2020/04/14,17763.1158,This protocol component has already been enabled on this interface,
50014,0,,,,,,Windows Server 2019,1809,Standard,2020/04/14,17763.1158,This protocol component has already been enabled on this interface,
50014,0,,,,,,Windows 10,1809,Pro,2020/03/12,17763.1098,This protocol component has already been enabled on this interface,
50014,0,,,,,,Windows Server 2019,1809,Standard,2020/03/10,17763.1098,This protocol component has already been enabled on this interface,
50014,0,,,,,,Windows 10,1809,Pro,2018/11/13,17763.107,This protocol component has already been enabled on this interface,
50014,0,,,,,,Windows Server 2019,1809,Standard,2018/11/13,17763.107,This protocol component has already been enabled on this interface,
50014,0,,,,,,Windows 10,1809,Pro,2020/02/11,17763.1039,This protocol component has already been enabled on this interface,
50014,0,,,,,,Windows Server 2019,1809,Standard,2020/02/11,17763.1039,This protocol component has already been enabled on this interface,
50014,0,,,,,,Windows 10,1803,Pro,2019/08/13,17134.95,This protocol component has already been enabled on this interface,
50014,0,,,,,,Windows 10,1803,Pro,2019/07/09,17134.885,This protocol component has already been enabled on this interface,
50014,0,,,,,,Windows 10,1803,Pro,2019/06/11,17134.829,This protocol component has already been enabled on this interface,
50014,0,,,,,,Windows 10,1803,Pro,2019/05/19,17134.766,This protocol component has already been enabled on this interface,
50014,0,,,,,,Windows 10,1803,Pro,2019/04/09,17134.706,This protocol component has already been enabled on this interface,
50014,0,,,,,,Windows 10,1803,Pro,2019/03/12,17134.648,This protocol component has already been enabled on this interface,
50014,0,,,,,,Windows 10,1803,Pro,2019/01/08,17134.523,This protocol component has already been enabled on this interface,
50014,0,,,,,,Windows 10,1803,Pro,2018/09/11,17134.285,This protocol component has already been enabled on this interface,
50014,0,,,,,,Windows 10,1803,Pro,2018/08/14,17134.228,This protocol component has already been enabled on this interface,
50014,0,,,,,,Windows 10,1803,Pro,2018/06/12,17134.112,This protocol component has already been enabled on this interface,
50014,0,,,,,,Windows 10,1803,Pro,2019/09/10,17134.1006,This protocol component has already been enabled on this interface,
50014,0,,,,,,Windows 10,1803,Pro,1970/01/01,17134.1,This protocol component has already been enabled on this interface,
50014,0,,,,,,Windows 10,1709,Pro,2017/11/14,16299.64,This protocol component has already been enabled on this interface,
50014,0,,,,,,Windows 10,1709,Pro,2017/11/14,16299.15,This protocol component has already been enabled on this interface,
50014,0,,,,,,Windows 10,1709,Pro,2017/12/12,16299.125,This protocol component has already been enabled on this interface,
50014,0,,,,,,Windows 10,1703,Pro,2017/07/11,15063.483,This protocol component has already been enabled on this interface,
50014,0,,,,,,Windows 10,1703,Pro,2017/06/13,15063.413,This protocol component has already been enabled on this interface,
50014,0,,,,,,Windows 10,1703,Pro,2017/03/20,15063.0,This protocol component has already been enabled on this interface,
50014,0,,,,,,Windows 10,1607,Pro,2016/11/08,14393.447,This protocol component has already been enabled on this interface,
50014,0,,,,,,Windows Server 2016,1607,Standard,2016/11/08,14393.447,This protocol component has already been enabled on this interface,
50014,0,,,,,,Windows Server 2016,1607,Standard,2017/11/14,14393.1884,This protocol component has already been enabled on this interface,
50014,0,,,,,,Windows Server 2016,1607,Standard,2016/10/12,14393.0,This protocol component has already been enabled on this interface,
50014,0,,,,,,Windows 10,1511,Pro,2016/03/08,10586.164,This protocol component has already been enabled on this interface,
50014,0,,,,,,Windows 10,1511,Enterprise,2016/02/09,10586.104,This protocol component has already been enabled on this interface,
50014,0,,,,,,Windows 10,1511,Pro,1970/01/01,10586.0,This protocol component has already been enabled on this interface,
50014,0,,,,,,Windows 10,1507,Pro,2015/07/29,10240.0,This protocol component has already been enabled on this interface,
50014,0,,,,,,Windows 8.1,8.1,Pro,1970/01/01,9600.0,This protocol component has already been enabled on this interface,
50014,0,,,,,,Windows 8,8,Pro,1970/01/01,9200.0,This protocol component has already been enabled on this interface,
50014,0,,,,,,Windows Server 2008R2,SP1,Standard,2011/02/09,7601.0,This protocol component has already been enabled on this interface,
50014,0,,,,,,Windows 7,SP1,Ultimate,1970/01/01,7601.0,This protocol component has already been enabled on this interface,
50014,0,,,,,,Windows Server 2008,SP2,Standard,2009/05/26,6002.0,This protocol component has already been enabled on this interface,
50015,0,,,,,,Windows 11,24H2,Pro,2024/10/2,26100.1742,Specified interface was not present in MGM.,
50015,0,,,,,,Windows 11,22H2,Pro,2022/12/20,22621.963,Specified interface was not present in MGM.,
50015,0,,,,,,Windows 11,22H2,Pro,2022/11/15,22621.819,Specified interface was not present in MGM.,
50015,0,,,,,,Windows 11,22H2,Pro,2022/10/18,22621.674,Specified interface was not present in MGM.,
50015,0,,,,,,Windows 11,22H2,Pro,2022/09/20,22621.382,Specified interface was not present in MGM.,
50015,0,,,,,,Windows 11,22H2,Pro,2023/03/21,22621.1413,Specified interface was not present in MGM.,
50015,0,,,,,,Windows 11,22H2,Pro,2023/02/21,22621.1265,Specified interface was not present in MGM.,
50015,0,,,,,,Windows 11,22H2,Pro,2023/01/17,22621.1105,Specified interface was not present in MGM.,
50015,0,,,,,,Windows 11,21H2,Pro,2022/09/20,22000.978,Specified interface was not present in MGM.,
50015,0,,,,,,Windows 11,21H2,Pro,2022/08/16,22000.856,Specified interface was not present in MGM.,
50015,0,,,,,,Windows 11,21H2,Pro,2022/07/19,22000.795,Specified interface was not present in MGM.,
50015,0,,,,,,Windows 11,21H2,Pro,2022/06/21,22000.739,Specified interface was not present in MGM.,
50015,0,,,,,,Windows 11,21H2,Pro,2022/05/17,22000.675,Specified interface was not present in MGM.,
50015,0,,,,,,Windows 11,21H2,Pro,2022/04/19,22000.613,Specified interface was not present in MGM.,
50015,0,,,,,,Windows 11,21H2,Pro,2022/03/15,22000.556,Specified interface was not present in MGM.,
50015,0,,,,,,Windows 11,21H2,Pro,2022/02/15,22000.493,Specified interface was not present in MGM.,
50015,0,,,,,,Windows 11,21H2,Pro,2022/01/11,22000.434,Specified interface was not present in MGM.,
50015,0,,,,,,Windows 11,21H2,Pro,2021/12/14,22000.376,Specified interface was not present in MGM.,
50015,0,,,,,,Windows 11,21H2,Pro,2021/11/09,22000.318,Specified interface was not present in MGM.,
50015,0,,,,,,Windows 11,21H2,Pro,2021/09/16,22000.194,Specified interface was not present in MGM.,
50015,0,,,,,,Windows 11,21H2,Pro,2023/03/21,22000.1696,Specified interface was not present in MGM.,
50015,0,,,,,,Windows 11,21H2,Pro,2023/02/21,22000.1574,Specified interface was not present in MGM.,
50015,0,,,,,,Windows 11,21H2,Pro,2023/01/17,22000.1455,Specified interface was not present in MGM.,
50015,0,,,,,,Windows 11,21H2,Pro,2022/12/20,22000.1335,Specified interface was not present in MGM.,
50015,0,,,,,,Windows 11,21H2,Pro,2022/11/15,22000.1219,Specified interface was not present in MGM.,
50015,0,,,,,,Windows 11,21H2,Pro,2022/10/18,22000.1098,Specified interface was not present in MGM.,
50015,0,,,,,,Windows 11,21H2,Pro-Dev,1970/01/01,21996.1,Specified interface was not present in MGM.,
50015,0,,,,,,Windows Server 2022,21H2,Standard,2022/08/16,20348.887,Specified interface was not present in MGM.,
50015,0,,,,,,Windows Server 2022,21H2,Standard,2022/07/19,20348.825,Specified interface was not present in MGM.,
50015,0,,,,,,Windows Server 2022,21H2,Standard,2022/06/21,20348.768,Specified interface was not present in MGM.,
50015,0,,,,,,Windows Server 2022,21H2,Standard,2022/05/17,20348.707,Specified interface was not present in MGM.,
50015,0,,,,,,Windows Server 2022,21H2,Standard,2022/04/19,20348.643,Specified interface was not present in MGM.,
50015,0,,,,,,Windows Server 2022,21H2,Standard,2022/02/15,20348.587,Specified interface was not present in MGM.,
50015,0,,,,,,Windows Server 2022,21H2,Standard,2022/02/15,20348.524,Specified interface was not present in MGM.,
50015,0,,,,,,Windows Server 2022,21H2,Standard,2022/01/11,20348.469,Specified interface was not present in MGM.,
50015,0,,,,,,Windows Server 2022,21H2,Standard,2021/12/08,20348.405,Specified interface was not present in MGM.,
50015,0,,,,,,Windows Server 2022,21H2,Standard,2021/11/09,20348.35,Specified interface was not present in MGM.,
50015,0,,,,,,Windows Server 2022,21H2,Standard,2021/10/12,20348.288,Specified interface was not present in MGM.,
50015,0,,,,,,Windows Server 2022,21H2,Standard,2021/09/14,20348.23,Specified interface was not present in MGM.,
50015,0,,,,,,Windows Server 2022,21H2,Standard,2021/08/18,20348.169,Specified interface was not present in MGM.,
50015,0,,,,,,Windows Server 2022,21H2,Standard,2023/03/21,20348.1607,Specified interface was not present in MGM.,
50015,0,,,,,,Windows Server 2022,21H2,Standard,2023/02/21,20348.1547,Specified interface was not present in MGM.,
50015,0,,,,,,Windows Server 2022,21H2,Standard,2023/01/17,20348.1487,Specified interface was not present in MGM.,
50015,0,,,,,,Windows Server 2022,21H2,Standard,2022/12/20,20348.1366,Specified interface was not present in MGM.,
50015,0,,,,,,Windows Server 2022,21H2,Standard,2022/11/15,20348.1249,Specified interface was not present in MGM.,
50015,0,,,,,,Windows Server 2022,21H2,Standard,2022/10/18,20348.1129,Specified interface was not present in MGM.,
50015,0,,,,,,Windows Server 2022,21H2,Standard,2022/09/20,20348.1006,Specified interface was not present in MGM.,
50015,0,,,,,,Windows 10,22H2,Pro,2023/03/21,19045.2728,Specified interface was not present in MGM.,
50015,0,,,,,,Windows 10,22H2,Pro,2023/02/21,19045.2604,Specified interface was not present in MGM.,
50015,0,,,,,,Windows 10,22H2,Pro,2023/01/17,19045.2486,Specified interface was not present in MGM.,
50015,0,,,,,,Windows 10,22H2,Pro,2022/12/20,19045.2364,Specified interface was not present in MGM.,
50015,0,,,,,,Windows 10,22H2,Pro,2022/11/15,19045.2251,Specified interface was not present in MGM.,
50015,0,,,,,,Windows 10,21H2,Pro,2023/03/21,19044.2728,Specified interface was not present in MGM.,
50015,0,,,,,,Windows 10,21H2,Pro,2023/02/21,19044.2604,Specified interface was not present in MGM.,
50015,0,,,,,,Windows 10,21H2,Pro,2023/01/17,19044.2486,Specified interface was not present in MGM.,
50015,0,,,,,,Windows 10,21H2,Pro,2022/12/20,19044.2364,Specified interface was not present in MGM.,
50015,0,,,,,,Windows 10,21H2,Pro,2022/11/15,19044.2251,Specified interface was not present in MGM.,
50015,0,,,,,,Windows 10,21H2,Pro,2022/10/18,19044.213,Specified interface was not present in MGM.,
50015,0,,,,,,Windows 10,21H2,Pro,2022/09/20,19044.2006,Specified interface was not present in MGM.,
50015,0,,,,,,Windows 10,21H2,Pro,2022/08/16,19044.1889,Specified interface was not present in MGM.,
50015,0,,,,,,Windows 10,21H2,Pro,2022/07/19,19044.1826,Specified interface was not present in MGM.,
50015,0,,,,,,Windows 10,21H2,Pro,2022/06/21,19044.1766,Specified interface was not present in MGM.,
50015,0,,,,,,Windows 10,21H2,Pro,2022/05/17,19044.1706,Specified interface was not present in MGM.,
50015,0,,,,,,Windows 10,21H2,Pro,2022/04/19,19044.1645,Specified interface was not present in MGM.,
50015,0,,,,,,Windows 10,21H2,Pro,2022/01/11,19044.1466,Specified interface was not present in MGM.,
50015,0,,,,,,Windows 10,21H2,Pro,2021/10/12,19044.1288,Specified interface was not present in MGM.,
50015,0,,,,,,Windows 10,21H1,Pro,2021/04/13,19043.928,Specified interface was not present in MGM.,
50015,0,,,,,,Windows 10,21H1,Pro,2022/12/20,19043.2364,Specified interface was not present in MGM.,
50015,0,,,,,,Windows 10,21H1,Pro,2022/11/15,19043.2251,Specified interface was not present in MGM.,
50015,0,,,,,,Windows 10,21H1,Pro,2022/10/18,19043.213,Specified interface was not present in MGM.,
50015,0,,,,,,Windows 10,21H1,Pro,2022/09/20,19043.2006,Specified interface was not present in MGM.,
50015,0,,,,,,Windows 10,21H1,Pro,2022/08/16,19043.1889,Specified interface was not present in MGM.,
50015,0,,,,,,Windows 10,21H1,Pro,2022/07/19,19043.1826,Specified interface was not present in MGM.,
50015,0,,,,,,Windows 10,21H1,Pro,2022/06/21,19043.1766,Specified interface was not present in MGM.,
50015,0,,,,,,Windows 10,21H1,Pro,2022/05/17,19043.1706,Specified interface was not present in MGM.,
50015,0,,,,,,Windows 10,21H1,Pro,2022/04/19,19043.1645,Specified interface was not present in MGM.,
50015,0,,,,,,Windows 10,21H1,Pro,2022/01/11,19043.1466,Specified interface was not present in MGM.,
50015,0,,,,,,Windows 10,21H1,Pro,2021/12/14,19043.1415,Specified interface was not present in MGM.,
50015,0,,,,,,Windows 10,21H2,Pro,2021/12/14,19043.1415,Specified interface was not present in MGM.,
50015,0,,,,,,Windows 10,21H1,Pro,2021/11/09,19043.1348,Specified interface was not present in MGM.,
50015,0,,,,,,Windows 10,21H1,Pro,2021/10/12,19043.1288,Specified interface was not present in MGM.,
50015,0,,,,,,Windows 10,21H1,Pro,2021/09/14,19043.1237,Specified interface was not present in MGM.,
50015,0,,,,,,Windows 10,21H1,Pro,2021/08/10,19043.1165,Specified interface was not present in MGM.,
50015,0,,,,,,Windows 10,21H1,Pro,2021/07/13,19043.111,Specified interface was not present in MGM.,
50015,0,,,,,,Windows 10,21H1,Pro,2021/06/08,19043.1052,Specified interface was not present in MGM.,
50015,0,,,,,,Windows 10,20H2,Pro,2022/04/19,19042.1645,Specified interface was not present in MGM.,
50015,0,,,,,,Windows 10,20H2,Pro,2022/01/11,19042.1466,Specified interface was not present in MGM.,
50015,0,,,,,,Windows 10,2004,Pro,2021/05/11,19041.985,Specified interface was not present in MGM.,
50015,0,,,,,,Windows 10,20H2,Pro,2021/05/11,19041.985,Specified interface was not present in MGM.,
50015,0,,,,,,Windows 10,2004,Pro,2021/04/13,19041.928,Specified interface was not present in MGM.,
50015,0,,,,,,Windows 10,20H2,Pro,2021/04/13,19041.928,Specified interface was not present in MGM.,
50015,0,,,,,,Windows 10,2004,Pro,2021/03/09,19041.867,Specified interface was not present in MGM.,
50015,0,,,,,,Windows 10,20H2,Pro,2021/03/09,19041.867,Specified interface was not present in MGM.,
50015,0,,,,,,Windows 10,2004,Pro,2021/02/09,19041.804,Specified interface was not present in MGM.,
50015,0,,,,,,Windows 10,20H2,Pro,2021/02/09,19041.804,Specified interface was not present in MGM.,
50015,0,,,,,,Windows 10,2004,Pro,2021/01/12,19041.746,Specified interface was not present in MGM.,
50015,0,,,,,,Windows 10,20H2,Pro,2021/01/12,19041.746,Specified interface was not present in MGM.,
50015,0,,,,,,Windows 10,2004,Pro,2020/12/08,19041.685,Specified interface was not present in MGM.,
50015,0,,,,,,Windows 10,20H2,Pro,2020/12/08,19041.685,Specified interface was not present in MGM.,
50015,0,,,,,,Windows 10,20H2,Pro,2020/11/19,19041.631,Specified interface was not present in MGM.,
50015,0,,,,,,Windows 10,2004,Pro,2020/11/10,19041.63,Specified interface was not present in MGM.,
50015,0,,,,,,Windows 10,2004,Pro,2020/10/13,19041.572,Specified interface was not present in MGM.,
50015,0,,,,,,Windows 10,2004,Pro,2020/09/08,19041.508,Specified interface was not present in MGM.,
50015,0,,,,,,Windows 10,2004,Pro,2020/08/11,19041.45,Specified interface was not present in MGM.,
50015,0,,,,,,Windows 10,2004,Pro,2020/07/14,19041.388,Specified interface was not present in MGM.,
50015,0,,,,,,Windows 10,2004,Pro,2020/06/09,19041.329,Specified interface was not present in MGM.,
50015,0,,,,,,Windows 10,2004,Pro,2020/05/27,19041.264,Specified interface was not present in MGM.,
50015,0,,,,,,Windows 10,2004,Pro,2020/04/16,19041.208,Specified interface was not present in MGM.,
50015,0,,,,,,Windows 10,21H1,Pro,2022/03/15,19041.1586,Specified interface was not present in MGM.,
50015,0,,,,,,Windows 10,20H2,Pro,2022/03/15,19041.1586,Specified interface was not present in MGM.,
50015,0,,,,,,Windows 10,21H2,Pro,2022/03/15,19041.1586,Specified interface was not present in MGM.,
50015,0,,,,,,Windows 10,21H1,Pro,2022/02/15,19041.1526,Specified interface was not present in MGM.,
50015,0,,,,,,Windows 10,20H2,Pro,2022/02/15,19041.1526,Specified interface was not present in MGM.,
50015,0,,,,,,Windows 10,21H2,Pro,2022/02/15,19041.1526,Specified interface was not present in MGM.,
50015,0,,,,,,Windows 10,20H2,Pro,2021/12/14,19041.1415,Specified interface was not present in MGM.,
50015,0,,,,,,Windows 10,2004,Pro,2021/11/09,19041.1348,Specified interface was not present in MGM.,
50015,0,,,,,,Windows 10,20H2,Pro,2021/11/09,19041.1348,Specified interface was not present in MGM.,
50015,0,,,,,,Windows 10,2004,Pro,2021/10/12,19041.1288,Specified interface was not present in MGM.,
50015,0,,,,,,Windows 10,20H2,Pro,2021/10/12,19041.1288,Specified interface was not present in MGM.,
50015,0,,,,,,Windows 10,2004,Pro,2021/09/14,19041.1237,Specified interface was not present in MGM.,
50015,0,,,,,,Windows 10,20H2,Pro,2021/09/14,19041.1237,Specified interface was not present in MGM.,
50015,0,,,,,,Windows 10,2004,Pro,2021/08/10,19041.1165,Specified interface was not present in MGM.,
50015,0,,,,,,Windows 10,20H2,Pro,2021/08/10,19041.1165,Specified interface was not present in MGM.,
50015,0,,,,,,Windows 10,2004,Pro,2021/07/13,19041.111,Specified interface was not present in MGM.,
50015,0,,,,,,Windows 10,20H2,Pro,2021/07/13,19041.111,Specified interface was not present in MGM.,
50015,0,,,,,,Windows 10,2004,Pro,2021/06/08,19041.1052,Specified interface was not present in MGM.,
50015,0,,,,,,Windows 10,20H2,Pro,2021/06/08,19041.1052,Specified interface was not present in MGM.,
50015,0,,,,,,Windows 10,1909,Pro,2020/07/14,18363.959,Specified interface was not present in MGM.,
50015,0,,,,,,Windows 10,1909,Pro,2020/06/09,18363.9,Specified interface was not present in MGM.,
50015,0,,,,,,Windows 10,1909,Pro,2020/05/12,18363.836,Specified interface was not present in MGM.,
50015,0,,,,,,Windows 10,1909,Pro,2020/04/14,18363.778,Specified interface was not present in MGM.,
50015,0,,,,,,Windows 10,1909,Pro,2020/03/12,18363.72,Specified interface was not present in MGM.,
50015,0,,,,,,Windows 10,1909,Pro,2020/02/11,18363.657,Specified interface was not present in MGM.,
50015,0,,,,,,Windows 10,1909,Pro,2020/01/14,18363.592,Specified interface was not present in MGM.,
50015,0,,,,,,Windows 10,1909,Pro,2019/12/10,18363.535,Specified interface was not present in MGM.,
50015,0,,,,,,Windows 10,1909,Pro,2019/10/05,18363.418,Specified interface was not present in MGM.,
50015,0,,,,,,Windows 10,1909,Pro,2021/06/08,18363.1621,Specified interface was not present in MGM.,
50015,0,,,,,,Windows 10,1909,Pro,2021/05/11,18363.1556,Specified interface was not present in MGM.,
50015,0,,,,,,Windows 10,1909,Pro,2021/04/13,18363.15,Specified interface was not present in MGM.,
50015,0,,,,,,Windows 10,1909,Pro,2021/03/09,18363.144,Specified interface was not present in MGM.,
50015,0,,,,,,Windows 10,1909,Pro,2021/02/11,18363.1379,Specified interface was not present in MGM.,
50015,0,,,,,,Windows 10,1909,Pro,2021/01/12,18363.1316,Specified interface was not present in MGM.,
50015,0,,,,,,Windows 10,1909,Pro,2020/12/08,18363.1256,Specified interface was not present in MGM.,
50015,0,,,,,,Windows 10,1909,Pro,2020/11/10,18363.1198,Specified interface was not present in MGM.,
50015,0,,,,,,Windows 10,1909,Pro,2020/10/13,18363.1139,Specified interface was not present in MGM.,
50015,0,,,,,,Windows 10,1909,Pro,2020/09/08,18363.1082,Specified interface was not present in MGM.,
50015,0,,,,,,Windows 10,1909,Pro,2020/08/11,18363.1016,Specified interface was not present in MGM.,
50015,0,,,,,,Windows 10,1903,Pro,2020/07/14,18362.959,Specified interface was not present in MGM.,
50015,0,,,,,,Windows 10,1903,Pro,2020/05/12,18362.836,Specified interface was not present in MGM.,
50015,0,,,,,,Windows 10,1903,Pro,2020/03/12,18362.72,Specified interface was not present in MGM.,
50015,0,,,,,,Windows 10,1903,Pro,2020/02/11,18362.657,Specified interface was not present in MGM.,
50015,0,,,,,,Windows 10,1903,Pro,2019/12/10,18362.535,Specified interface was not present in MGM.,
50015,0,,,,,,Windows 10,1903,Pro,2019/11/12,18362.476,Specified interface was not present in MGM.,
50015,0,,,,,,Windows 10,1903,Pro,2019/09/10,18362.356,Specified interface was not present in MGM.,
50015,0,,,,,,Windows 10,1903,Pro,2019/03/29,18362.3,Specified interface was not present in MGM.,
50015,0,,,,,,Windows 10,1903,Pro,2019/07/09,18362.239,Specified interface was not present in MGM.,
50015,0,,,,,,Windows 10,1903,Pro,2019/06/11,18362.175,Specified interface was not present in MGM.,
50015,0,,,,,,Windows 10,1903,Pro,2020/12/08,18362.1256,Specified interface was not present in MGM.,
50015,0,,,,,,Windows 10,1903,Pro,2020/11/10,18362.1198,Specified interface was not present in MGM.,
50015,0,,,,,,Windows 10,1903,Pro,2020/10/13,18362.1139,Specified interface was not present in MGM.,
50015,0,,,,,,Windows 10,1903,Pro,2020/09/08,18362.1082,Specified interface was not present in MGM.,
50015,0,,,,,,Windows 10,1903,Pro,2019/12/10,18362.1016,Specified interface was not present in MGM.,
50015,0,,,,,,Windows 10,1809,Pro,2020/01/14,17763.973,Specified interface was not present in MGM.,
50015,0,,,,,,Windows Server 2019,1809,Standard,2020/01/14,17763.973,Specified interface was not present in MGM.,
50015,0,,,,,,Windows 10,1809,Pro,2019/12/10,17763.914,Specified interface was not present in MGM.,
50015,0,,,,,,Windows Server 2019,1809,Standard,2019/12/10,17763.914,Specified interface was not present in MGM.,
50015,0,,,,,,Windows 10,1809,Pro,2019/11/12,17763.864,Specified interface was not present in MGM.,
50015,0,,,,,,Windows Server 2019,1809,Standard,2019/11/12,17763.864,Specified interface was not present in MGM.,
50015,0,,,,,,Windows 10,1809,Pro,2019/10/08,17763.805,Specified interface was not present in MGM.,
50015,0,,,,,,Windows 10,1809,Pro,2019/09/10,17763.737,Specified interface was not present in MGM.,
50015,0,,,,,,Windows Server 2019,1809,Standard,2019/09/10,17763.737,Specified interface was not present in MGM.,
50015,0,,,,,,Windows 10,1809,Pro,2019/08/13,17763.678,Specified interface was not present in MGM.,
50015,0,,,,,,Windows Server 2019,1809,Standard,2019/08/13,17763.678,Specified interface was not present in MGM.,
50015,0,,,,,,Windows 10,1809,Pro,2019/07/09,17763.615,Specified interface was not present in MGM.,
50015,0,,,,,,Windows 10,1809,Pro,2019/06/11,17763.557,Specified interface was not present in MGM.,
50015,0,,,,,,Windows 10,1809,Pro,2019/05/19,17763.504,Specified interface was not present in MGM.,
50015,0,,,,,,Windows 10,1809,Pro,2019/04/09,17763.437,Specified interface was not present in MGM.,
50015,0,,,,,,Windows 10,1809,Pro,2019/03/12,17763.379,Specified interface was not present in MGM.,
50015,0,,,,,,Windows Server 2019,1809,Standard,2019/03/12,17763.379,Specified interface was not present in MGM.,
50015,0,,,,,,Windows Server 2019,1809,Standard,2022/11/15,17763.365,Specified interface was not present in MGM.,
50015,0,,,,,,Windows 10,1809,Pro,2019/02/12,17763.316,Specified interface was not present in MGM.,
50015,0,,,,,,Windows 10,1803,Pro,2019/01/08,17763.253,Specified interface was not present in MGM.,
50015,0,,,,,,Windows Server 2019,1809,Standard,2021/08/10,17763.2114,Specified interface was not present in MGM.,
50015,0,,,,,,Windows Server 2019,1809,Standard,2021/07/13,17763.2061,Specified interface was not present in MGM.,
50015,0,,,,,,Windows Server 2019,1809,Standard,2021/06/08,17763.1999,Specified interface was not present in MGM.,
50015,0,,,,,,Windows 10,1809,Pro,2018/12/11,17763.194,Specified interface was not present in MGM.,
50015,0,,,,,,Windows Server 2019,1809,Standard,2021/05/11,17763.1935,Specified interface was not present in MGM.,
50015,0,,,,,,Windows Server 2019,1809,Standard,2021/04/13,17763.1879,Specified interface was not present in MGM.,
50015,0,,,,,,Windows Server 2019,1809,Standard,2021/03/09,17763.1817,Specified interface was not present in MGM.,
50015,0,,,,,,Windows Server 2019,1809,Standard,2021/02/09,17763.1757,Specified interface was not present in MGM.,
50015,0,,,,,,Windows Server 2019,1809,Standard,2021/01/12,17763.1697,Specified interface was not present in MGM.,
50015,0,,,,,,Windows Server 2019,1809,Standard,2020/12/08,17763.1637,Specified interface was not present in MGM.,
50015,0,,,,,,Windows 10,1809,Pro,2020/11/10,17763.1577,Specified interface was not present in MGM.,
50015,0,,,,,,Windows Server 2019,1809,Standard,2020/11/10,17763.1577,Specified interface was not present in MGM.,
50015,0,,,,,,Windows 10,1809,Pro,2020/10/13,17763.1518,Specified interface was not present in MGM.,
50015,0,,,,,,Windows Server 2019,1809,Standard,2020/10/13,17763.1518,Specified interface was not present in MGM.,
50015,0,,,,,,Windows 10,1809,Pro,2020/09/08,17763.1457,Specified interface was not present in MGM.,
50015,0,,,,,,Windows Server 2019,1809,Standard,2020/09/10,17763.1457,Specified interface was not present in MGM.,
50015,0,,,,,,Windows 10,1809,Pro,2020/08/11,17763.1397,Specified interface was not present in MGM.,
50015,0,,,,,,Windows Server 2019,1809,Standard,2020/08/11,17763.1397,Specified interface was not present in MGM.,
50015,0,,,,,,Windows 10,1809,Pro,2020/07/14,17763.1339,Specified interface was not present in MGM.,
50015,0,,,,,,Windows Server 2019,1809,Standard,2020/07/14,17763.1339,Specified interface was not present in MGM.,
50015,0,,,,,,Windows 10,1809,Pro,2020/06/09,17763.1282,Specified interface was not present in MGM.,
50015,0,,,,,,Windows Server 2019,1809,Standard,2020/06/09,17763.1282,Specified interface was not present in MGM.,
50015,0,,,,,,Windows 10,1809,Pro,2020/05/12,17763.1217,Specified interface was not present in MGM.,
50015,0,,,,,,Windows Server 2019,1809,Standard,2020/05/12,17763.1217,Specified interface was not present in MGM.,
50015,0,,,,,,Windows 10,1809,Pro,2020/04/14,17763.1158,Specified interface was not present in MGM.,
50015,0,,,,,,Windows Server 2019,1809,Standard,2020/04/14,17763.1158,Specified interface was not present in MGM.,
50015,0,,,,,,Windows 10,1809,Pro,2020/03/12,17763.1098,Specified interface was not present in MGM.,
50015,0,,,,,,Windows Server 2019,1809,Standard,2020/03/10,17763.1098,Specified interface was not present in MGM.,
50015,0,,,,,,Windows 10,1809,Pro,2018/11/13,17763.107,Specified interface was not present in MGM.,
50015,0,,,,,,Windows Server 2019,1809,Standard,2018/11/13,17763.107,Specified interface was not present in MGM.,
50015,0,,,,,,Windows 10,1809,Pro,2020/02/11,17763.1039,Specified interface was not present in MGM.,
50015,0,,,,,,Windows Server 2019,1809,Standard,2020/02/11,17763.1039,Specified interface was not present in MGM.,
50015,0,,,,,,Windows 10,1803,Pro,2019/08/13,17134.95,Specified interface was not present in MGM.,
50015,0,,,,,,Windows 10,1803,Pro,2019/07/09,17134.885,Specified interface was not present in MGM.,
50015,0,,,,,,Windows 10,1803,Pro,2019/06/11,17134.829,Specified interface was not present in MGM.,
50015,0,,,,,,Windows 10,1803,Pro,2019/05/19,17134.766,Specified interface was not present in MGM.,
50015,0,,,,,,Windows 10,1803,Pro,2019/04/09,17134.706,Specified interface was not present in MGM.,
50015,0,,,,,,Windows 10,1803,Pro,2019/03/12,17134.648,Specified interface was not present in MGM.,
50015,0,,,,,,Windows 10,1803,Pro,2019/01/08,17134.523,Specified interface was not present in MGM.,
50015,0,,,,,,Windows 10,1803,Pro,2018/09/11,17134.285,Specified interface was not present in MGM.,
50015,0,,,,,,Windows 10,1803,Pro,2018/08/14,17134.228,Specified interface was not present in MGM.,
50015,0,,,,,,Windows 10,1803,Pro,2018/06/12,17134.112,Specified interface was not present in MGM.,
50015,0,,,,,,Windows 10,1803,Pro,2019/09/10,17134.1006,Specified interface was not present in MGM.,
50015,0,,,,,,Windows 10,1803,Pro,1970/01/01,17134.1,Specified interface was not present in MGM.,
50015,0,,,,,,Windows 10,1709,Pro,2017/11/14,16299.64,Specified interface was not present in MGM.,
50015,0,,,,,,Windows 10,1709,Pro,2017/11/14,16299.15,Specified interface was not present in MGM.,
50015,0,,,,,,Windows 10,1709,Pro,2017/12/12,16299.125,Specified interface was not present in MGM.,
50015,0,,,,,,Windows 10,1703,Pro,2017/07/11,15063.483,Specified interface was not present in MGM.,
50015,0,,,,,,Windows 10,1703,Pro,2017/06/13,15063.413,Specified interface was not present in MGM.,
50015,0,,,,,,Windows 10,1703,Pro,2017/03/20,15063.0,Specified interface was not present in MGM.,
50015,0,,,,,,Windows 10,1607,Pro,2016/11/08,14393.447,Specified interface was not present in MGM.,
50015,0,,,,,,Windows Server 2016,1607,Standard,2016/11/08,14393.447,Specified interface was not present in MGM.,
50015,0,,,,,,Windows Server 2016,1607,Standard,2017/11/14,14393.1884,Specified interface was not present in MGM.,
50015,0,,,,,,Windows Server 2016,1607,Standard,2016/10/12,14393.0,Specified interface was not present in MGM.,
50015,0,,,,,,Windows 10,1511,Pro,2016/03/08,10586.164,Specified interface was not present in MGM.,
50015,0,,,,,,Windows 10,1511,Enterprise,2016/02/09,10586.104,Specified interface was not present in MGM.,
50015,0,,,,,,Windows 10,1511,Pro,1970/01/01,10586.0,Specified interface was not present in MGM.,
50015,0,,,,,,Windows 10,1507,Pro,2015/07/29,10240.0,Specified interface was not present in MGM.,
50015,0,,,,,,Windows 8.1,8.1,Pro,1970/01/01,9600.0,Specified interface was not present in MGM.,
50015,0,,,,,,Windows 8,8,Pro,1970/01/01,9200.0,Specified interface was not present in MGM.,
50015,0,,,,,,Windows Server 2008R2,SP1,Standard,2011/02/09,7601.0,Specified interface was not present in MGM.,
50015,0,,,,,,Windows 7,SP1,Ultimate,1970/01/01,7601.0,Specified interface was not present in MGM.,
50015,0,,,,,,Windows Server 2008,SP2,Standard,2009/05/26,6002.0,Specified interface was not present in MGM.,
50016,0,,,,,,Windows 11,24H2,Pro,2024/10/2,26100.1742,Another routing protocol component has already been enabled on this interface.  Only one routing protocol component may be  enabled on an interface at any time.,
50016,0,,,,,,Windows 11,22H2,Pro,2022/12/20,22621.963,Another routing protocol component has already been enabled on this interface.  Only one routing protocol component may be  enabled on an interface at any time.,
50016,0,,,,,,Windows 11,22H2,Pro,2022/11/15,22621.819,Another routing protocol component has already been enabled on this interface.  Only one routing protocol component may be  enabled on an interface at any time.,
50016,0,,,,,,Windows 11,22H2,Pro,2022/10/18,22621.674,Another routing protocol component has already been enabled on this interface.  Only one routing protocol component may be  enabled on an interface at any time.,
50016,0,,,,,,Windows 11,22H2,Pro,2022/09/20,22621.382,Another routing protocol component has already been enabled on this interface.  Only one routing protocol component may be  enabled on an interface at any time.,
50016,0,,,,,,Windows 11,22H2,Pro,2023/03/21,22621.1413,Another routing protocol component has already been enabled on this interface.  Only one routing protocol component may be  enabled on an interface at any time.,
50016,0,,,,,,Windows 11,22H2,Pro,2023/02/21,22621.1265,Another routing protocol component has already been enabled on this interface.  Only one routing protocol component may be  enabled on an interface at any time.,
50016,0,,,,,,Windows 11,22H2,Pro,2023/01/17,22621.1105,Another routing protocol component has already been enabled on this interface.  Only one routing protocol component may be  enabled on an interface at any time.,
50016,0,,,,,,Windows 11,21H2,Pro,2022/09/20,22000.978,Another routing protocol component has already been enabled on this interface.  Only one routing protocol component may be  enabled on an interface at any time.,
50016,0,,,,,,Windows 11,21H2,Pro,2022/08/16,22000.856,Another routing protocol component has already been enabled on this interface.  Only one routing protocol component may be  enabled on an interface at any time.,
50016,0,,,,,,Windows 11,21H2,Pro,2022/07/19,22000.795,Another routing protocol component has already been enabled on this interface.  Only one routing protocol component may be  enabled on an interface at any time.,
50016,0,,,,,,Windows 11,21H2,Pro,2022/06/21,22000.739,Another routing protocol component has already been enabled on this interface.  Only one routing protocol component may be  enabled on an interface at any time.,
50016,0,,,,,,Windows 11,21H2,Pro,2022/05/17,22000.675,Another routing protocol component has already been enabled on this interface.  Only one routing protocol component may be  enabled on an interface at any time.,
50016,0,,,,,,Windows 11,21H2,Pro,2022/04/19,22000.613,Another routing protocol component has already been enabled on this interface.  Only one routing protocol component may be  enabled on an interface at any time.,
50016,0,,,,,,Windows 11,21H2,Pro,2022/03/15,22000.556,Another routing protocol component has already been enabled on this interface.  Only one routing protocol component may be  enabled on an interface at any time.,
50016,0,,,,,,Windows 11,21H2,Pro,2022/02/15,22000.493,Another routing protocol component has already been enabled on this interface.  Only one routing protocol component may be  enabled on an interface at any time.,
50016,0,,,,,,Windows 11,21H2,Pro,2022/01/11,22000.434,Another routing protocol component has already been enabled on this interface.  Only one routing protocol component may be  enabled on an interface at any time.,
50016,0,,,,,,Windows 11,21H2,Pro,2021/12/14,22000.376,Another routing protocol component has already been enabled on this interface.  Only one routing protocol component may be  enabled on an interface at any time.,
50016,0,,,,,,Windows 11,21H2,Pro,2021/11/09,22000.318,Another routing protocol component has already been enabled on this interface.  Only one routing protocol component may be  enabled on an interface at any time.,
50016,0,,,,,,Windows 11,21H2,Pro,2021/09/16,22000.194,Another routing protocol component has already been enabled on this interface.  Only one routing protocol component may be  enabled on an interface at any time.,
50016,0,,,,,,Windows 11,21H2,Pro,2023/03/21,22000.1696,Another routing protocol component has already been enabled on this interface.  Only one routing protocol component may be  enabled on an interface at any time.,
50016,0,,,,,,Windows 11,21H2,Pro,2023/02/21,22000.1574,Another routing protocol component has already been enabled on this interface.  Only one routing protocol component may be  enabled on an interface at any time.,
50016,0,,,,,,Windows 11,21H2,Pro,2023/01/17,22000.1455,Another routing protocol component has already been enabled on this interface.  Only one routing protocol component may be  enabled on an interface at any time.,
50016,0,,,,,,Windows 11,21H2,Pro,2022/12/20,22000.1335,Another routing protocol component has already been enabled on this interface.  Only one routing protocol component may be  enabled on an interface at any time.,
50016,0,,,,,,Windows 11,21H2,Pro,2022/11/15,22000.1219,Another routing protocol component has already been enabled on this interface.  Only one routing protocol component may be  enabled on an interface at any time.,
50016,0,,,,,,Windows 11,21H2,Pro,2022/10/18,22000.1098,Another routing protocol component has already been enabled on this interface.  Only one routing protocol component may be  enabled on an interface at any time.,
50016,0,,,,,,Windows 11,21H2,Pro-Dev,1970/01/01,21996.1,Another routing protocol component has already been enabled on this interface.  Only one routing protocol component may be  enabled on an interface at any time.,
50016,0,,,,,,Windows Server 2022,21H2,Standard,2022/08/16,20348.887,Another routing protocol component has already been enabled on this interface.  Only one routing protocol component may be  enabled on an interface at any time.,
50016,0,,,,,,Windows Server 2022,21H2,Standard,2022/07/19,20348.825,Another routing protocol component has already been enabled on this interface.  Only one routing protocol component may be  enabled on an interface at any time.,
50016,0,,,,,,Windows Server 2022,21H2,Standard,2022/06/21,20348.768,Another routing protocol component has already been enabled on this interface.  Only one routing protocol component may be  enabled on an interface at any time.,
50016,0,,,,,,Windows Server 2022,21H2,Standard,2022/05/17,20348.707,Another routing protocol component has already been enabled on this interface.  Only one routing protocol component may be  enabled on an interface at any time.,
50016,0,,,,,,Windows Server 2022,21H2,Standard,2022/04/19,20348.643,Another routing protocol component has already been enabled on this interface.  Only one routing protocol component may be  enabled on an interface at any time.,
50016,0,,,,,,Windows Server 2022,21H2,Standard,2022/02/15,20348.587,Another routing protocol component has already been enabled on this interface.  Only one routing protocol component may be  enabled on an interface at any time.,
50016,0,,,,,,Windows Server 2022,21H2,Standard,2022/02/15,20348.524,Another routing protocol component has already been enabled on this interface.  Only one routing protocol component may be  enabled on an interface at any time.,
50016,0,,,,,,Windows Server 2022,21H2,Standard,2022/01/11,20348.469,Another routing protocol component has already been enabled on this interface.  Only one routing protocol component may be  enabled on an interface at any time.,
50016,0,,,,,,Windows Server 2022,21H2,Standard,2021/12/08,20348.405,Another routing protocol component has already been enabled on this interface.  Only one routing protocol component may be  enabled on an interface at any time.,
50016,0,,,,,,Windows Server 2022,21H2,Standard,2021/11/09,20348.35,Another routing protocol component has already been enabled on this interface.  Only one routing protocol component may be  enabled on an interface at any time.,
50016,0,,,,,,Windows Server 2022,21H2,Standard,2021/10/12,20348.288,Another routing protocol component has already been enabled on this interface.  Only one routing protocol component may be  enabled on an interface at any time.,
50016,0,,,,,,Windows Server 2022,21H2,Standard,2021/09/14,20348.23,Another routing protocol component has already been enabled on this interface.  Only one routing protocol component may be  enabled on an interface at any time.,
50016,0,,,,,,Windows Server 2022,21H2,Standard,2021/08/18,20348.169,Another routing protocol component has already been enabled on this interface.  Only one routing protocol component may be  enabled on an interface at any time.,
50016,0,,,,,,Windows Server 2022,21H2,Standard,2023/03/21,20348.1607,Another routing protocol component has already been enabled on this interface.  Only one routing protocol component may be  enabled on an interface at any time.,
50016,0,,,,,,Windows Server 2022,21H2,Standard,2023/02/21,20348.1547,Another routing protocol component has already been enabled on this interface.  Only one routing protocol component may be  enabled on an interface at any time.,
50016,0,,,,,,Windows Server 2022,21H2,Standard,2023/01/17,20348.1487,Another routing protocol component has already been enabled on this interface.  Only one routing protocol component may be  enabled on an interface at any time.,
50016,0,,,,,,Windows Server 2022,21H2,Standard,2022/12/20,20348.1366,Another routing protocol component has already been enabled on this interface.  Only one routing protocol component may be  enabled on an interface at any time.,
50016,0,,,,,,Windows Server 2022,21H2,Standard,2022/11/15,20348.1249,Another routing protocol component has already been enabled on this interface.  Only one routing protocol component may be  enabled on an interface at any time.,
50016,0,,,,,,Windows Server 2022,21H2,Standard,2022/10/18,20348.1129,Another routing protocol component has already been enabled on this interface.  Only one routing protocol component may be  enabled on an interface at any time.,
50016,0,,,,,,Windows Server 2022,21H2,Standard,2022/09/20,20348.1006,Another routing protocol component has already been enabled on this interface.  Only one routing protocol component may be  enabled on an interface at any time.,
50016,0,,,,,,Windows 10,22H2,Pro,2023/03/21,19045.2728,Another routing protocol component has already been enabled on this interface.  Only one routing protocol component may be  enabled on an interface at any time.,
50016,0,,,,,,Windows 10,22H2,Pro,2023/02/21,19045.2604,Another routing protocol component has already been enabled on this interface.  Only one routing protocol component may be  enabled on an interface at any time.,
50016,0,,,,,,Windows 10,22H2,Pro,2023/01/17,19045.2486,Another routing protocol component has already been enabled on this interface.  Only one routing protocol component may be  enabled on an interface at any time.,
50016,0,,,,,,Windows 10,22H2,Pro,2022/12/20,19045.2364,Another routing protocol component has already been enabled on this interface.  Only one routing protocol component may be  enabled on an interface at any time.,
50016,0,,,,,,Windows 10,22H2,Pro,2022/11/15,19045.2251,Another routing protocol component has already been enabled on this interface.  Only one routing protocol component may be  enabled on an interface at any time.,
50016,0,,,,,,Windows 10,21H2,Pro,2023/03/21,19044.2728,Another routing protocol component has already been enabled on this interface.  Only one routing protocol component may be  enabled on an interface at any time.,
50016,0,,,,,,Windows 10,21H2,Pro,2023/02/21,19044.2604,Another routing protocol component has already been enabled on this interface.  Only one routing protocol component may be  enabled on an interface at any time.,
50016,0,,,,,,Windows 10,21H2,Pro,2023/01/17,19044.2486,Another routing protocol component has already been enabled on this interface.  Only one routing protocol component may be  enabled on an interface at any time.,
50016,0,,,,,,Windows 10,21H2,Pro,2022/12/20,19044.2364,Another routing protocol component has already been enabled on this interface.  Only one routing protocol component may be  enabled on an interface at any time.,
50016,0,,,,,,Windows 10,21H2,Pro,2022/11/15,19044.2251,Another routing protocol component has already been enabled on this interface.  Only one routing protocol component may be  enabled on an interface at any time.,
50016,0,,,,,,Windows 10,21H2,Pro,2022/10/18,19044.213,Another routing protocol component has already been enabled on this interface.  Only one routing protocol component may be  enabled on an interface at any time.,
50016,0,,,,,,Windows 10,21H2,Pro,2022/09/20,19044.2006,Another routing protocol component has already been enabled on this interface.  Only one routing protocol component may be  enabled on an interface at any time.,
50016,0,,,,,,Windows 10,21H2,Pro,2022/08/16,19044.1889,Another routing protocol component has already been enabled on this interface.  Only one routing protocol component may be  enabled on an interface at any time.,
50016,0,,,,,,Windows 10,21H2,Pro,2022/07/19,19044.1826,Another routing protocol component has already been enabled on this interface.  Only one routing protocol component may be  enabled on an interface at any time.,
50016,0,,,,,,Windows 10,21H2,Pro,2022/06/21,19044.1766,Another routing protocol component has already been enabled on this interface.  Only one routing protocol component may be  enabled on an interface at any time.,
50016,0,,,,,,Windows 10,21H2,Pro,2022/05/17,19044.1706,Another routing protocol component has already been enabled on this interface.  Only one routing protocol component may be  enabled on an interface at any time.,
50016,0,,,,,,Windows 10,21H2,Pro,2022/04/19,19044.1645,Another routing protocol component has already been enabled on this interface.  Only one routing protocol component may be  enabled on an interface at any time.,
50016,0,,,,,,Windows 10,21H2,Pro,2022/01/11,19044.1466,Another routing protocol component has already been enabled on this interface.  Only one routing protocol component may be  enabled on an interface at any time.,
50016,0,,,,,,Windows 10,21H2,Pro,2021/10/12,19044.1288,Another routing protocol component has already been enabled on this interface.  Only one routing protocol component may be  enabled on an interface at any time.,
50016,0,,,,,,Windows 10,21H1,Pro,2021/04/13,19043.928,Another routing protocol component has already been enabled on this interface.  Only one routing protocol component may be  enabled on an interface at any time.,
50016,0,,,,,,Windows 10,21H1,Pro,2022/12/20,19043.2364,Another routing protocol component has already been enabled on this interface.  Only one routing protocol component may be  enabled on an interface at any time.,
50016,0,,,,,,Windows 10,21H1,Pro,2022/11/15,19043.2251,Another routing protocol component has already been enabled on this interface.  Only one routing protocol component may be  enabled on an interface at any time.,
50016,0,,,,,,Windows 10,21H1,Pro,2022/10/18,19043.213,Another routing protocol component has already been enabled on this interface.  Only one routing protocol component may be  enabled on an interface at any time.,
50016,0,,,,,,Windows 10,21H1,Pro,2022/09/20,19043.2006,Another routing protocol component has already been enabled on this interface.  Only one routing protocol component may be  enabled on an interface at any time.,
50016,0,,,,,,Windows 10,21H1,Pro,2022/08/16,19043.1889,Another routing protocol component has already been enabled on this interface.  Only one routing protocol component may be  enabled on an interface at any time.,
50016,0,,,,,,Windows 10,21H1,Pro,2022/07/19,19043.1826,Another routing protocol component has already been enabled on this interface.  Only one routing protocol component may be  enabled on an interface at any time.,
50016,0,,,,,,Windows 10,21H1,Pro,2022/06/21,19043.1766,Another routing protocol component has already been enabled on this interface.  Only one routing protocol component may be  enabled on an interface at any time.,
50016,0,,,,,,Windows 10,21H1,Pro,2022/05/17,19043.1706,Another routing protocol component has already been enabled on this interface.  Only one routing protocol component may be  enabled on an interface at any time.,
50016,0,,,,,,Windows 10,21H1,Pro,2022/04/19,19043.1645,Another routing protocol component has already been enabled on this interface.  Only one routing protocol component may be  enabled on an interface at any time.,
50016,0,,,,,,Windows 10,21H1,Pro,2022/01/11,19043.1466,Another routing protocol component has already been enabled on this interface.  Only one routing protocol component may be  enabled on an interface at any time.,
50016,0,,,,,,Windows 10,21H1,Pro,2021/12/14,19043.1415,Another routing protocol component has already been enabled on this interface.  Only one routing protocol component may be  enabled on an interface at any time.,
50016,0,,,,,,Windows 10,21H2,Pro,2021/12/14,19043.1415,Another routing protocol component has already been enabled on this interface.  Only one routing protocol component may be  enabled on an interface at any time.,
50016,0,,,,,,Windows 10,21H1,Pro,2021/11/09,19043.1348,Another routing protocol component has already been enabled on this interface.  Only one routing protocol component may be  enabled on an interface at any time.,
50016,0,,,,,,Windows 10,21H1,Pro,2021/10/12,19043.1288,Another routing protocol component has already been enabled on this interface.  Only one routing protocol component may be  enabled on an interface at any time.,
50016,0,,,,,,Windows 10,21H1,Pro,2021/09/14,19043.1237,Another routing protocol component has already been enabled on this interface.  Only one routing protocol component may be  enabled on an interface at any time.,
50016,0,,,,,,Windows 10,21H1,Pro,2021/08/10,19043.1165,Another routing protocol component has already been enabled on this interface.  Only one routing protocol component may be  enabled on an interface at any time.,
50016,0,,,,,,Windows 10,21H1,Pro,2021/07/13,19043.111,Another routing protocol component has already been enabled on this interface.  Only one routing protocol component may be  enabled on an interface at any time.,
50016,0,,,,,,Windows 10,21H1,Pro,2021/06/08,19043.1052,Another routing protocol component has already been enabled on this interface.  Only one routing protocol component may be  enabled on an interface at any time.,
50016,0,,,,,,Windows 10,20H2,Pro,2022/04/19,19042.1645,Another routing protocol component has already been enabled on this interface.  Only one routing protocol component may be  enabled on an interface at any time.,
50016,0,,,,,,Windows 10,20H2,Pro,2022/01/11,19042.1466,Another routing protocol component has already been enabled on this interface.  Only one routing protocol component may be  enabled on an interface at any time.,
50016,0,,,,,,Windows 10,2004,Pro,2021/05/11,19041.985,Another routing protocol component has already been enabled on this interface.  Only one routing protocol component may be  enabled on an interface at any time.,
50016,0,,,,,,Windows 10,20H2,Pro,2021/05/11,19041.985,Another routing protocol component has already been enabled on this interface.  Only one routing protocol component may be  enabled on an interface at any time.,
50016,0,,,,,,Windows 10,2004,Pro,2021/04/13,19041.928,Another routing protocol component has already been enabled on this interface.  Only one routing protocol component may be  enabled on an interface at any time.,
50016,0,,,,,,Windows 10,20H2,Pro,2021/04/13,19041.928,Another routing protocol component has already been enabled on this interface.  Only one routing protocol component may be  enabled on an interface at any time.,
50016,0,,,,,,Windows 10,2004,Pro,2021/03/09,19041.867,Another routing protocol component has already been enabled on this interface.  Only one routing protocol component may be  enabled on an interface at any time.,
50016,0,,,,,,Windows 10,20H2,Pro,2021/03/09,19041.867,Another routing protocol component has already been enabled on this interface.  Only one routing protocol component may be  enabled on an interface at any time.,
50016,0,,,,,,Windows 10,2004,Pro,2021/02/09,19041.804,Another routing protocol component has already been enabled on this interface.  Only one routing protocol component may be  enabled on an interface at any time.,
50016,0,,,,,,Windows 10,20H2,Pro,2021/02/09,19041.804,Another routing protocol component has already been enabled on this interface.  Only one routing protocol component may be  enabled on an interface at any time.,
50016,0,,,,,,Windows 10,2004,Pro,2021/01/12,19041.746,Another routing protocol component has already been enabled on this interface.  Only one routing protocol component may be  enabled on an interface at any time.,
50016,0,,,,,,Windows 10,20H2,Pro,2021/01/12,19041.746,Another routing protocol component has already been enabled on this interface.  Only one routing protocol component may be  enabled on an interface at any time.,
50016,0,,,,,,Windows 10,2004,Pro,2020/12/08,19041.685,Another routing protocol component has already been enabled on this interface.  Only one routing protocol component may be  enabled on an interface at any time.,
50016,0,,,,,,Windows 10,20H2,Pro,2020/12/08,19041.685,Another routing protocol component has already been enabled on this interface.  Only one routing protocol component may be  enabled on an interface at any time.,
50016,0,,,,,,Windows 10,20H2,Pro,2020/11/19,19041.631,Another routing protocol component has already been enabled on this interface.  Only one routing protocol component may be  enabled on an interface at any time.,
50016,0,,,,,,Windows 10,2004,Pro,2020/11/10,19041.63,Another routing protocol component has already been enabled on this interface.  Only one routing protocol component may be  enabled on an interface at any time.,
50016,0,,,,,,Windows 10,2004,Pro,2020/10/13,19041.572,Another routing protocol component has already been enabled on this interface.  Only one routing protocol component may be  enabled on an interface at any time.,
50016,0,,,,,,Windows 10,2004,Pro,2020/09/08,19041.508,Another routing protocol component has already been enabled on this interface.  Only one routing protocol component may be  enabled on an interface at any time.,
50016,0,,,,,,Windows 10,2004,Pro,2020/08/11,19041.45,Another routing protocol component has already been enabled on this interface.  Only one routing protocol component may be  enabled on an interface at any time.,
50016,0,,,,,,Windows 10,2004,Pro,2020/07/14,19041.388,Another routing protocol component has already been enabled on this interface.  Only one routing protocol component may be  enabled on an interface at any time.,
50016,0,,,,,,Windows 10,2004,Pro,2020/06/09,19041.329,Another routing protocol component has already been enabled on this interface.  Only one routing protocol component may be  enabled on an interface at any time.,
50016,0,,,,,,Windows 10,2004,Pro,2020/05/27,19041.264,Another routing protocol component has already been enabled on this interface.  Only one routing protocol component may be  enabled on an interface at any time.,
50016,0,,,,,,Windows 10,2004,Pro,2020/04/16,19041.208,Another routing protocol component has already been enabled on this interface.  Only one routing protocol component may be  enabled on an interface at any time.,
50016,0,,,,,,Windows 10,21H1,Pro,2022/03/15,19041.1586,Another routing protocol component has already been enabled on this interface.  Only one routing protocol component may be  enabled on an interface at any time.,
50016,0,,,,,,Windows 10,20H2,Pro,2022/03/15,19041.1586,Another routing protocol component has already been enabled on this interface.  Only one routing protocol component may be  enabled on an interface at any time.,
50016,0,,,,,,Windows 10,21H2,Pro,2022/03/15,19041.1586,Another routing protocol component has already been enabled on this interface.  Only one routing protocol component may be  enabled on an interface at any time.,
50016,0,,,,,,Windows 10,21H1,Pro,2022/02/15,19041.1526,Another routing protocol component has already been enabled on this interface.  Only one routing protocol component may be  enabled on an interface at any time.,
50016,0,,,,,,Windows 10,20H2,Pro,2022/02/15,19041.1526,Another routing protocol component has already been enabled on this interface.  Only one routing protocol component may be  enabled on an interface at any time.,
50016,0,,,,,,Windows 10,21H2,Pro,2022/02/15,19041.1526,Another routing protocol component has already been enabled on this interface.  Only one routing protocol component may be  enabled on an interface at any time.,
50016,0,,,,,,Windows 10,20H2,Pro,2021/12/14,19041.1415,Another routing protocol component has already been enabled on this interface.  Only one routing protocol component may be  enabled on an interface at any time.,
50016,0,,,,,,Windows 10,2004,Pro,2021/11/09,19041.1348,Another routing protocol component has already been enabled on this interface.  Only one routing protocol component may be  enabled on an interface at any time.,
50016,0,,,,,,Windows 10,20H2,Pro,2021/11/09,19041.1348,Another routing protocol component has already been enabled on this interface.  Only one routing protocol component may be  enabled on an interface at any time.,
50016,0,,,,,,Windows 10,2004,Pro,2021/10/12,19041.1288,Another routing protocol component has already been enabled on this interface.  Only one routing protocol component may be  enabled on an interface at any time.,
50016,0,,,,,,Windows 10,20H2,Pro,2021/10/12,19041.1288,Another routing protocol component has already been enabled on this interface.  Only one routing protocol component may be  enabled on an interface at any time.,
50016,0,,,,,,Windows 10,2004,Pro,2021/09/14,19041.1237,Another routing protocol component has already been enabled on this interface.  Only one routing protocol component may be  enabled on an interface at any time.,
50016,0,,,,,,Windows 10,20H2,Pro,2021/09/14,19041.1237,Another routing protocol component has already been enabled on this interface.  Only one routing protocol component may be  enabled on an interface at any time.,
50016,0,,,,,,Windows 10,2004,Pro,2021/08/10,19041.1165,Another routing protocol component has already been enabled on this interface.  Only one routing protocol component may be  enabled on an interface at any time.,
50016,0,,,,,,Windows 10,20H2,Pro,2021/08/10,19041.1165,Another routing protocol component has already been enabled on this interface.  Only one routing protocol component may be  enabled on an interface at any time.,
50016,0,,,,,,Windows 10,2004,Pro,2021/07/13,19041.111,Another routing protocol component has already been enabled on this interface.  Only one routing protocol component may be  enabled on an interface at any time.,
50016,0,,,,,,Windows 10,20H2,Pro,2021/07/13,19041.111,Another routing protocol component has already been enabled on this interface.  Only one routing protocol component may be  enabled on an interface at any time.,
50016,0,,,,,,Windows 10,2004,Pro,2021/06/08,19041.1052,Another routing protocol component has already been enabled on this interface.  Only one routing protocol component may be  enabled on an interface at any time.,
50016,0,,,,,,Windows 10,20H2,Pro,2021/06/08,19041.1052,Another routing protocol component has already been enabled on this interface.  Only one routing protocol component may be  enabled on an interface at any time.,
50016,0,,,,,,Windows 10,1909,Pro,2020/07/14,18363.959,Another routing protocol component has already been enabled on this interface.  Only one routing protocol component may be  enabled on an interface at any time.,
50016,0,,,,,,Windows 10,1909,Pro,2020/06/09,18363.9,Another routing protocol component has already been enabled on this interface.  Only one routing protocol component may be  enabled on an interface at any time.,
50016,0,,,,,,Windows 10,1909,Pro,2020/05/12,18363.836,Another routing protocol component has already been enabled on this interface.  Only one routing protocol component may be  enabled on an interface at any time.,
50016,0,,,,,,Windows 10,1909,Pro,2020/04/14,18363.778,Another routing protocol component has already been enabled on this interface.  Only one routing protocol component may be  enabled on an interface at any time.,
50016,0,,,,,,Windows 10,1909,Pro,2020/03/12,18363.72,Another routing protocol component has already been enabled on this interface.  Only one routing protocol component may be  enabled on an interface at any time.,
50016,0,,,,,,Windows 10,1909,Pro,2020/02/11,18363.657,Another routing protocol component has already been enabled on this interface.  Only one routing protocol component may be  enabled on an interface at any time.,
50016,0,,,,,,Windows 10,1909,Pro,2020/01/14,18363.592,Another routing protocol component has already been enabled on this interface.  Only one routing protocol component may be  enabled on an interface at any time.,
50016,0,,,,,,Windows 10,1909,Pro,2019/12/10,18363.535,Another routing protocol component has already been enabled on this interface.  Only one routing protocol component may be  enabled on an interface at any time.,
50016,0,,,,,,Windows 10,1909,Pro,2019/10/05,18363.418,Another routing protocol component has already been enabled on this interface.  Only one routing protocol component may be  enabled on an interface at any time.,
50016,0,,,,,,Windows 10,1909,Pro,2021/06/08,18363.1621,Another routing protocol component has already been enabled on this interface.  Only one routing protocol component may be  enabled on an interface at any time.,
50016,0,,,,,,Windows 10,1909,Pro,2021/05/11,18363.1556,Another routing protocol component has already been enabled on this interface.  Only one routing protocol component may be  enabled on an interface at any time.,
50016,0,,,,,,Windows 10,1909,Pro,2021/04/13,18363.15,Another routing protocol component has already been enabled on this interface.  Only one routing protocol component may be  enabled on an interface at any time.,
50016,0,,,,,,Windows 10,1909,Pro,2021/03/09,18363.144,Another routing protocol component has already been enabled on this interface.  Only one routing protocol component may be  enabled on an interface at any time.,
50016,0,,,,,,Windows 10,1909,Pro,2021/02/11,18363.1379,Another routing protocol component has already been enabled on this interface.  Only one routing protocol component may be  enabled on an interface at any time.,
50016,0,,,,,,Windows 10,1909,Pro,2021/01/12,18363.1316,Another routing protocol component has already been enabled on this interface.  Only one routing protocol component may be  enabled on an interface at any time.,
50016,0,,,,,,Windows 10,1909,Pro,2020/12/08,18363.1256,Another routing protocol component has already been enabled on this interface.  Only one routing protocol component may be  enabled on an interface at any time.,
50016,0,,,,,,Windows 10,1909,Pro,2020/11/10,18363.1198,Another routing protocol component has already been enabled on this interface.  Only one routing protocol component may be  enabled on an interface at any time.,
50016,0,,,,,,Windows 10,1909,Pro,2020/10/13,18363.1139,Another routing protocol component has already been enabled on this interface.  Only one routing protocol component may be  enabled on an interface at any time.,
50016,0,,,,,,Windows 10,1909,Pro,2020/09/08,18363.1082,Another routing protocol component has already been enabled on this interface.  Only one routing protocol component may be  enabled on an interface at any time.,
50016,0,,,,,,Windows 10,1909,Pro,2020/08/11,18363.1016,Another routing protocol component has already been enabled on this interface.  Only one routing protocol component may be  enabled on an interface at any time.,
50016,0,,,,,,Windows 10,1903,Pro,2020/07/14,18362.959,Another routing protocol component has already been enabled on this interface.  Only one routing protocol component may be  enabled on an interface at any time.,
50016,0,,,,,,Windows 10,1903,Pro,2020/05/12,18362.836,Another routing protocol component has already been enabled on this interface.  Only one routing protocol component may be  enabled on an interface at any time.,
50016,0,,,,,,Windows 10,1903,Pro,2020/03/12,18362.72,Another routing protocol component has already been enabled on this interface.  Only one routing protocol component may be  enabled on an interface at any time.,
50016,0,,,,,,Windows 10,1903,Pro,2020/02/11,18362.657,Another routing protocol component has already been enabled on this interface.  Only one routing protocol component may be  enabled on an interface at any time.,
50016,0,,,,,,Windows 10,1903,Pro,2019/12/10,18362.535,Another routing protocol component has already been enabled on this interface.  Only one routing protocol component may be  enabled on an interface at any time.,
50016,0,,,,,,Windows 10,1903,Pro,2019/11/12,18362.476,Another routing protocol component has already been enabled on this interface.  Only one routing protocol component may be  enabled on an interface at any time.,
50016,0,,,,,,Windows 10,1903,Pro,2019/09/10,18362.356,Another routing protocol component has already been enabled on this interface.  Only one routing protocol component may be  enabled on an interface at any time.,
50016,0,,,,,,Windows 10,1903,Pro,2019/03/29,18362.3,Another routing protocol component has already been enabled on this interface.  Only one routing protocol component may be  enabled on an interface at any time.,
50016,0,,,,,,Windows 10,1903,Pro,2019/07/09,18362.239,Another routing protocol component has already been enabled on this interface.  Only one routing protocol component may be  enabled on an interface at any time.,
50016,0,,,,,,Windows 10,1903,Pro,2019/06/11,18362.175,Another routing protocol component has already been enabled on this interface.  Only one routing protocol component may be  enabled on an interface at any time.,
50016,0,,,,,,Windows 10,1903,Pro,2020/12/08,18362.1256,Another routing protocol component has already been enabled on this interface.  Only one routing protocol component may be  enabled on an interface at any time.,
50016,0,,,,,,Windows 10,1903,Pro,2020/11/10,18362.1198,Another routing protocol component has already been enabled on this interface.  Only one routing protocol component may be  enabled on an interface at any time.,
50016,0,,,,,,Windows 10,1903,Pro,2020/10/13,18362.1139,Another routing protocol component has already been enabled on this interface.  Only one routing protocol component may be  enabled on an interface at any time.,
50016,0,,,,,,Windows 10,1903,Pro,2020/09/08,18362.1082,Another routing protocol component has already been enabled on this interface.  Only one routing protocol component may be  enabled on an interface at any time.,
50016,0,,,,,,Windows 10,1903,Pro,2019/12/10,18362.1016,Another routing protocol component has already been enabled on this interface.  Only one routing protocol component may be  enabled on an interface at any time.,
50016,0,,,,,,Windows 10,1809,Pro,2020/01/14,17763.973,Another routing protocol component has already been enabled on this interface.  Only one routing protocol component may be  enabled on an interface at any time.,
50016,0,,,,,,Windows Server 2019,1809,Standard,2020/01/14,17763.973,Another routing protocol component has already been enabled on this interface.  Only one routing protocol component may be  enabled on an interface at any time.,
50016,0,,,,,,Windows 10,1809,Pro,2019/12/10,17763.914,Another routing protocol component has already been enabled on this interface.  Only one routing protocol component may be  enabled on an interface at any time.,
50016,0,,,,,,Windows Server 2019,1809,Standard,2019/12/10,17763.914,Another routing protocol component has already been enabled on this interface.  Only one routing protocol component may be  enabled on an interface at any time.,
50016,0,,,,,,Windows 10,1809,Pro,2019/11/12,17763.864,Another routing protocol component has already been enabled on this interface.  Only one routing protocol component may be  enabled on an interface at any time.,
50016,0,,,,,,Windows Server 2019,1809,Standard,2019/11/12,17763.864,Another routing protocol component has already been enabled on this interface.  Only one routing protocol component may be  enabled on an interface at any time.,
50016,0,,,,,,Windows 10,1809,Pro,2019/10/08,17763.805,Another routing protocol component has already been enabled on this interface.  Only one routing protocol component may be  enabled on an interface at any time.,
50016,0,,,,,,Windows 10,1809,Pro,2019/09/10,17763.737,Another routing protocol component has already been enabled on this interface.  Only one routing protocol component may be  enabled on an interface at any time.,
50016,0,,,,,,Windows Server 2019,1809,Standard,2019/09/10,17763.737,Another routing protocol component has already been enabled on this interface.  Only one routing protocol component may be  enabled on an interface at any time.,
50016,0,,,,,,Windows 10,1809,Pro,2019/08/13,17763.678,Another routing protocol component has already been enabled on this interface.  Only one routing protocol component may be  enabled on an interface at any time.,
50016,0,,,,,,Windows Server 2019,1809,Standard,2019/08/13,17763.678,Another routing protocol component has already been enabled on this interface.  Only one routing protocol component may be  enabled on an interface at any time.,
50016,0,,,,,,Windows 10,1809,Pro,2019/07/09,17763.615,Another routing protocol component has already been enabled on this interface.  Only one routing protocol component may be  enabled on an interface at any time.,
50016,0,,,,,,Windows 10,1809,Pro,2019/06/11,17763.557,Another routing protocol component has already been enabled on this interface.  Only one routing protocol component may be  enabled on an interface at any time.,
50016,0,,,,,,Windows 10,1809,Pro,2019/05/19,17763.504,Another routing protocol component has already been enabled on this interface.  Only one routing protocol component may be  enabled on an interface at any time.,
50016,0,,,,,,Windows 10,1809,Pro,2019/04/09,17763.437,Another routing protocol component has already been enabled on this interface.  Only one routing protocol component may be  enabled on an interface at any time.,
50016,0,,,,,,Windows 10,1809,Pro,2019/03/12,17763.379,Another routing protocol component has already been enabled on this interface.  Only one routing protocol component may be  enabled on an interface at any time.,
50016,0,,,,,,Windows Server 2019,1809,Standard,2019/03/12,17763.379,Another routing protocol component has already been enabled on this interface.  Only one routing protocol component may be  enabled on an interface at any time.,
50016,0,,,,,,Windows Server 2019,1809,Standard,2022/11/15,17763.365,Another routing protocol component has already been enabled on this interface.  Only one routing protocol component may be  enabled on an interface at any time.,
50016,0,,,,,,Windows 10,1809,Pro,2019/02/12,17763.316,Another routing protocol component has already been enabled on this interface.  Only one routing protocol component may be  enabled on an interface at any time.,
50016,0,,,,,,Windows 10,1803,Pro,2019/01/08,17763.253,Another routing protocol component has already been enabled on this interface.  Only one routing protocol component may be  enabled on an interface at any time.,
50016,0,,,,,,Windows Server 2019,1809,Standard,2021/08/10,17763.2114,Another routing protocol component has already been enabled on this interface.  Only one routing protocol component may be  enabled on an interface at any time.,
50016,0,,,,,,Windows Server 2019,1809,Standard,2021/07/13,17763.2061,Another routing protocol component has already been enabled on this interface.  Only one routing protocol component may be  enabled on an interface at any time.,
50016,0,,,,,,Windows Server 2019,1809,Standard,2021/06/08,17763.1999,Another routing protocol component has already been enabled on this interface.  Only one routing protocol component may be  enabled on an interface at any time.,
50016,0,,,,,,Windows 10,1809,Pro,2018/12/11,17763.194,Another routing protocol component has already been enabled on this interface.  Only one routing protocol component may be  enabled on an interface at any time.,
50016,0,,,,,,Windows Server 2019,1809,Standard,2021/05/11,17763.1935,Another routing protocol component has already been enabled on this interface.  Only one routing protocol component may be  enabled on an interface at any time.,
50016,0,,,,,,Windows Server 2019,1809,Standard,2021/04/13,17763.1879,Another routing protocol component has already been enabled on this interface.  Only one routing protocol component may be  enabled on an interface at any time.,
50016,0,,,,,,Windows Server 2019,1809,Standard,2021/03/09,17763.1817,Another routing protocol component has already been enabled on this interface.  Only one routing protocol component may be  enabled on an interface at any time.,
50016,0,,,,,,Windows Server 2019,1809,Standard,2021/02/09,17763.1757,Another routing protocol component has already been enabled on this interface.  Only one routing protocol component may be  enabled on an interface at any time.,
50016,0,,,,,,Windows Server 2019,1809,Standard,2021/01/12,17763.1697,Another routing protocol component has already been enabled on this interface.  Only one routing protocol component may be  enabled on an interface at any time.,
50016,0,,,,,,Windows Server 2019,1809,Standard,2020/12/08,17763.1637,Another routing protocol component has already been enabled on this interface.  Only one routing protocol component may be  enabled on an interface at any time.,
50016,0,,,,,,Windows 10,1809,Pro,2020/11/10,17763.1577,Another routing protocol component has already been enabled on this interface.  Only one routing protocol component may be  enabled on an interface at any time.,
50016,0,,,,,,Windows Server 2019,1809,Standard,2020/11/10,17763.1577,Another routing protocol component has already been enabled on this interface.  Only one routing protocol component may be  enabled on an interface at any time.,
50016,0,,,,,,Windows 10,1809,Pro,2020/10/13,17763.1518,Another routing protocol component has already been enabled on this interface.  Only one routing protocol component may be  enabled on an interface at any time.,
50016,0,,,,,,Windows Server 2019,1809,Standard,2020/10/13,17763.1518,Another routing protocol component has already been enabled on this interface.  Only one routing protocol component may be  enabled on an interface at any time.,
50016,0,,,,,,Windows 10,1809,Pro,2020/09/08,17763.1457,Another routing protocol component has already been enabled on this interface.  Only one routing protocol component may be  enabled on an interface at any time.,
50016,0,,,,,,Windows Server 2019,1809,Standard,2020/09/10,17763.1457,Another routing protocol component has already been enabled on this interface.  Only one routing protocol component may be  enabled on an interface at any time.,
50016,0,,,,,,Windows 10,1809,Pro,2020/08/11,17763.1397,Another routing protocol component has already been enabled on this interface.  Only one routing protocol component may be  enabled on an interface at any time.,
50016,0,,,,,,Windows Server 2019,1809,Standard,2020/08/11,17763.1397,Another routing protocol component has already been enabled on this interface.  Only one routing protocol component may be  enabled on an interface at any time.,
50016,0,,,,,,Windows 10,1809,Pro,2020/07/14,17763.1339,Another routing protocol component has already been enabled on this interface.  Only one routing protocol component may be  enabled on an interface at any time.,
50016,0,,,,,,Windows Server 2019,1809,Standard,2020/07/14,17763.1339,Another routing protocol component has already been enabled on this interface.  Only one routing protocol component may be  enabled on an interface at any time.,
50016,0,,,,,,Windows 10,1809,Pro,2020/06/09,17763.1282,Another routing protocol component has already been enabled on this interface.  Only one routing protocol component may be  enabled on an interface at any time.,
50016,0,,,,,,Windows Server 2019,1809,Standard,2020/06/09,17763.1282,Another routing protocol component has already been enabled on this interface.  Only one routing protocol component may be  enabled on an interface at any time.,
50016,0,,,,,,Windows 10,1809,Pro,2020/05/12,17763.1217,Another routing protocol component has already been enabled on this interface.  Only one routing protocol component may be  enabled on an interface at any time.,
50016,0,,,,,,Windows Server 2019,1809,Standard,2020/05/12,17763.1217,Another routing protocol component has already been enabled on this interface.  Only one routing protocol component may be  enabled on an interface at any time.,
50016,0,,,,,,Windows 10,1809,Pro,2020/04/14,17763.1158,Another routing protocol component has already been enabled on this interface.  Only one routing protocol component may be  enabled on an interface at any time.,
50016,0,,,,,,Windows Server 2019,1809,Standard,2020/04/14,17763.1158,Another routing protocol component has already been enabled on this interface.  Only one routing protocol component may be  enabled on an interface at any time.,
50016,0,,,,,,Windows 10,1809,Pro,2020/03/12,17763.1098,Another routing protocol component has already been enabled on this interface.  Only one routing protocol component may be  enabled on an interface at any time.,
50016,0,,,,,,Windows Server 2019,1809,Standard,2020/03/10,17763.1098,Another routing protocol component has already been enabled on this interface.  Only one routing protocol component may be  enabled on an interface at any time.,
50016,0,,,,,,Windows 10,1809,Pro,2018/11/13,17763.107,Another routing protocol component has already been enabled on this interface.  Only one routing protocol component may be  enabled on an interface at any time.,
50016,0,,,,,,Windows Server 2019,1809,Standard,2018/11/13,17763.107,Another routing protocol component has already been enabled on this interface.  Only one routing protocol component may be  enabled on an interface at any time.,
50016,0,,,,,,Windows 10,1809,Pro,2020/02/11,17763.1039,Another routing protocol component has already been enabled on this interface.  Only one routing protocol component may be  enabled on an interface at any time.,
50016,0,,,,,,Windows Server 2019,1809,Standard,2020/02/11,17763.1039,Another routing protocol component has already been enabled on this interface.  Only one routing protocol component may be  enabled on an interface at any time.,
50016,0,,,,,,Windows 10,1803,Pro,2019/08/13,17134.95,Another routing protocol component has already been enabled on this interface.  Only one routing protocol component may be  enabled on an interface at any time.,
50016,0,,,,,,Windows 10,1803,Pro,2019/07/09,17134.885,Another routing protocol component has already been enabled on this interface.  Only one routing protocol component may be  enabled on an interface at any time.,
50016,0,,,,,,Windows 10,1803,Pro,2019/06/11,17134.829,Another routing protocol component has already been enabled on this interface.  Only one routing protocol component may be  enabled on an interface at any time.,
50016,0,,,,,,Windows 10,1803,Pro,2019/05/19,17134.766,Another routing protocol component has already been enabled on this interface.  Only one routing protocol component may be  enabled on an interface at any time.,
50016,0,,,,,,Windows 10,1803,Pro,2019/04/09,17134.706,Another routing protocol component has already been enabled on this interface.  Only one routing protocol component may be  enabled on an interface at any time.,
50016,0,,,,,,Windows 10,1803,Pro,2019/03/12,17134.648,Another routing protocol component has already been enabled on this interface.  Only one routing protocol component may be  enabled on an interface at any time.,
50016,0,,,,,,Windows 10,1803,Pro,2019/01/08,17134.523,Another routing protocol component has already been enabled on this interface.  Only one routing protocol component may be  enabled on an interface at any time.,
50016,0,,,,,,Windows 10,1803,Pro,2018/09/11,17134.285,Another routing protocol component has already been enabled on this interface.  Only one routing protocol component may be  enabled on an interface at any time.,
50016,0,,,,,,Windows 10,1803,Pro,2018/08/14,17134.228,Another routing protocol component has already been enabled on this interface.  Only one routing protocol component may be  enabled on an interface at any time.,
50016,0,,,,,,Windows 10,1803,Pro,2018/06/12,17134.112,Another routing protocol component has already been enabled on this interface.  Only one routing protocol component may be  enabled on an interface at any time.,
50016,0,,,,,,Windows 10,1803,Pro,2019/09/10,17134.1006,Another routing protocol component has already been enabled on this interface.  Only one routing protocol component may be  enabled on an interface at any time.,
50016,0,,,,,,Windows 10,1803,Pro,1970/01/01,17134.1,Another routing protocol component has already been enabled on this interface.  Only one routing protocol component may be  enabled on an interface at any time.,
50016,0,,,,,,Windows 10,1709,Pro,2017/11/14,16299.64,Another routing protocol component has already been enabled on this interface.  Only one routing protocol component may be  enabled on an interface at any time.,
50016,0,,,,,,Windows 10,1709,Pro,2017/11/14,16299.15,Another routing protocol component has already been enabled on this interface.  Only one routing protocol component may be  enabled on an interface at any time.,
50016,0,,,,,,Windows 10,1709,Pro,2017/12/12,16299.125,Another routing protocol component has already been enabled on this interface.  Only one routing protocol component may be  enabled on an interface at any time.,
50016,0,,,,,,Windows 10,1703,Pro,2017/07/11,15063.483,Another routing protocol component has already been enabled on this interface.  Only one routing protocol component may be  enabled on an interface at any time.,
50016,0,,,,,,Windows 10,1703,Pro,2017/06/13,15063.413,Another routing protocol component has already been enabled on this interface.  Only one routing protocol component may be  enabled on an interface at any time.,
50016,0,,,,,,Windows 10,1703,Pro,2017/03/20,15063.0,Another routing protocol component has already been enabled on this interface.  Only one routing protocol component may be  enabled on an interface at any time.,
50016,0,,,,,,Windows 10,1607,Pro,2016/11/08,14393.447,Another routing protocol component has already been enabled on this interface.  Only one routing protocol component may be  enabled on an interface at any time.,
50016,0,,,,,,Windows Server 2016,1607,Standard,2016/11/08,14393.447,Another routing protocol component has already been enabled on this interface.  Only one routing protocol component may be  enabled on an interface at any time.,
50016,0,,,,,,Windows Server 2016,1607,Standard,2017/11/14,14393.1884,Another routing protocol component has already been enabled on this interface.  Only one routing protocol component may be  enabled on an interface at any time.,
50016,0,,,,,,Windows Server 2016,1607,Standard,2016/10/12,14393.0,Another routing protocol component has already been enabled on this interface.  Only one routing protocol component may be  enabled on an interface at any time.,
50016,0,,,,,,Windows 10,1511,Pro,2016/03/08,10586.164,Another routing protocol component has already been enabled on this interface.  Only one routing protocol component may be  enabled on an interface at any time.,
50016,0,,,,,,Windows 10,1511,Enterprise,2016/02/09,10586.104,Another routing protocol component has already been enabled on this interface.  Only one routing protocol component may be  enabled on an interface at any time.,
50016,0,,,,,,Windows 10,1511,Pro,1970/01/01,10586.0,Another routing protocol component has already been enabled on this interface.  Only one routing protocol component may be  enabled on an interface at any time.,
50016,0,,,,,,Windows 10,1507,Pro,2015/07/29,10240.0,Another routing protocol component has already been enabled on this interface.  Only one routing protocol component may be  enabled on an interface at any time.,
50016,0,,,,,,Windows 8.1,8.1,Pro,1970/01/01,9600.0,Another routing protocol component has already been enabled on this interface.  Only one routing protocol component may be  enabled on an interface at any time.,
50016,0,,,,,,Windows 8,8,Pro,1970/01/01,9200.0,Another routing protocol component has already been enabled on this interface.  Only one routing protocol component may be  enabled on an interface at any time.,
50016,0,,,,,,Windows Server 2008R2,SP1,Standard,2011/02/09,7601.0,Another routing protocol component has already been enabled on this interface.  Only one routing protocol component may be  enabled on an interface at any time.,
50016,0,,,,,,Windows 7,SP1,Ultimate,1970/01/01,7601.0,Another routing protocol component has already been enabled on this interface.  Only one routing protocol component may be  enabled on an interface at any time.,
50016,0,,,,,,Windows Server 2008,SP2,Standard,2009/05/26,6002.0,Another routing protocol component has already been enabled on this interface.  Only one routing protocol component may be  enabled on an interface at any time.,
50017,0,,,,,,Windows 11,24H2,Pro,2024/10/2,26100.1742,IGMP is not enabled on this interface,
50017,0,,,,,,Windows 11,22H2,Pro,2022/12/20,22621.963,IGMP is not enabled on this interface,
50017,0,,,,,,Windows 11,22H2,Pro,2022/11/15,22621.819,IGMP is not enabled on this interface,
50017,0,,,,,,Windows 11,22H2,Pro,2022/10/18,22621.674,IGMP is not enabled on this interface,
50017,0,,,,,,Windows 11,22H2,Pro,2022/09/20,22621.382,IGMP is not enabled on this interface,
50017,0,,,,,,Windows 11,22H2,Pro,2023/03/21,22621.1413,IGMP is not enabled on this interface,
50017,0,,,,,,Windows 11,22H2,Pro,2023/02/21,22621.1265,IGMP is not enabled on this interface,
50017,0,,,,,,Windows 11,22H2,Pro,2023/01/17,22621.1105,IGMP is not enabled on this interface,
50017,0,,,,,,Windows 11,21H2,Pro,2022/09/20,22000.978,IGMP is not enabled on this interface,
50017,0,,,,,,Windows 11,21H2,Pro,2022/08/16,22000.856,IGMP is not enabled on this interface,
50017,0,,,,,,Windows 11,21H2,Pro,2022/07/19,22000.795,IGMP is not enabled on this interface,
50017,0,,,,,,Windows 11,21H2,Pro,2022/06/21,22000.739,IGMP is not enabled on this interface,
50017,0,,,,,,Windows 11,21H2,Pro,2022/05/17,22000.675,IGMP is not enabled on this interface,
50017,0,,,,,,Windows 11,21H2,Pro,2022/04/19,22000.613,IGMP is not enabled on this interface,
50017,0,,,,,,Windows 11,21H2,Pro,2022/03/15,22000.556,IGMP is not enabled on this interface,
50017,0,,,,,,Windows 11,21H2,Pro,2022/02/15,22000.493,IGMP is not enabled on this interface,
50017,0,,,,,,Windows 11,21H2,Pro,2022/01/11,22000.434,IGMP is not enabled on this interface,
50017,0,,,,,,Windows 11,21H2,Pro,2021/12/14,22000.376,IGMP is not enabled on this interface,
50017,0,,,,,,Windows 11,21H2,Pro,2021/11/09,22000.318,IGMP is not enabled on this interface,
50017,0,,,,,,Windows 11,21H2,Pro,2021/09/16,22000.194,IGMP is not enabled on this interface,
50017,0,,,,,,Windows 11,21H2,Pro,2023/03/21,22000.1696,IGMP is not enabled on this interface,
50017,0,,,,,,Windows 11,21H2,Pro,2023/02/21,22000.1574,IGMP is not enabled on this interface,
50017,0,,,,,,Windows 11,21H2,Pro,2023/01/17,22000.1455,IGMP is not enabled on this interface,
50017,0,,,,,,Windows 11,21H2,Pro,2022/12/20,22000.1335,IGMP is not enabled on this interface,
50017,0,,,,,,Windows 11,21H2,Pro,2022/11/15,22000.1219,IGMP is not enabled on this interface,
50017,0,,,,,,Windows 11,21H2,Pro,2022/10/18,22000.1098,IGMP is not enabled on this interface,
50017,0,,,,,,Windows 11,21H2,Pro-Dev,1970/01/01,21996.1,IGMP is not enabled on this interface,
50017,0,,,,,,Windows Server 2022,21H2,Standard,2022/08/16,20348.887,IGMP is not enabled on this interface,
50017,0,,,,,,Windows Server 2022,21H2,Standard,2022/07/19,20348.825,IGMP is not enabled on this interface,
50017,0,,,,,,Windows Server 2022,21H2,Standard,2022/06/21,20348.768,IGMP is not enabled on this interface,
50017,0,,,,,,Windows Server 2022,21H2,Standard,2022/05/17,20348.707,IGMP is not enabled on this interface,
50017,0,,,,,,Windows Server 2022,21H2,Standard,2022/04/19,20348.643,IGMP is not enabled on this interface,
50017,0,,,,,,Windows Server 2022,21H2,Standard,2022/02/15,20348.587,IGMP is not enabled on this interface,
50017,0,,,,,,Windows Server 2022,21H2,Standard,2022/02/15,20348.524,IGMP is not enabled on this interface,
50017,0,,,,,,Windows Server 2022,21H2,Standard,2022/01/11,20348.469,IGMP is not enabled on this interface,
50017,0,,,,,,Windows Server 2022,21H2,Standard,2021/12/08,20348.405,IGMP is not enabled on this interface,
50017,0,,,,,,Windows Server 2022,21H2,Standard,2021/11/09,20348.35,IGMP is not enabled on this interface,
50017,0,,,,,,Windows Server 2022,21H2,Standard,2021/10/12,20348.288,IGMP is not enabled on this interface,
50017,0,,,,,,Windows Server 2022,21H2,Standard,2021/09/14,20348.23,IGMP is not enabled on this interface,
50017,0,,,,,,Windows Server 2022,21H2,Standard,2021/08/18,20348.169,IGMP is not enabled on this interface,
50017,0,,,,,,Windows Server 2022,21H2,Standard,2023/03/21,20348.1607,IGMP is not enabled on this interface,
50017,0,,,,,,Windows Server 2022,21H2,Standard,2023/02/21,20348.1547,IGMP is not enabled on this interface,
50017,0,,,,,,Windows Server 2022,21H2,Standard,2023/01/17,20348.1487,IGMP is not enabled on this interface,
50017,0,,,,,,Windows Server 2022,21H2,Standard,2022/12/20,20348.1366,IGMP is not enabled on this interface,
50017,0,,,,,,Windows Server 2022,21H2,Standard,2022/11/15,20348.1249,IGMP is not enabled on this interface,
50017,0,,,,,,Windows Server 2022,21H2,Standard,2022/10/18,20348.1129,IGMP is not enabled on this interface,
50017,0,,,,,,Windows Server 2022,21H2,Standard,2022/09/20,20348.1006,IGMP is not enabled on this interface,
50017,0,,,,,,Windows 10,22H2,Pro,2023/03/21,19045.2728,IGMP is not enabled on this interface,
50017,0,,,,,,Windows 10,22H2,Pro,2023/02/21,19045.2604,IGMP is not enabled on this interface,
50017,0,,,,,,Windows 10,22H2,Pro,2023/01/17,19045.2486,IGMP is not enabled on this interface,
50017,0,,,,,,Windows 10,22H2,Pro,2022/12/20,19045.2364,IGMP is not enabled on this interface,
50017,0,,,,,,Windows 10,22H2,Pro,2022/11/15,19045.2251,IGMP is not enabled on this interface,
50017,0,,,,,,Windows 10,21H2,Pro,2023/03/21,19044.2728,IGMP is not enabled on this interface,
50017,0,,,,,,Windows 10,21H2,Pro,2023/02/21,19044.2604,IGMP is not enabled on this interface,
50017,0,,,,,,Windows 10,21H2,Pro,2023/01/17,19044.2486,IGMP is not enabled on this interface,
50017,0,,,,,,Windows 10,21H2,Pro,2022/12/20,19044.2364,IGMP is not enabled on this interface,
50017,0,,,,,,Windows 10,21H2,Pro,2022/11/15,19044.2251,IGMP is not enabled on this interface,
50017,0,,,,,,Windows 10,21H2,Pro,2022/10/18,19044.213,IGMP is not enabled on this interface,
50017,0,,,,,,Windows 10,21H2,Pro,2022/09/20,19044.2006,IGMP is not enabled on this interface,
50017,0,,,,,,Windows 10,21H2,Pro,2022/08/16,19044.1889,IGMP is not enabled on this interface,
50017,0,,,,,,Windows 10,21H2,Pro,2022/07/19,19044.1826,IGMP is not enabled on this interface,
50017,0,,,,,,Windows 10,21H2,Pro,2022/06/21,19044.1766,IGMP is not enabled on this interface,
50017,0,,,,,,Windows 10,21H2,Pro,2022/05/17,19044.1706,IGMP is not enabled on this interface,
50017,0,,,,,,Windows 10,21H2,Pro,2022/04/19,19044.1645,IGMP is not enabled on this interface,
50017,0,,,,,,Windows 10,21H2,Pro,2022/01/11,19044.1466,IGMP is not enabled on this interface,
50017,0,,,,,,Windows 10,21H2,Pro,2021/10/12,19044.1288,IGMP is not enabled on this interface,
50017,0,,,,,,Windows 10,21H1,Pro,2021/04/13,19043.928,IGMP is not enabled on this interface,
50017,0,,,,,,Windows 10,21H1,Pro,2022/12/20,19043.2364,IGMP is not enabled on this interface,
50017,0,,,,,,Windows 10,21H1,Pro,2022/11/15,19043.2251,IGMP is not enabled on this interface,
50017,0,,,,,,Windows 10,21H1,Pro,2022/10/18,19043.213,IGMP is not enabled on this interface,
50017,0,,,,,,Windows 10,21H1,Pro,2022/09/20,19043.2006,IGMP is not enabled on this interface,
50017,0,,,,,,Windows 10,21H1,Pro,2022/08/16,19043.1889,IGMP is not enabled on this interface,
50017,0,,,,,,Windows 10,21H1,Pro,2022/07/19,19043.1826,IGMP is not enabled on this interface,
50017,0,,,,,,Windows 10,21H1,Pro,2022/06/21,19043.1766,IGMP is not enabled on this interface,
50017,0,,,,,,Windows 10,21H1,Pro,2022/05/17,19043.1706,IGMP is not enabled on this interface,
50017,0,,,,,,Windows 10,21H1,Pro,2022/04/19,19043.1645,IGMP is not enabled on this interface,
50017,0,,,,,,Windows 10,21H1,Pro,2022/01/11,19043.1466,IGMP is not enabled on this interface,
50017,0,,,,,,Windows 10,21H1,Pro,2021/12/14,19043.1415,IGMP is not enabled on this interface,
50017,0,,,,,,Windows 10,21H2,Pro,2021/12/14,19043.1415,IGMP is not enabled on this interface,
50017,0,,,,,,Windows 10,21H1,Pro,2021/11/09,19043.1348,IGMP is not enabled on this interface,
50017,0,,,,,,Windows 10,21H1,Pro,2021/10/12,19043.1288,IGMP is not enabled on this interface,
50017,0,,,,,,Windows 10,21H1,Pro,2021/09/14,19043.1237,IGMP is not enabled on this interface,
50017,0,,,,,,Windows 10,21H1,Pro,2021/08/10,19043.1165,IGMP is not enabled on this interface,
50017,0,,,,,,Windows 10,21H1,Pro,2021/07/13,19043.111,IGMP is not enabled on this interface,
50017,0,,,,,,Windows 10,21H1,Pro,2021/06/08,19043.1052,IGMP is not enabled on this interface,
50017,0,,,,,,Windows 10,20H2,Pro,2022/04/19,19042.1645,IGMP is not enabled on this interface,
50017,0,,,,,,Windows 10,20H2,Pro,2022/01/11,19042.1466,IGMP is not enabled on this interface,
50017,0,,,,,,Windows 10,2004,Pro,2021/05/11,19041.985,IGMP is not enabled on this interface,
50017,0,,,,,,Windows 10,20H2,Pro,2021/05/11,19041.985,IGMP is not enabled on this interface,
50017,0,,,,,,Windows 10,2004,Pro,2021/04/13,19041.928,IGMP is not enabled on this interface,
50017,0,,,,,,Windows 10,20H2,Pro,2021/04/13,19041.928,IGMP is not enabled on this interface,
50017,0,,,,,,Windows 10,2004,Pro,2021/03/09,19041.867,IGMP is not enabled on this interface,
50017,0,,,,,,Windows 10,20H2,Pro,2021/03/09,19041.867,IGMP is not enabled on this interface,
50017,0,,,,,,Windows 10,2004,Pro,2021/02/09,19041.804,IGMP is not enabled on this interface,
50017,0,,,,,,Windows 10,20H2,Pro,2021/02/09,19041.804,IGMP is not enabled on this interface,
50017,0,,,,,,Windows 10,2004,Pro,2021/01/12,19041.746,IGMP is not enabled on this interface,
50017,0,,,,,,Windows 10,20H2,Pro,2021/01/12,19041.746,IGMP is not enabled on this interface,
50017,0,,,,,,Windows 10,2004,Pro,2020/12/08,19041.685,IGMP is not enabled on this interface,
50017,0,,,,,,Windows 10,20H2,Pro,2020/12/08,19041.685,IGMP is not enabled on this interface,
50017,0,,,,,,Windows 10,20H2,Pro,2020/11/19,19041.631,IGMP is not enabled on this interface,
50017,0,,,,,,Windows 10,2004,Pro,2020/11/10,19041.63,IGMP is not enabled on this interface,
50017,0,,,,,,Windows 10,2004,Pro,2020/10/13,19041.572,IGMP is not enabled on this interface,
50017,0,,,,,,Windows 10,2004,Pro,2020/09/08,19041.508,IGMP is not enabled on this interface,
50017,0,,,,,,Windows 10,2004,Pro,2020/08/11,19041.45,IGMP is not enabled on this interface,
50017,0,,,,,,Windows 10,2004,Pro,2020/07/14,19041.388,IGMP is not enabled on this interface,
50017,0,,,,,,Windows 10,2004,Pro,2020/06/09,19041.329,IGMP is not enabled on this interface,
50017,0,,,,,,Windows 10,2004,Pro,2020/05/27,19041.264,IGMP is not enabled on this interface,
50017,0,,,,,,Windows 10,2004,Pro,2020/04/16,19041.208,IGMP is not enabled on this interface,
50017,0,,,,,,Windows 10,21H1,Pro,2022/03/15,19041.1586,IGMP is not enabled on this interface,
50017,0,,,,,,Windows 10,20H2,Pro,2022/03/15,19041.1586,IGMP is not enabled on this interface,
50017,0,,,,,,Windows 10,21H2,Pro,2022/03/15,19041.1586,IGMP is not enabled on this interface,
50017,0,,,,,,Windows 10,21H1,Pro,2022/02/15,19041.1526,IGMP is not enabled on this interface,
50017,0,,,,,,Windows 10,20H2,Pro,2022/02/15,19041.1526,IGMP is not enabled on this interface,
50017,0,,,,,,Windows 10,21H2,Pro,2022/02/15,19041.1526,IGMP is not enabled on this interface,
50017,0,,,,,,Windows 10,20H2,Pro,2021/12/14,19041.1415,IGMP is not enabled on this interface,
50017,0,,,,,,Windows 10,2004,Pro,2021/11/09,19041.1348,IGMP is not enabled on this interface,
50017,0,,,,,,Windows 10,20H2,Pro,2021/11/09,19041.1348,IGMP is not enabled on this interface,
50017,0,,,,,,Windows 10,2004,Pro,2021/10/12,19041.1288,IGMP is not enabled on this interface,
50017,0,,,,,,Windows 10,20H2,Pro,2021/10/12,19041.1288,IGMP is not enabled on this interface,
50017,0,,,,,,Windows 10,2004,Pro,2021/09/14,19041.1237,IGMP is not enabled on this interface,
50017,0,,,,,,Windows 10,20H2,Pro,2021/09/14,19041.1237,IGMP is not enabled on this interface,
50017,0,,,,,,Windows 10,2004,Pro,2021/08/10,19041.1165,IGMP is not enabled on this interface,
50017,0,,,,,,Windows 10,20H2,Pro,2021/08/10,19041.1165,IGMP is not enabled on this interface,
50017,0,,,,,,Windows 10,2004,Pro,2021/07/13,19041.111,IGMP is not enabled on this interface,
50017,0,,,,,,Windows 10,20H2,Pro,2021/07/13,19041.111,IGMP is not enabled on this interface,
50017,0,,,,,,Windows 10,2004,Pro,2021/06/08,19041.1052,IGMP is not enabled on this interface,
50017,0,,,,,,Windows 10,20H2,Pro,2021/06/08,19041.1052,IGMP is not enabled on this interface,
50017,0,,,,,,Windows 10,1909,Pro,2020/07/14,18363.959,IGMP is not enabled on this interface,
50017,0,,,,,,Windows 10,1909,Pro,2020/06/09,18363.9,IGMP is not enabled on this interface,
50017,0,,,,,,Windows 10,1909,Pro,2020/05/12,18363.836,IGMP is not enabled on this interface,
50017,0,,,,,,Windows 10,1909,Pro,2020/04/14,18363.778,IGMP is not enabled on this interface,
50017,0,,,,,,Windows 10,1909,Pro,2020/03/12,18363.72,IGMP is not enabled on this interface,
50017,0,,,,,,Windows 10,1909,Pro,2020/02/11,18363.657,IGMP is not enabled on this interface,
50017,0,,,,,,Windows 10,1909,Pro,2020/01/14,18363.592,IGMP is not enabled on this interface,
50017,0,,,,,,Windows 10,1909,Pro,2019/12/10,18363.535,IGMP is not enabled on this interface,
50017,0,,,,,,Windows 10,1909,Pro,2019/10/05,18363.418,IGMP is not enabled on this interface,
50017,0,,,,,,Windows 10,1909,Pro,2021/06/08,18363.1621,IGMP is not enabled on this interface,
50017,0,,,,,,Windows 10,1909,Pro,2021/05/11,18363.1556,IGMP is not enabled on this interface,
50017,0,,,,,,Windows 10,1909,Pro,2021/04/13,18363.15,IGMP is not enabled on this interface,
50017,0,,,,,,Windows 10,1909,Pro,2021/03/09,18363.144,IGMP is not enabled on this interface,
50017,0,,,,,,Windows 10,1909,Pro,2021/02/11,18363.1379,IGMP is not enabled on this interface,
50017,0,,,,,,Windows 10,1909,Pro,2021/01/12,18363.1316,IGMP is not enabled on this interface,
50017,0,,,,,,Windows 10,1909,Pro,2020/12/08,18363.1256,IGMP is not enabled on this interface,
50017,0,,,,,,Windows 10,1909,Pro,2020/11/10,18363.1198,IGMP is not enabled on this interface,
50017,0,,,,,,Windows 10,1909,Pro,2020/10/13,18363.1139,IGMP is not enabled on this interface,
50017,0,,,,,,Windows 10,1909,Pro,2020/09/08,18363.1082,IGMP is not enabled on this interface,
50017,0,,,,,,Windows 10,1909,Pro,2020/08/11,18363.1016,IGMP is not enabled on this interface,
50017,0,,,,,,Windows 10,1903,Pro,2020/07/14,18362.959,IGMP is not enabled on this interface,
50017,0,,,,,,Windows 10,1903,Pro,2020/05/12,18362.836,IGMP is not enabled on this interface,
50017,0,,,,,,Windows 10,1903,Pro,2020/03/12,18362.72,IGMP is not enabled on this interface,
50017,0,,,,,,Windows 10,1903,Pro,2020/02/11,18362.657,IGMP is not enabled on this interface,
50017,0,,,,,,Windows 10,1903,Pro,2019/12/10,18362.535,IGMP is not enabled on this interface,
50017,0,,,,,,Windows 10,1903,Pro,2019/11/12,18362.476,IGMP is not enabled on this interface,
50017,0,,,,,,Windows 10,1903,Pro,2019/09/10,18362.356,IGMP is not enabled on this interface,
50017,0,,,,,,Windows 10,1903,Pro,2019/03/29,18362.3,IGMP is not enabled on this interface,
50017,0,,,,,,Windows 10,1903,Pro,2019/07/09,18362.239,IGMP is not enabled on this interface,
50017,0,,,,,,Windows 10,1903,Pro,2019/06/11,18362.175,IGMP is not enabled on this interface,
50017,0,,,,,,Windows 10,1903,Pro,2020/12/08,18362.1256,IGMP is not enabled on this interface,
50017,0,,,,,,Windows 10,1903,Pro,2020/11/10,18362.1198,IGMP is not enabled on this interface,
50017,0,,,,,,Windows 10,1903,Pro,2020/10/13,18362.1139,IGMP is not enabled on this interface,
50017,0,,,,,,Windows 10,1903,Pro,2020/09/08,18362.1082,IGMP is not enabled on this interface,
50017,0,,,,,,Windows 10,1903,Pro,2019/12/10,18362.1016,IGMP is not enabled on this interface,
50017,0,,,,,,Windows 10,1809,Pro,2020/01/14,17763.973,IGMP is not enabled on this interface,
50017,0,,,,,,Windows Server 2019,1809,Standard,2020/01/14,17763.973,IGMP is not enabled on this interface,
50017,0,,,,,,Windows 10,1809,Pro,2019/12/10,17763.914,IGMP is not enabled on this interface,
50017,0,,,,,,Windows Server 2019,1809,Standard,2019/12/10,17763.914,IGMP is not enabled on this interface,
50017,0,,,,,,Windows 10,1809,Pro,2019/11/12,17763.864,IGMP is not enabled on this interface,
50017,0,,,,,,Windows Server 2019,1809,Standard,2019/11/12,17763.864,IGMP is not enabled on this interface,
50017,0,,,,,,Windows 10,1809,Pro,2019/10/08,17763.805,IGMP is not enabled on this interface,
50017,0,,,,,,Windows 10,1809,Pro,2019/09/10,17763.737,IGMP is not enabled on this interface,
50017,0,,,,,,Windows Server 2019,1809,Standard,2019/09/10,17763.737,IGMP is not enabled on this interface,
50017,0,,,,,,Windows 10,1809,Pro,2019/08/13,17763.678,IGMP is not enabled on this interface,
50017,0,,,,,,Windows Server 2019,1809,Standard,2019/08/13,17763.678,IGMP is not enabled on this interface,
50017,0,,,,,,Windows 10,1809,Pro,2019/07/09,17763.615,IGMP is not enabled on this interface,
50017,0,,,,,,Windows 10,1809,Pro,2019/06/11,17763.557,IGMP is not enabled on this interface,
50017,0,,,,,,Windows 10,1809,Pro,2019/05/19,17763.504,IGMP is not enabled on this interface,
50017,0,,,,,,Windows 10,1809,Pro,2019/04/09,17763.437,IGMP is not enabled on this interface,
50017,0,,,,,,Windows 10,1809,Pro,2019/03/12,17763.379,IGMP is not enabled on this interface,
50017,0,,,,,,Windows Server 2019,1809,Standard,2019/03/12,17763.379,IGMP is not enabled on this interface,
50017,0,,,,,,Windows Server 2019,1809,Standard,2022/11/15,17763.365,IGMP is not enabled on this interface,
50017,0,,,,,,Windows 10,1809,Pro,2019/02/12,17763.316,IGMP is not enabled on this interface,
50017,0,,,,,,Windows 10,1803,Pro,2019/01/08,17763.253,IGMP is not enabled on this interface,
50017,0,,,,,,Windows Server 2019,1809,Standard,2021/08/10,17763.2114,IGMP is not enabled on this interface,
50017,0,,,,,,Windows Server 2019,1809,Standard,2021/07/13,17763.2061,IGMP is not enabled on this interface,
50017,0,,,,,,Windows Server 2019,1809,Standard,2021/06/08,17763.1999,IGMP is not enabled on this interface,
50017,0,,,,,,Windows 10,1809,Pro,2018/12/11,17763.194,IGMP is not enabled on this interface,
50017,0,,,,,,Windows Server 2019,1809,Standard,2021/05/11,17763.1935,IGMP is not enabled on this interface,
50017,0,,,,,,Windows Server 2019,1809,Standard,2021/04/13,17763.1879,IGMP is not enabled on this interface,
50017,0,,,,,,Windows Server 2019,1809,Standard,2021/03/09,17763.1817,IGMP is not enabled on this interface,
50017,0,,,,,,Windows Server 2019,1809,Standard,2021/02/09,17763.1757,IGMP is not enabled on this interface,
50017,0,,,,,,Windows Server 2019,1809,Standard,2021/01/12,17763.1697,IGMP is not enabled on this interface,
50017,0,,,,,,Windows Server 2019,1809,Standard,2020/12/08,17763.1637,IGMP is not enabled on this interface,
50017,0,,,,,,Windows 10,1809,Pro,2020/11/10,17763.1577,IGMP is not enabled on this interface,
50017,0,,,,,,Windows Server 2019,1809,Standard,2020/11/10,17763.1577,IGMP is not enabled on this interface,
50017,0,,,,,,Windows 10,1809,Pro,2020/10/13,17763.1518,IGMP is not enabled on this interface,
50017,0,,,,,,Windows Server 2019,1809,Standard,2020/10/13,17763.1518,IGMP is not enabled on this interface,
50017,0,,,,,,Windows 10,1809,Pro,2020/09/08,17763.1457,IGMP is not enabled on this interface,
50017,0,,,,,,Windows Server 2019,1809,Standard,2020/09/10,17763.1457,IGMP is not enabled on this interface,
50017,0,,,,,,Windows 10,1809,Pro,2020/08/11,17763.1397,IGMP is not enabled on this interface,
50017,0,,,,,,Windows Server 2019,1809,Standard,2020/08/11,17763.1397,IGMP is not enabled on this interface,
50017,0,,,,,,Windows 10,1809,Pro,2020/07/14,17763.1339,IGMP is not enabled on this interface,
50017,0,,,,,,Windows Server 2019,1809,Standard,2020/07/14,17763.1339,IGMP is not enabled on this interface,
50017,0,,,,,,Windows 10,1809,Pro,2020/06/09,17763.1282,IGMP is not enabled on this interface,
50017,0,,,,,,Windows Server 2019,1809,Standard,2020/06/09,17763.1282,IGMP is not enabled on this interface,
50017,0,,,,,,Windows 10,1809,Pro,2020/05/12,17763.1217,IGMP is not enabled on this interface,
50017,0,,,,,,Windows Server 2019,1809,Standard,2020/05/12,17763.1217,IGMP is not enabled on this interface,
50017,0,,,,,,Windows 10,1809,Pro,2020/04/14,17763.1158,IGMP is not enabled on this interface,
50017,0,,,,,,Windows Server 2019,1809,Standard,2020/04/14,17763.1158,IGMP is not enabled on this interface,
50017,0,,,,,,Windows 10,1809,Pro,2020/03/12,17763.1098,IGMP is not enabled on this interface,
50017,0,,,,,,Windows Server 2019,1809,Standard,2020/03/10,17763.1098,IGMP is not enabled on this interface,
50017,0,,,,,,Windows 10,1809,Pro,2018/11/13,17763.107,IGMP is not enabled on this interface,
50017,0,,,,,,Windows Server 2019,1809,Standard,2018/11/13,17763.107,IGMP is not enabled on this interface,
50017,0,,,,,,Windows 10,1809,Pro,2020/02/11,17763.1039,IGMP is not enabled on this interface,
50017,0,,,,,,Windows Server 2019,1809,Standard,2020/02/11,17763.1039,IGMP is not enabled on this interface,
50017,0,,,,,,Windows 10,1803,Pro,2019/08/13,17134.95,IGMP is not enabled on this interface,
50017,0,,,,,,Windows 10,1803,Pro,2019/07/09,17134.885,IGMP is not enabled on this interface,
50017,0,,,,,,Windows 10,1803,Pro,2019/06/11,17134.829,IGMP is not enabled on this interface,
50017,0,,,,,,Windows 10,1803,Pro,2019/05/19,17134.766,IGMP is not enabled on this interface,
50017,0,,,,,,Windows 10,1803,Pro,2019/04/09,17134.706,IGMP is not enabled on this interface,
50017,0,,,,,,Windows 10,1803,Pro,2019/03/12,17134.648,IGMP is not enabled on this interface,
50017,0,,,,,,Windows 10,1803,Pro,2019/01/08,17134.523,IGMP is not enabled on this interface,
50017,0,,,,,,Windows 10,1803,Pro,2018/09/11,17134.285,IGMP is not enabled on this interface,
50017,0,,,,,,Windows 10,1803,Pro,2018/08/14,17134.228,IGMP is not enabled on this interface,
50017,0,,,,,,Windows 10,1803,Pro,2018/06/12,17134.112,IGMP is not enabled on this interface,
50017,0,,,,,,Windows 10,1803,Pro,2019/09/10,17134.1006,IGMP is not enabled on this interface,
50017,0,,,,,,Windows 10,1803,Pro,1970/01/01,17134.1,IGMP is not enabled on this interface,
50017,0,,,,,,Windows 10,1709,Pro,2017/11/14,16299.64,IGMP is not enabled on this interface,
50017,0,,,,,,Windows 10,1709,Pro,2017/11/14,16299.15,IGMP is not enabled on this interface,
50017,0,,,,,,Windows 10,1709,Pro,2017/12/12,16299.125,IGMP is not enabled on this interface,
50017,0,,,,,,Windows 10,1703,Pro,2017/07/11,15063.483,IGMP is not enabled on this interface,
50017,0,,,,,,Windows 10,1703,Pro,2017/06/13,15063.413,IGMP is not enabled on this interface,
50017,0,,,,,,Windows 10,1703,Pro,2017/03/20,15063.0,IGMP is not enabled on this interface,
50017,0,,,,,,Windows 10,1607,Pro,2016/11/08,14393.447,IGMP is not enabled on this interface,
50017,0,,,,,,Windows Server 2016,1607,Standard,2016/11/08,14393.447,IGMP is not enabled on this interface,
50017,0,,,,,,Windows Server 2016,1607,Standard,2017/11/14,14393.1884,IGMP is not enabled on this interface,
50017,0,,,,,,Windows Server 2016,1607,Standard,2016/10/12,14393.0,IGMP is not enabled on this interface,
50017,0,,,,,,Windows 10,1511,Pro,2016/03/08,10586.164,IGMP is not enabled on this interface,
50017,0,,,,,,Windows 10,1511,Enterprise,2016/02/09,10586.104,IGMP is not enabled on this interface,
50017,0,,,,,,Windows 10,1511,Pro,1970/01/01,10586.0,IGMP is not enabled on this interface,
50017,0,,,,,,Windows 10,1507,Pro,2015/07/29,10240.0,IGMP is not enabled on this interface,
50017,0,,,,,,Windows 8.1,8.1,Pro,1970/01/01,9600.0,IGMP is not enabled on this interface,
50017,0,,,,,,Windows 8,8,Pro,1970/01/01,9200.0,IGMP is not enabled on this interface,
50017,0,,,,,,Windows Server 2008R2,SP1,Standard,2011/02/09,7601.0,IGMP is not enabled on this interface,
50017,0,,,,,,Windows 7,SP1,Ultimate,1970/01/01,7601.0,IGMP is not enabled on this interface,
50017,0,,,,,,Windows Server 2008,SP2,Standard,2009/05/26,6002.0,IGMP is not enabled on this interface,
50018,0,,,,,,Windows 11,24H2,Pro,2024/10/2,26100.1742,No routing protocol has been enabled on this interface,
50018,0,,,,,,Windows 11,22H2,Pro,2022/12/20,22621.963,No routing protocol has been enabled on this interface,
50018,0,,,,,,Windows 11,22H2,Pro,2022/11/15,22621.819,No routing protocol has been enabled on this interface,
50018,0,,,,,,Windows 11,22H2,Pro,2022/10/18,22621.674,No routing protocol has been enabled on this interface,
50018,0,,,,,,Windows 11,22H2,Pro,2022/09/20,22621.382,No routing protocol has been enabled on this interface,
50018,0,,,,,,Windows 11,22H2,Pro,2023/03/21,22621.1413,No routing protocol has been enabled on this interface,
50018,0,,,,,,Windows 11,22H2,Pro,2023/02/21,22621.1265,No routing protocol has been enabled on this interface,
50018,0,,,,,,Windows 11,22H2,Pro,2023/01/17,22621.1105,No routing protocol has been enabled on this interface,
50018,0,,,,,,Windows 11,21H2,Pro,2022/09/20,22000.978,No routing protocol has been enabled on this interface,
50018,0,,,,,,Windows 11,21H2,Pro,2022/08/16,22000.856,No routing protocol has been enabled on this interface,
50018,0,,,,,,Windows 11,21H2,Pro,2022/07/19,22000.795,No routing protocol has been enabled on this interface,
50018,0,,,,,,Windows 11,21H2,Pro,2022/06/21,22000.739,No routing protocol has been enabled on this interface,
50018,0,,,,,,Windows 11,21H2,Pro,2022/05/17,22000.675,No routing protocol has been enabled on this interface,
50018,0,,,,,,Windows 11,21H2,Pro,2022/04/19,22000.613,No routing protocol has been enabled on this interface,
50018,0,,,,,,Windows 11,21H2,Pro,2022/03/15,22000.556,No routing protocol has been enabled on this interface,
50018,0,,,,,,Windows 11,21H2,Pro,2022/02/15,22000.493,No routing protocol has been enabled on this interface,
50018,0,,,,,,Windows 11,21H2,Pro,2022/01/11,22000.434,No routing protocol has been enabled on this interface,
50018,0,,,,,,Windows 11,21H2,Pro,2021/12/14,22000.376,No routing protocol has been enabled on this interface,
50018,0,,,,,,Windows 11,21H2,Pro,2021/11/09,22000.318,No routing protocol has been enabled on this interface,
50018,0,,,,,,Windows 11,21H2,Pro,2021/09/16,22000.194,No routing protocol has been enabled on this interface,
50018,0,,,,,,Windows 11,21H2,Pro,2023/03/21,22000.1696,No routing protocol has been enabled on this interface,
50018,0,,,,,,Windows 11,21H2,Pro,2023/02/21,22000.1574,No routing protocol has been enabled on this interface,
50018,0,,,,,,Windows 11,21H2,Pro,2023/01/17,22000.1455,No routing protocol has been enabled on this interface,
50018,0,,,,,,Windows 11,21H2,Pro,2022/12/20,22000.1335,No routing protocol has been enabled on this interface,
50018,0,,,,,,Windows 11,21H2,Pro,2022/11/15,22000.1219,No routing protocol has been enabled on this interface,
50018,0,,,,,,Windows 11,21H2,Pro,2022/10/18,22000.1098,No routing protocol has been enabled on this interface,
50018,0,,,,,,Windows 11,21H2,Pro-Dev,1970/01/01,21996.1,No routing protocol has been enabled on this interface,
50018,0,,,,,,Windows Server 2022,21H2,Standard,2022/08/16,20348.887,No routing protocol has been enabled on this interface,
50018,0,,,,,,Windows Server 2022,21H2,Standard,2022/07/19,20348.825,No routing protocol has been enabled on this interface,
50018,0,,,,,,Windows Server 2022,21H2,Standard,2022/06/21,20348.768,No routing protocol has been enabled on this interface,
50018,0,,,,,,Windows Server 2022,21H2,Standard,2022/05/17,20348.707,No routing protocol has been enabled on this interface,
50018,0,,,,,,Windows Server 2022,21H2,Standard,2022/04/19,20348.643,No routing protocol has been enabled on this interface,
50018,0,,,,,,Windows Server 2022,21H2,Standard,2022/02/15,20348.587,No routing protocol has been enabled on this interface,
50018,0,,,,,,Windows Server 2022,21H2,Standard,2022/02/15,20348.524,No routing protocol has been enabled on this interface,
50018,0,,,,,,Windows Server 2022,21H2,Standard,2022/01/11,20348.469,No routing protocol has been enabled on this interface,
50018,0,,,,,,Windows Server 2022,21H2,Standard,2021/12/08,20348.405,No routing protocol has been enabled on this interface,
50018,0,,,,,,Windows Server 2022,21H2,Standard,2021/11/09,20348.35,No routing protocol has been enabled on this interface,
50018,0,,,,,,Windows Server 2022,21H2,Standard,2021/10/12,20348.288,No routing protocol has been enabled on this interface,
50018,0,,,,,,Windows Server 2022,21H2,Standard,2021/09/14,20348.23,No routing protocol has been enabled on this interface,
50018,0,,,,,,Windows Server 2022,21H2,Standard,2021/08/18,20348.169,No routing protocol has been enabled on this interface,
50018,0,,,,,,Windows Server 2022,21H2,Standard,2023/03/21,20348.1607,No routing protocol has been enabled on this interface,
50018,0,,,,,,Windows Server 2022,21H2,Standard,2023/02/21,20348.1547,No routing protocol has been enabled on this interface,
50018,0,,,,,,Windows Server 2022,21H2,Standard,2023/01/17,20348.1487,No routing protocol has been enabled on this interface,
50018,0,,,,,,Windows Server 2022,21H2,Standard,2022/12/20,20348.1366,No routing protocol has been enabled on this interface,
50018,0,,,,,,Windows Server 2022,21H2,Standard,2022/11/15,20348.1249,No routing protocol has been enabled on this interface,
50018,0,,,,,,Windows Server 2022,21H2,Standard,2022/10/18,20348.1129,No routing protocol has been enabled on this interface,
50018,0,,,,,,Windows Server 2022,21H2,Standard,2022/09/20,20348.1006,No routing protocol has been enabled on this interface,
50018,0,,,,,,Windows 10,22H2,Pro,2023/03/21,19045.2728,No routing protocol has been enabled on this interface,
50018,0,,,,,,Windows 10,22H2,Pro,2023/02/21,19045.2604,No routing protocol has been enabled on this interface,
50018,0,,,,,,Windows 10,22H2,Pro,2023/01/17,19045.2486,No routing protocol has been enabled on this interface,
50018,0,,,,,,Windows 10,22H2,Pro,2022/12/20,19045.2364,No routing protocol has been enabled on this interface,
50018,0,,,,,,Windows 10,22H2,Pro,2022/11/15,19045.2251,No routing protocol has been enabled on this interface,
50018,0,,,,,,Windows 10,21H2,Pro,2023/03/21,19044.2728,No routing protocol has been enabled on this interface,
50018,0,,,,,,Windows 10,21H2,Pro,2023/02/21,19044.2604,No routing protocol has been enabled on this interface,
50018,0,,,,,,Windows 10,21H2,Pro,2023/01/17,19044.2486,No routing protocol has been enabled on this interface,
50018,0,,,,,,Windows 10,21H2,Pro,2022/12/20,19044.2364,No routing protocol has been enabled on this interface,
50018,0,,,,,,Windows 10,21H2,Pro,2022/11/15,19044.2251,No routing protocol has been enabled on this interface,
50018,0,,,,,,Windows 10,21H2,Pro,2022/10/18,19044.213,No routing protocol has been enabled on this interface,
50018,0,,,,,,Windows 10,21H2,Pro,2022/09/20,19044.2006,No routing protocol has been enabled on this interface,
50018,0,,,,,,Windows 10,21H2,Pro,2022/08/16,19044.1889,No routing protocol has been enabled on this interface,
50018,0,,,,,,Windows 10,21H2,Pro,2022/07/19,19044.1826,No routing protocol has been enabled on this interface,
50018,0,,,,,,Windows 10,21H2,Pro,2022/06/21,19044.1766,No routing protocol has been enabled on this interface,
50018,0,,,,,,Windows 10,21H2,Pro,2022/05/17,19044.1706,No routing protocol has been enabled on this interface,
50018,0,,,,,,Windows 10,21H2,Pro,2022/04/19,19044.1645,No routing protocol has been enabled on this interface,
50018,0,,,,,,Windows 10,21H2,Pro,2022/01/11,19044.1466,No routing protocol has been enabled on this interface,
50018,0,,,,,,Windows 10,21H2,Pro,2021/10/12,19044.1288,No routing protocol has been enabled on this interface,
50018,0,,,,,,Windows 10,21H1,Pro,2021/04/13,19043.928,No routing protocol has been enabled on this interface,
50018,0,,,,,,Windows 10,21H1,Pro,2022/12/20,19043.2364,No routing protocol has been enabled on this interface,
50018,0,,,,,,Windows 10,21H1,Pro,2022/11/15,19043.2251,No routing protocol has been enabled on this interface,
50018,0,,,,,,Windows 10,21H1,Pro,2022/10/18,19043.213,No routing protocol has been enabled on this interface,
50018,0,,,,,,Windows 10,21H1,Pro,2022/09/20,19043.2006,No routing protocol has been enabled on this interface,
50018,0,,,,,,Windows 10,21H1,Pro,2022/08/16,19043.1889,No routing protocol has been enabled on this interface,
50018,0,,,,,,Windows 10,21H1,Pro,2022/07/19,19043.1826,No routing protocol has been enabled on this interface,
50018,0,,,,,,Windows 10,21H1,Pro,2022/06/21,19043.1766,No routing protocol has been enabled on this interface,
50018,0,,,,,,Windows 10,21H1,Pro,2022/05/17,19043.1706,No routing protocol has been enabled on this interface,
50018,0,,,,,,Windows 10,21H1,Pro,2022/04/19,19043.1645,No routing protocol has been enabled on this interface,
50018,0,,,,,,Windows 10,21H1,Pro,2022/01/11,19043.1466,No routing protocol has been enabled on this interface,
50018,0,,,,,,Windows 10,21H1,Pro,2021/12/14,19043.1415,No routing protocol has been enabled on this interface,
50018,0,,,,,,Windows 10,21H2,Pro,2021/12/14,19043.1415,No routing protocol has been enabled on this interface,
50018,0,,,,,,Windows 10,21H1,Pro,2021/11/09,19043.1348,No routing protocol has been enabled on this interface,
50018,0,,,,,,Windows 10,21H1,Pro,2021/10/12,19043.1288,No routing protocol has been enabled on this interface,
50018,0,,,,,,Windows 10,21H1,Pro,2021/09/14,19043.1237,No routing protocol has been enabled on this interface,
50018,0,,,,,,Windows 10,21H1,Pro,2021/08/10,19043.1165,No routing protocol has been enabled on this interface,
50018,0,,,,,,Windows 10,21H1,Pro,2021/07/13,19043.111,No routing protocol has been enabled on this interface,
50018,0,,,,,,Windows 10,21H1,Pro,2021/06/08,19043.1052,No routing protocol has been enabled on this interface,
50018,0,,,,,,Windows 10,20H2,Pro,2022/04/19,19042.1645,No routing protocol has been enabled on this interface,
50018,0,,,,,,Windows 10,20H2,Pro,2022/01/11,19042.1466,No routing protocol has been enabled on this interface,
50018,0,,,,,,Windows 10,2004,Pro,2021/05/11,19041.985,No routing protocol has been enabled on this interface,
50018,0,,,,,,Windows 10,20H2,Pro,2021/05/11,19041.985,No routing protocol has been enabled on this interface,
50018,0,,,,,,Windows 10,2004,Pro,2021/04/13,19041.928,No routing protocol has been enabled on this interface,
50018,0,,,,,,Windows 10,20H2,Pro,2021/04/13,19041.928,No routing protocol has been enabled on this interface,
50018,0,,,,,,Windows 10,2004,Pro,2021/03/09,19041.867,No routing protocol has been enabled on this interface,
50018,0,,,,,,Windows 10,20H2,Pro,2021/03/09,19041.867,No routing protocol has been enabled on this interface,
50018,0,,,,,,Windows 10,2004,Pro,2021/02/09,19041.804,No routing protocol has been enabled on this interface,
50018,0,,,,,,Windows 10,20H2,Pro,2021/02/09,19041.804,No routing protocol has been enabled on this interface,
50018,0,,,,,,Windows 10,2004,Pro,2021/01/12,19041.746,No routing protocol has been enabled on this interface,
50018,0,,,,,,Windows 10,20H2,Pro,2021/01/12,19041.746,No routing protocol has been enabled on this interface,
50018,0,,,,,,Windows 10,2004,Pro,2020/12/08,19041.685,No routing protocol has been enabled on this interface,
50018,0,,,,,,Windows 10,20H2,Pro,2020/12/08,19041.685,No routing protocol has been enabled on this interface,
50018,0,,,,,,Windows 10,20H2,Pro,2020/11/19,19041.631,No routing protocol has been enabled on this interface,
50018,0,,,,,,Windows 10,2004,Pro,2020/11/10,19041.63,No routing protocol has been enabled on this interface,
50018,0,,,,,,Windows 10,2004,Pro,2020/10/13,19041.572,No routing protocol has been enabled on this interface,
50018,0,,,,,,Windows 10,2004,Pro,2020/09/08,19041.508,No routing protocol has been enabled on this interface,
50018,0,,,,,,Windows 10,2004,Pro,2020/08/11,19041.45,No routing protocol has been enabled on this interface,
50018,0,,,,,,Windows 10,2004,Pro,2020/07/14,19041.388,No routing protocol has been enabled on this interface,
50018,0,,,,,,Windows 10,2004,Pro,2020/06/09,19041.329,No routing protocol has been enabled on this interface,
50018,0,,,,,,Windows 10,2004,Pro,2020/05/27,19041.264,No routing protocol has been enabled on this interface,
50018,0,,,,,,Windows 10,2004,Pro,2020/04/16,19041.208,No routing protocol has been enabled on this interface,
50018,0,,,,,,Windows 10,21H1,Pro,2022/03/15,19041.1586,No routing protocol has been enabled on this interface,
50018,0,,,,,,Windows 10,20H2,Pro,2022/03/15,19041.1586,No routing protocol has been enabled on this interface,
50018,0,,,,,,Windows 10,21H2,Pro,2022/03/15,19041.1586,No routing protocol has been enabled on this interface,
50018,0,,,,,,Windows 10,21H1,Pro,2022/02/15,19041.1526,No routing protocol has been enabled on this interface,
50018,0,,,,,,Windows 10,20H2,Pro,2022/02/15,19041.1526,No routing protocol has been enabled on this interface,
50018,0,,,,,,Windows 10,21H2,Pro,2022/02/15,19041.1526,No routing protocol has been enabled on this interface,
50018,0,,,,,,Windows 10,20H2,Pro,2021/12/14,19041.1415,No routing protocol has been enabled on this interface,
50018,0,,,,,,Windows 10,2004,Pro,2021/11/09,19041.1348,No routing protocol has been enabled on this interface,
50018,0,,,,,,Windows 10,20H2,Pro,2021/11/09,19041.1348,No routing protocol has been enabled on this interface,
50018,0,,,,,,Windows 10,2004,Pro,2021/10/12,19041.1288,No routing protocol has been enabled on this interface,
50018,0,,,,,,Windows 10,20H2,Pro,2021/10/12,19041.1288,No routing protocol has been enabled on this interface,
50018,0,,,,,,Windows 10,2004,Pro,2021/09/14,19041.1237,No routing protocol has been enabled on this interface,
50018,0,,,,,,Windows 10,20H2,Pro,2021/09/14,19041.1237,No routing protocol has been enabled on this interface,
50018,0,,,,,,Windows 10,2004,Pro,2021/08/10,19041.1165,No routing protocol has been enabled on this interface,
50018,0,,,,,,Windows 10,20H2,Pro,2021/08/10,19041.1165,No routing protocol has been enabled on this interface,
50018,0,,,,,,Windows 10,2004,Pro,2021/07/13,19041.111,No routing protocol has been enabled on this interface,
50018,0,,,,,,Windows 10,20H2,Pro,2021/07/13,19041.111,No routing protocol has been enabled on this interface,
50018,0,,,,,,Windows 10,2004,Pro,2021/06/08,19041.1052,No routing protocol has been enabled on this interface,
50018,0,,,,,,Windows 10,20H2,Pro,2021/06/08,19041.1052,No routing protocol has been enabled on this interface,
50018,0,,,,,,Windows 10,1909,Pro,2020/07/14,18363.959,No routing protocol has been enabled on this interface,
50018,0,,,,,,Windows 10,1909,Pro,2020/06/09,18363.9,No routing protocol has been enabled on this interface,
50018,0,,,,,,Windows 10,1909,Pro,2020/05/12,18363.836,No routing protocol has been enabled on this interface,
50018,0,,,,,,Windows 10,1909,Pro,2020/04/14,18363.778,No routing protocol has been enabled on this interface,
50018,0,,,,,,Windows 10,1909,Pro,2020/03/12,18363.72,No routing protocol has been enabled on this interface,
50018,0,,,,,,Windows 10,1909,Pro,2020/02/11,18363.657,No routing protocol has been enabled on this interface,
50018,0,,,,,,Windows 10,1909,Pro,2020/01/14,18363.592,No routing protocol has been enabled on this interface,
50018,0,,,,,,Windows 10,1909,Pro,2019/12/10,18363.535,No routing protocol has been enabled on this interface,
50018,0,,,,,,Windows 10,1909,Pro,2019/10/05,18363.418,No routing protocol has been enabled on this interface,
50018,0,,,,,,Windows 10,1909,Pro,2021/06/08,18363.1621,No routing protocol has been enabled on this interface,
50018,0,,,,,,Windows 10,1909,Pro,2021/05/11,18363.1556,No routing protocol has been enabled on this interface,
50018,0,,,,,,Windows 10,1909,Pro,2021/04/13,18363.15,No routing protocol has been enabled on this interface,
50018,0,,,,,,Windows 10,1909,Pro,2021/03/09,18363.144,No routing protocol has been enabled on this interface,
50018,0,,,,,,Windows 10,1909,Pro,2021/02/11,18363.1379,No routing protocol has been enabled on this interface,
50018,0,,,,,,Windows 10,1909,Pro,2021/01/12,18363.1316,No routing protocol has been enabled on this interface,
50018,0,,,,,,Windows 10,1909,Pro,2020/12/08,18363.1256,No routing protocol has been enabled on this interface,
50018,0,,,,,,Windows 10,1909,Pro,2020/11/10,18363.1198,No routing protocol has been enabled on this interface,
50018,0,,,,,,Windows 10,1909,Pro,2020/10/13,18363.1139,No routing protocol has been enabled on this interface,
50018,0,,,,,,Windows 10,1909,Pro,2020/09/08,18363.1082,No routing protocol has been enabled on this interface,
50018,0,,,,,,Windows 10,1909,Pro,2020/08/11,18363.1016,No routing protocol has been enabled on this interface,
50018,0,,,,,,Windows 10,1903,Pro,2020/07/14,18362.959,No routing protocol has been enabled on this interface,
50018,0,,,,,,Windows 10,1903,Pro,2020/05/12,18362.836,No routing protocol has been enabled on this interface,
50018,0,,,,,,Windows 10,1903,Pro,2020/03/12,18362.72,No routing protocol has been enabled on this interface,
50018,0,,,,,,Windows 10,1903,Pro,2020/02/11,18362.657,No routing protocol has been enabled on this interface,
50018,0,,,,,,Windows 10,1903,Pro,2019/12/10,18362.535,No routing protocol has been enabled on this interface,
50018,0,,,,,,Windows 10,1903,Pro,2019/11/12,18362.476,No routing protocol has been enabled on this interface,
50018,0,,,,,,Windows 10,1903,Pro,2019/09/10,18362.356,No routing protocol has been enabled on this interface,
50018,0,,,,,,Windows 10,1903,Pro,2019/03/29,18362.3,No routing protocol has been enabled on this interface,
50018,0,,,,,,Windows 10,1903,Pro,2019/07/09,18362.239,No routing protocol has been enabled on this interface,
50018,0,,,,,,Windows 10,1903,Pro,2019/06/11,18362.175,No routing protocol has been enabled on this interface,
50018,0,,,,,,Windows 10,1903,Pro,2020/12/08,18362.1256,No routing protocol has been enabled on this interface,
50018,0,,,,,,Windows 10,1903,Pro,2020/11/10,18362.1198,No routing protocol has been enabled on this interface,
50018,0,,,,,,Windows 10,1903,Pro,2020/10/13,18362.1139,No routing protocol has been enabled on this interface,
50018,0,,,,,,Windows 10,1903,Pro,2020/09/08,18362.1082,No routing protocol has been enabled on this interface,
50018,0,,,,,,Windows 10,1903,Pro,2019/12/10,18362.1016,No routing protocol has been enabled on this interface,
50018,0,,,,,,Windows 10,1809,Pro,2020/01/14,17763.973,No routing protocol has been enabled on this interface,
50018,0,,,,,,Windows Server 2019,1809,Standard,2020/01/14,17763.973,No routing protocol has been enabled on this interface,
50018,0,,,,,,Windows 10,1809,Pro,2019/12/10,17763.914,No routing protocol has been enabled on this interface,
50018,0,,,,,,Windows Server 2019,1809,Standard,2019/12/10,17763.914,No routing protocol has been enabled on this interface,
50018,0,,,,,,Windows 10,1809,Pro,2019/11/12,17763.864,No routing protocol has been enabled on this interface,
50018,0,,,,,,Windows Server 2019,1809,Standard,2019/11/12,17763.864,No routing protocol has been enabled on this interface,
50018,0,,,,,,Windows 10,1809,Pro,2019/10/08,17763.805,No routing protocol has been enabled on this interface,
50018,0,,,,,,Windows 10,1809,Pro,2019/09/10,17763.737,No routing protocol has been enabled on this interface,
50018,0,,,,,,Windows Server 2019,1809,Standard,2019/09/10,17763.737,No routing protocol has been enabled on this interface,
50018,0,,,,,,Windows 10,1809,Pro,2019/08/13,17763.678,No routing protocol has been enabled on this interface,
50018,0,,,,,,Windows Server 2019,1809,Standard,2019/08/13,17763.678,No routing protocol has been enabled on this interface,
50018,0,,,,,,Windows 10,1809,Pro,2019/07/09,17763.615,No routing protocol has been enabled on this interface,
50018,0,,,,,,Windows 10,1809,Pro,2019/06/11,17763.557,No routing protocol has been enabled on this interface,
50018,0,,,,,,Windows 10,1809,Pro,2019/05/19,17763.504,No routing protocol has been enabled on this interface,
50018,0,,,,,,Windows 10,1809,Pro,2019/04/09,17763.437,No routing protocol has been enabled on this interface,
50018,0,,,,,,Windows 10,1809,Pro,2019/03/12,17763.379,No routing protocol has been enabled on this interface,
50018,0,,,,,,Windows Server 2019,1809,Standard,2019/03/12,17763.379,No routing protocol has been enabled on this interface,
50018,0,,,,,,Windows Server 2019,1809,Standard,2022/11/15,17763.365,No routing protocol has been enabled on this interface,
50018,0,,,,,,Windows 10,1809,Pro,2019/02/12,17763.316,No routing protocol has been enabled on this interface,
50018,0,,,,,,Windows 10,1803,Pro,2019/01/08,17763.253,No routing protocol has been enabled on this interface,
50018,0,,,,,,Windows Server 2019,1809,Standard,2021/08/10,17763.2114,No routing protocol has been enabled on this interface,
50018,0,,,,,,Windows Server 2019,1809,Standard,2021/07/13,17763.2061,No routing protocol has been enabled on this interface,
50018,0,,,,,,Windows Server 2019,1809,Standard,2021/06/08,17763.1999,No routing protocol has been enabled on this interface,
50018,0,,,,,,Windows 10,1809,Pro,2018/12/11,17763.194,No routing protocol has been enabled on this interface,
50018,0,,,,,,Windows Server 2019,1809,Standard,2021/05/11,17763.1935,No routing protocol has been enabled on this interface,
50018,0,,,,,,Windows Server 2019,1809,Standard,2021/04/13,17763.1879,No routing protocol has been enabled on this interface,
50018,0,,,,,,Windows Server 2019,1809,Standard,2021/03/09,17763.1817,No routing protocol has been enabled on this interface,
50018,0,,,,,,Windows Server 2019,1809,Standard,2021/02/09,17763.1757,No routing protocol has been enabled on this interface,
50018,0,,,,,,Windows Server 2019,1809,Standard,2021/01/12,17763.1697,No routing protocol has been enabled on this interface,
50018,0,,,,,,Windows Server 2019,1809,Standard,2020/12/08,17763.1637,No routing protocol has been enabled on this interface,
50018,0,,,,,,Windows 10,1809,Pro,2020/11/10,17763.1577,No routing protocol has been enabled on this interface,
50018,0,,,,,,Windows Server 2019,1809,Standard,2020/11/10,17763.1577,No routing protocol has been enabled on this interface,
50018,0,,,,,,Windows 10,1809,Pro,2020/10/13,17763.1518,No routing protocol has been enabled on this interface,
50018,0,,,,,,Windows Server 2019,1809,Standard,2020/10/13,17763.1518,No routing protocol has been enabled on this interface,
50018,0,,,,,,Windows 10,1809,Pro,2020/09/08,17763.1457,No routing protocol has been enabled on this interface,
50018,0,,,,,,Windows Server 2019,1809,Standard,2020/09/10,17763.1457,No routing protocol has been enabled on this interface,
50018,0,,,,,,Windows 10,1809,Pro,2020/08/11,17763.1397,No routing protocol has been enabled on this interface,
50018,0,,,,,,Windows Server 2019,1809,Standard,2020/08/11,17763.1397,No routing protocol has been enabled on this interface,
50018,0,,,,,,Windows 10,1809,Pro,2020/07/14,17763.1339,No routing protocol has been enabled on this interface,
50018,0,,,,,,Windows Server 2019,1809,Standard,2020/07/14,17763.1339,No routing protocol has been enabled on this interface,
50018,0,,,,,,Windows 10,1809,Pro,2020/06/09,17763.1282,No routing protocol has been enabled on this interface,
50018,0,,,,,,Windows Server 2019,1809,Standard,2020/06/09,17763.1282,No routing protocol has been enabled on this interface,
50018,0,,,,,,Windows 10,1809,Pro,2020/05/12,17763.1217,No routing protocol has been enabled on this interface,
50018,0,,,,,,Windows Server 2019,1809,Standard,2020/05/12,17763.1217,No routing protocol has been enabled on this interface,
50018,0,,,,,,Windows 10,1809,Pro,2020/04/14,17763.1158,No routing protocol has been enabled on this interface,
50018,0,,,,,,Windows Server 2019,1809,Standard,2020/04/14,17763.1158,No routing protocol has been enabled on this interface,
50018,0,,,,,,Windows 10,1809,Pro,2020/03/12,17763.1098,No routing protocol has been enabled on this interface,
50018,0,,,,,,Windows Server 2019,1809,Standard,2020/03/10,17763.1098,No routing protocol has been enabled on this interface,
50018,0,,,,,,Windows 10,1809,Pro,2018/11/13,17763.107,No routing protocol has been enabled on this interface,
50018,0,,,,,,Windows Server 2019,1809,Standard,2018/11/13,17763.107,No routing protocol has been enabled on this interface,
50018,0,,,,,,Windows 10,1809,Pro,2020/02/11,17763.1039,No routing protocol has been enabled on this interface,
50018,0,,,,,,Windows Server 2019,1809,Standard,2020/02/11,17763.1039,No routing protocol has been enabled on this interface,
50018,0,,,,,,Windows 10,1803,Pro,2019/08/13,17134.95,No routing protocol has been enabled on this interface,
50018,0,,,,,,Windows 10,1803,Pro,2019/07/09,17134.885,No routing protocol has been enabled on this interface,
50018,0,,,,,,Windows 10,1803,Pro,2019/06/11,17134.829,No routing protocol has been enabled on this interface,
50018,0,,,,,,Windows 10,1803,Pro,2019/05/19,17134.766,No routing protocol has been enabled on this interface,
50018,0,,,,,,Windows 10,1803,Pro,2019/04/09,17134.706,No routing protocol has been enabled on this interface,
50018,0,,,,,,Windows 10,1803,Pro,2019/03/12,17134.648,No routing protocol has been enabled on this interface,
50018,0,,,,,,Windows 10,1803,Pro,2019/01/08,17134.523,No routing protocol has been enabled on this interface,
50018,0,,,,,,Windows 10,1803,Pro,2018/09/11,17134.285,No routing protocol has been enabled on this interface,
50018,0,,,,,,Windows 10,1803,Pro,2018/08/14,17134.228,No routing protocol has been enabled on this interface,
50018,0,,,,,,Windows 10,1803,Pro,2018/06/12,17134.112,No routing protocol has been enabled on this interface,
50018,0,,,,,,Windows 10,1803,Pro,2019/09/10,17134.1006,No routing protocol has been enabled on this interface,
50018,0,,,,,,Windows 10,1803,Pro,1970/01/01,17134.1,No routing protocol has been enabled on this interface,
50018,0,,,,,,Windows 10,1709,Pro,2017/11/14,16299.64,No routing protocol has been enabled on this interface,
50018,0,,,,,,Windows 10,1709,Pro,2017/11/14,16299.15,No routing protocol has been enabled on this interface,
50018,0,,,,,,Windows 10,1709,Pro,2017/12/12,16299.125,No routing protocol has been enabled on this interface,
50018,0,,,,,,Windows 10,1703,Pro,2017/07/11,15063.483,No routing protocol has been enabled on this interface,
50018,0,,,,,,Windows 10,1703,Pro,2017/06/13,15063.413,No routing protocol has been enabled on this interface,
50018,0,,,,,,Windows 10,1703,Pro,2017/03/20,15063.0,No routing protocol has been enabled on this interface,
50018,0,,,,,,Windows 10,1607,Pro,2016/11/08,14393.447,No routing protocol has been enabled on this interface,
50018,0,,,,,,Windows Server 2016,1607,Standard,2016/11/08,14393.447,No routing protocol has been enabled on this interface,
50018,0,,,,,,Windows Server 2016,1607,Standard,2017/11/14,14393.1884,No routing protocol has been enabled on this interface,
50018,0,,,,,,Windows Server 2016,1607,Standard,2016/10/12,14393.0,No routing protocol has been enabled on this interface,
50018,0,,,,,,Windows 10,1511,Pro,2016/03/08,10586.164,No routing protocol has been enabled on this interface,
50018,0,,,,,,Windows 10,1511,Enterprise,2016/02/09,10586.104,No routing protocol has been enabled on this interface,
50018,0,,,,,,Windows 10,1511,Pro,1970/01/01,10586.0,No routing protocol has been enabled on this interface,
50018,0,,,,,,Windows 10,1507,Pro,2015/07/29,10240.0,No routing protocol has been enabled on this interface,
50018,0,,,,,,Windows 8.1,8.1,Pro,1970/01/01,9600.0,No routing protocol has been enabled on this interface,
50018,0,,,,,,Windows 8,8,Pro,1970/01/01,9200.0,No routing protocol has been enabled on this interface,
50018,0,,,,,,Windows Server 2008R2,SP1,Standard,2011/02/09,7601.0,No routing protocol has been enabled on this interface,
50018,0,,,,,,Windows 7,SP1,Ultimate,1970/01/01,7601.0,No routing protocol has been enabled on this interface,
50018,0,,,,,,Windows Server 2008,SP2,Standard,2009/05/26,6002.0,No routing protocol has been enabled on this interface,
50019,0,,,,,,Windows 11,24H2,Pro,2024/10/2,26100.1742,The handle specified by the protocol component is not valid. This maybe because the protocol component is not registered with IPMGM,
50019,0,,,,,,Windows 11,22H2,Pro,2022/12/20,22621.963,The handle specified by the protocol component is not valid. This maybe because the protocol component is not registered with IPMGM,
50019,0,,,,,,Windows 11,22H2,Pro,2022/11/15,22621.819,The handle specified by the protocol component is not valid. This maybe because the protocol component is not registered with IPMGM,
50019,0,,,,,,Windows 11,22H2,Pro,2022/10/18,22621.674,The handle specified by the protocol component is not valid. This maybe because the protocol component is not registered with IPMGM,
50019,0,,,,,,Windows 11,22H2,Pro,2022/09/20,22621.382,The handle specified by the protocol component is not valid. This maybe because the protocol component is not registered with IPMGM,
50019,0,,,,,,Windows 11,22H2,Pro,2023/03/21,22621.1413,The handle specified by the protocol component is not valid. This maybe because the protocol component is not registered with IPMGM,
50019,0,,,,,,Windows 11,22H2,Pro,2023/02/21,22621.1265,The handle specified by the protocol component is not valid. This maybe because the protocol component is not registered with IPMGM,
50019,0,,,,,,Windows 11,22H2,Pro,2023/01/17,22621.1105,The handle specified by the protocol component is not valid. This maybe because the protocol component is not registered with IPMGM,
50019,0,,,,,,Windows 11,21H2,Pro,2022/09/20,22000.978,The handle specified by the protocol component is not valid. This maybe because the protocol component is not registered with IPMGM,
50019,0,,,,,,Windows 11,21H2,Pro,2022/08/16,22000.856,The handle specified by the protocol component is not valid. This maybe because the protocol component is not registered with IPMGM,
50019,0,,,,,,Windows 11,21H2,Pro,2022/07/19,22000.795,The handle specified by the protocol component is not valid. This maybe because the protocol component is not registered with IPMGM,
50019,0,,,,,,Windows 11,21H2,Pro,2022/06/21,22000.739,The handle specified by the protocol component is not valid. This maybe because the protocol component is not registered with IPMGM,
50019,0,,,,,,Windows 11,21H2,Pro,2022/05/17,22000.675,The handle specified by the protocol component is not valid. This maybe because the protocol component is not registered with IPMGM,
50019,0,,,,,,Windows 11,21H2,Pro,2022/04/19,22000.613,The handle specified by the protocol component is not valid. This maybe because the protocol component is not registered with IPMGM,
50019,0,,,,,,Windows 11,21H2,Pro,2022/03/15,22000.556,The handle specified by the protocol component is not valid. This maybe because the protocol component is not registered with IPMGM,
50019,0,,,,,,Windows 11,21H2,Pro,2022/02/15,22000.493,The handle specified by the protocol component is not valid. This maybe because the protocol component is not registered with IPMGM,
50019,0,,,,,,Windows 11,21H2,Pro,2022/01/11,22000.434,The handle specified by the protocol component is not valid. This maybe because the protocol component is not registered with IPMGM,
50019,0,,,,,,Windows 11,21H2,Pro,2021/12/14,22000.376,The handle specified by the protocol component is not valid. This maybe because the protocol component is not registered with IPMGM,
50019,0,,,,,,Windows 11,21H2,Pro,2021/11/09,22000.318,The handle specified by the protocol component is not valid. This maybe because the protocol component is not registered with IPMGM,
50019,0,,,,,,Windows 11,21H2,Pro,2021/09/16,22000.194,The handle specified by the protocol component is not valid. This maybe because the protocol component is not registered with IPMGM,
50019,0,,,,,,Windows 11,21H2,Pro,2023/03/21,22000.1696,The handle specified by the protocol component is not valid. This maybe because the protocol component is not registered with IPMGM,
50019,0,,,,,,Windows 11,21H2,Pro,2023/02/21,22000.1574,The handle specified by the protocol component is not valid. This maybe because the protocol component is not registered with IPMGM,
50019,0,,,,,,Windows 11,21H2,Pro,2023/01/17,22000.1455,The handle specified by the protocol component is not valid. This maybe because the protocol component is not registered with IPMGM,
50019,0,,,,,,Windows 11,21H2,Pro,2022/12/20,22000.1335,The handle specified by the protocol component is not valid. This maybe because the protocol component is not registered with IPMGM,
50019,0,,,,,,Windows 11,21H2,Pro,2022/11/15,22000.1219,The handle specified by the protocol component is not valid. This maybe because the protocol component is not registered with IPMGM,
50019,0,,,,,,Windows 11,21H2,Pro,2022/10/18,22000.1098,The handle specified by the protocol component is not valid. This maybe because the protocol component is not registered with IPMGM,
50019,0,,,,,,Windows 11,21H2,Pro-Dev,1970/01/01,21996.1,The handle specified by the protocol component is not valid. This maybe because the protocol component is not registered with IPMGM,
50019,0,,,,,,Windows Server 2022,21H2,Standard,2022/08/16,20348.887,The handle specified by the protocol component is not valid. This maybe because the protocol component is not registered with IPMGM,
50019,0,,,,,,Windows Server 2022,21H2,Standard,2022/07/19,20348.825,The handle specified by the protocol component is not valid. This maybe because the protocol component is not registered with IPMGM,
50019,0,,,,,,Windows Server 2022,21H2,Standard,2022/06/21,20348.768,The handle specified by the protocol component is not valid. This maybe because the protocol component is not registered with IPMGM,
50019,0,,,,,,Windows Server 2022,21H2,Standard,2022/05/17,20348.707,The handle specified by the protocol component is not valid. This maybe because the protocol component is not registered with IPMGM,
50019,0,,,,,,Windows Server 2022,21H2,Standard,2022/04/19,20348.643,The handle specified by the protocol component is not valid. This maybe because the protocol component is not registered with IPMGM,
50019,0,,,,,,Windows Server 2022,21H2,Standard,2022/02/15,20348.587,The handle specified by the protocol component is not valid. This maybe because the protocol component is not registered with IPMGM,
50019,0,,,,,,Windows Server 2022,21H2,Standard,2022/02/15,20348.524,The handle specified by the protocol component is not valid. This maybe because the protocol component is not registered with IPMGM,
50019,0,,,,,,Windows Server 2022,21H2,Standard,2022/01/11,20348.469,The handle specified by the protocol component is not valid. This maybe because the protocol component is not registered with IPMGM,
50019,0,,,,,,Windows Server 2022,21H2,Standard,2021/12/08,20348.405,The handle specified by the protocol component is not valid. This maybe because the protocol component is not registered with IPMGM,
50019,0,,,,,,Windows Server 2022,21H2,Standard,2021/11/09,20348.35,The handle specified by the protocol component is not valid. This maybe because the protocol component is not registered with IPMGM,
50019,0,,,,,,Windows Server 2022,21H2,Standard,2021/10/12,20348.288,The handle specified by the protocol component is not valid. This maybe because the protocol component is not registered with IPMGM,
50019,0,,,,,,Windows Server 2022,21H2,Standard,2021/09/14,20348.23,The handle specified by the protocol component is not valid. This maybe because the protocol component is not registered with IPMGM,
50019,0,,,,,,Windows Server 2022,21H2,Standard,2021/08/18,20348.169,The handle specified by the protocol component is not valid. This maybe because the protocol component is not registered with IPMGM,
50019,0,,,,,,Windows Server 2022,21H2,Standard,2023/03/21,20348.1607,The handle specified by the protocol component is not valid. This maybe because the protocol component is not registered with IPMGM,
50019,0,,,,,,Windows Server 2022,21H2,Standard,2023/02/21,20348.1547,The handle specified by the protocol component is not valid. This maybe because the protocol component is not registered with IPMGM,
50019,0,,,,,,Windows Server 2022,21H2,Standard,2023/01/17,20348.1487,The handle specified by the protocol component is not valid. This maybe because the protocol component is not registered with IPMGM,
50019,0,,,,,,Windows Server 2022,21H2,Standard,2022/12/20,20348.1366,The handle specified by the protocol component is not valid. This maybe because the protocol component is not registered with IPMGM,
50019,0,,,,,,Windows Server 2022,21H2,Standard,2022/11/15,20348.1249,The handle specified by the protocol component is not valid. This maybe because the protocol component is not registered with IPMGM,
50019,0,,,,,,Windows Server 2022,21H2,Standard,2022/10/18,20348.1129,The handle specified by the protocol component is not valid. This maybe because the protocol component is not registered with IPMGM,
50019,0,,,,,,Windows Server 2022,21H2,Standard,2022/09/20,20348.1006,The handle specified by the protocol component is not valid. This maybe because the protocol component is not registered with IPMGM,
50019,0,,,,,,Windows 10,22H2,Pro,2023/03/21,19045.2728,The handle specified by the protocol component is not valid. This maybe because the protocol component is not registered with IPMGM,
50019,0,,,,,,Windows 10,22H2,Pro,2023/02/21,19045.2604,The handle specified by the protocol component is not valid. This maybe because the protocol component is not registered with IPMGM,
50019,0,,,,,,Windows 10,22H2,Pro,2023/01/17,19045.2486,The handle specified by the protocol component is not valid. This maybe because the protocol component is not registered with IPMGM,
50019,0,,,,,,Windows 10,22H2,Pro,2022/12/20,19045.2364,The handle specified by the protocol component is not valid. This maybe because the protocol component is not registered with IPMGM,
50019,0,,,,,,Windows 10,22H2,Pro,2022/11/15,19045.2251,The handle specified by the protocol component is not valid. This maybe because the protocol component is not registered with IPMGM,
50019,0,,,,,,Windows 10,21H2,Pro,2023/03/21,19044.2728,The handle specified by the protocol component is not valid. This maybe because the protocol component is not registered with IPMGM,
50019,0,,,,,,Windows 10,21H2,Pro,2023/02/21,19044.2604,The handle specified by the protocol component is not valid. This maybe because the protocol component is not registered with IPMGM,
50019,0,,,,,,Windows 10,21H2,Pro,2023/01/17,19044.2486,The handle specified by the protocol component is not valid. This maybe because the protocol component is not registered with IPMGM,
50019,0,,,,,,Windows 10,21H2,Pro,2022/12/20,19044.2364,The handle specified by the protocol component is not valid. This maybe because the protocol component is not registered with IPMGM,
50019,0,,,,,,Windows 10,21H2,Pro,2022/11/15,19044.2251,The handle specified by the protocol component is not valid. This maybe because the protocol component is not registered with IPMGM,
50019,0,,,,,,Windows 10,21H2,Pro,2022/10/18,19044.213,The handle specified by the protocol component is not valid. This maybe because the protocol component is not registered with IPMGM,
50019,0,,,,,,Windows 10,21H2,Pro,2022/09/20,19044.2006,The handle specified by the protocol component is not valid. This maybe because the protocol component is not registered with IPMGM,
50019,0,,,,,,Windows 10,21H2,Pro,2022/08/16,19044.1889,The handle specified by the protocol component is not valid. This maybe because the protocol component is not registered with IPMGM,
50019,0,,,,,,Windows 10,21H2,Pro,2022/07/19,19044.1826,The handle specified by the protocol component is not valid. This maybe because the protocol component is not registered with IPMGM,
50019,0,,,,,,Windows 10,21H2,Pro,2022/06/21,19044.1766,The handle specified by the protocol component is not valid. This maybe because the protocol component is not registered with IPMGM,
50019,0,,,,,,Windows 10,21H2,Pro,2022/05/17,19044.1706,The handle specified by the protocol component is not valid. This maybe because the protocol component is not registered with IPMGM,
50019,0,,,,,,Windows 10,21H2,Pro,2022/04/19,19044.1645,The handle specified by the protocol component is not valid. This maybe because the protocol component is not registered with IPMGM,
50019,0,,,,,,Windows 10,21H2,Pro,2022/01/11,19044.1466,The handle specified by the protocol component is not valid. This maybe because the protocol component is not registered with IPMGM,
50019,0,,,,,,Windows 10,21H2,Pro,2021/10/12,19044.1288,The handle specified by the protocol component is not valid. This maybe because the protocol component is not registered with IPMGM,
50019,0,,,,,,Windows 10,21H1,Pro,2021/04/13,19043.928,The handle specified by the protocol component is not valid. This maybe because the protocol component is not registered with IPMGM,
50019,0,,,,,,Windows 10,21H1,Pro,2022/12/20,19043.2364,The handle specified by the protocol component is not valid. This maybe because the protocol component is not registered with IPMGM,
50019,0,,,,,,Windows 10,21H1,Pro,2022/11/15,19043.2251,The handle specified by the protocol component is not valid. This maybe because the protocol component is not registered with IPMGM,
50019,0,,,,,,Windows 10,21H1,Pro,2022/10/18,19043.213,The handle specified by the protocol component is not valid. This maybe because the protocol component is not registered with IPMGM,
50019,0,,,,,,Windows 10,21H1,Pro,2022/09/20,19043.2006,The handle specified by the protocol component is not valid. This maybe because the protocol component is not registered with IPMGM,
50019,0,,,,,,Windows 10,21H1,Pro,2022/08/16,19043.1889,The handle specified by the protocol component is not valid. This maybe because the protocol component is not registered with IPMGM,
50019,0,,,,,,Windows 10,21H1,Pro,2022/07/19,19043.1826,The handle specified by the protocol component is not valid. This maybe because the protocol component is not registered with IPMGM,
50019,0,,,,,,Windows 10,21H1,Pro,2022/06/21,19043.1766,The handle specified by the protocol component is not valid. This maybe because the protocol component is not registered with IPMGM,
50019,0,,,,,,Windows 10,21H1,Pro,2022/05/17,19043.1706,The handle specified by the protocol component is not valid. This maybe because the protocol component is not registered with IPMGM,
50019,0,,,,,,Windows 10,21H1,Pro,2022/04/19,19043.1645,The handle specified by the protocol component is not valid. This maybe because the protocol component is not registered with IPMGM,
50019,0,,,,,,Windows 10,21H1,Pro,2022/01/11,19043.1466,The handle specified by the protocol component is not valid. This maybe because the protocol component is not registered with IPMGM,
50019,0,,,,,,Windows 10,21H1,Pro,2021/12/14,19043.1415,The handle specified by the protocol component is not valid. This maybe because the protocol component is not registered with IPMGM,
50019,0,,,,,,Windows 10,21H2,Pro,2021/12/14,19043.1415,The handle specified by the protocol component is not valid. This maybe because the protocol component is not registered with IPMGM,
50019,0,,,,,,Windows 10,21H1,Pro,2021/11/09,19043.1348,The handle specified by the protocol component is not valid. This maybe because the protocol component is not registered with IPMGM,
50019,0,,,,,,Windows 10,21H1,Pro,2021/10/12,19043.1288,The handle specified by the protocol component is not valid. This maybe because the protocol component is not registered with IPMGM,
50019,0,,,,,,Windows 10,21H1,Pro,2021/09/14,19043.1237,The handle specified by the protocol component is not valid. This maybe because the protocol component is not registered with IPMGM,
50019,0,,,,,,Windows 10,21H1,Pro,2021/08/10,19043.1165,The handle specified by the protocol component is not valid. This maybe because the protocol component is not registered with IPMGM,
50019,0,,,,,,Windows 10,21H1,Pro,2021/07/13,19043.111,The handle specified by the protocol component is not valid. This maybe because the protocol component is not registered with IPMGM,
50019,0,,,,,,Windows 10,21H1,Pro,2021/06/08,19043.1052,The handle specified by the protocol component is not valid. This maybe because the protocol component is not registered with IPMGM,
50019,0,,,,,,Windows 10,20H2,Pro,2022/04/19,19042.1645,The handle specified by the protocol component is not valid. This maybe because the protocol component is not registered with IPMGM,
50019,0,,,,,,Windows 10,20H2,Pro,2022/01/11,19042.1466,The handle specified by the protocol component is not valid. This maybe because the protocol component is not registered with IPMGM,
50019,0,,,,,,Windows 10,2004,Pro,2021/05/11,19041.985,The handle specified by the protocol component is not valid. This maybe because the protocol component is not registered with IPMGM,
50019,0,,,,,,Windows 10,20H2,Pro,2021/05/11,19041.985,The handle specified by the protocol component is not valid. This maybe because the protocol component is not registered with IPMGM,
50019,0,,,,,,Windows 10,2004,Pro,2021/04/13,19041.928,The handle specified by the protocol component is not valid. This maybe because the protocol component is not registered with IPMGM,
50019,0,,,,,,Windows 10,20H2,Pro,2021/04/13,19041.928,The handle specified by the protocol component is not valid. This maybe because the protocol component is not registered with IPMGM,
50019,0,,,,,,Windows 10,2004,Pro,2021/03/09,19041.867,The handle specified by the protocol component is not valid. This maybe because the protocol component is not registered with IPMGM,
50019,0,,,,,,Windows 10,20H2,Pro,2021/03/09,19041.867,The handle specified by the protocol component is not valid. This maybe because the protocol component is not registered with IPMGM,
50019,0,,,,,,Windows 10,2004,Pro,2021/02/09,19041.804,The handle specified by the protocol component is not valid. This maybe because the protocol component is not registered with IPMGM,
50019,0,,,,,,Windows 10,20H2,Pro,2021/02/09,19041.804,The handle specified by the protocol component is not valid. This maybe because the protocol component is not registered with IPMGM,
50019,0,,,,,,Windows 10,2004,Pro,2021/01/12,19041.746,The handle specified by the protocol component is not valid. This maybe because the protocol component is not registered with IPMGM,
50019,0,,,,,,Windows 10,20H2,Pro,2021/01/12,19041.746,The handle specified by the protocol component is not valid. This maybe because the protocol component is not registered with IPMGM,
50019,0,,,,,,Windows 10,2004,Pro,2020/12/08,19041.685,The handle specified by the protocol component is not valid. This maybe because the protocol component is not registered with IPMGM,
50019,0,,,,,,Windows 10,20H2,Pro,2020/12/08,19041.685,The handle specified by the protocol component is not valid. This maybe because the protocol component is not registered with IPMGM,
50019,0,,,,,,Windows 10,20H2,Pro,2020/11/19,19041.631,The handle specified by the protocol component is not valid. This maybe because the protocol component is not registered with IPMGM,
50019,0,,,,,,Windows 10,2004,Pro,2020/11/10,19041.63,The handle specified by the protocol component is not valid. This maybe because the protocol component is not registered with IPMGM,
50019,0,,,,,,Windows 10,2004,Pro,2020/10/13,19041.572,The handle specified by the protocol component is not valid. This maybe because the protocol component is not registered with IPMGM,
50019,0,,,,,,Windows 10,2004,Pro,2020/09/08,19041.508,The handle specified by the protocol component is not valid. This maybe because the protocol component is not registered with IPMGM,
50019,0,,,,,,Windows 10,2004,Pro,2020/08/11,19041.45,The handle specified by the protocol component is not valid. This maybe because the protocol component is not registered with IPMGM,
50019,0,,,,,,Windows 10,2004,Pro,2020/07/14,19041.388,The handle specified by the protocol component is not valid. This maybe because the protocol component is not registered with IPMGM,
50019,0,,,,,,Windows 10,2004,Pro,2020/06/09,19041.329,The handle specified by the protocol component is not valid. This maybe because the protocol component is not registered with IPMGM,
50019,0,,,,,,Windows 10,2004,Pro,2020/05/27,19041.264,The handle specified by the protocol component is not valid. This maybe because the protocol component is not registered with IPMGM,
50019,0,,,,,,Windows 10,2004,Pro,2020/04/16,19041.208,The handle specified by the protocol component is not valid. This maybe because the protocol component is not registered with IPMGM,
50019,0,,,,,,Windows 10,21H1,Pro,2022/03/15,19041.1586,The handle specified by the protocol component is not valid. This maybe because the protocol component is not registered with IPMGM,
50019,0,,,,,,Windows 10,20H2,Pro,2022/03/15,19041.1586,The handle specified by the protocol component is not valid. This maybe because the protocol component is not registered with IPMGM,
50019,0,,,,,,Windows 10,21H2,Pro,2022/03/15,19041.1586,The handle specified by the protocol component is not valid. This maybe because the protocol component is not registered with IPMGM,
50019,0,,,,,,Windows 10,21H1,Pro,2022/02/15,19041.1526,The handle specified by the protocol component is not valid. This maybe because the protocol component is not registered with IPMGM,
50019,0,,,,,,Windows 10,20H2,Pro,2022/02/15,19041.1526,The handle specified by the protocol component is not valid. This maybe because the protocol component is not registered with IPMGM,
50019,0,,,,,,Windows 10,21H2,Pro,2022/02/15,19041.1526,The handle specified by the protocol component is not valid. This maybe because the protocol component is not registered with IPMGM,
50019,0,,,,,,Windows 10,20H2,Pro,2021/12/14,19041.1415,The handle specified by the protocol component is not valid. This maybe because the protocol component is not registered with IPMGM,
50019,0,,,,,,Windows 10,2004,Pro,2021/11/09,19041.1348,The handle specified by the protocol component is not valid. This maybe because the protocol component is not registered with IPMGM,
50019,0,,,,,,Windows 10,20H2,Pro,2021/11/09,19041.1348,The handle specified by the protocol component is not valid. This maybe because the protocol component is not registered with IPMGM,
50019,0,,,,,,Windows 10,2004,Pro,2021/10/12,19041.1288,The handle specified by the protocol component is not valid. This maybe because the protocol component is not registered with IPMGM,
50019,0,,,,,,Windows 10,20H2,Pro,2021/10/12,19041.1288,The handle specified by the protocol component is not valid. This maybe because the protocol component is not registered with IPMGM,
50019,0,,,,,,Windows 10,2004,Pro,2021/09/14,19041.1237,The handle specified by the protocol component is not valid. This maybe because the protocol component is not registered with IPMGM,
50019,0,,,,,,Windows 10,20H2,Pro,2021/09/14,19041.1237,The handle specified by the protocol component is not valid. This maybe because the protocol component is not registered with IPMGM,
50019,0,,,,,,Windows 10,2004,Pro,2021/08/10,19041.1165,The handle specified by the protocol component is not valid. This maybe because the protocol component is not registered with IPMGM,
50019,0,,,,,,Windows 10,20H2,Pro,2021/08/10,19041.1165,The handle specified by the protocol component is not valid. This maybe because the protocol component is not registered with IPMGM,
50019,0,,,,,,Windows 10,2004,Pro,2021/07/13,19041.111,The handle specified by the protocol component is not valid. This maybe because the protocol component is not registered with IPMGM,
50019,0,,,,,,Windows 10,20H2,Pro,2021/07/13,19041.111,The handle specified by the protocol component is not valid. This maybe because the protocol component is not registered with IPMGM,
50019,0,,,,,,Windows 10,2004,Pro,2021/06/08,19041.1052,The handle specified by the protocol component is not valid. This maybe because the protocol component is not registered with IPMGM,
50019,0,,,,,,Windows 10,20H2,Pro,2021/06/08,19041.1052,The handle specified by the protocol component is not valid. This maybe because the protocol component is not registered with IPMGM,
50019,0,,,,,,Windows 10,1909,Pro,2020/07/14,18363.959,The handle specified by the protocol component is not valid. This maybe because the protocol component is not registered with IPMGM,
50019,0,,,,,,Windows 10,1909,Pro,2020/06/09,18363.9,The handle specified by the protocol component is not valid. This maybe because the protocol component is not registered with IPMGM,
50019,0,,,,,,Windows 10,1909,Pro,2020/05/12,18363.836,The handle specified by the protocol component is not valid. This maybe because the protocol component is not registered with IPMGM,
50019,0,,,,,,Windows 10,1909,Pro,2020/04/14,18363.778,The handle specified by the protocol component is not valid. This maybe because the protocol component is not registered with IPMGM,
50019,0,,,,,,Windows 10,1909,Pro,2020/03/12,18363.72,The handle specified by the protocol component is not valid. This maybe because the protocol component is not registered with IPMGM,
50019,0,,,,,,Windows 10,1909,Pro,2020/02/11,18363.657,The handle specified by the protocol component is not valid. This maybe because the protocol component is not registered with IPMGM,
50019,0,,,,,,Windows 10,1909,Pro,2020/01/14,18363.592,The handle specified by the protocol component is not valid. This maybe because the protocol component is not registered with IPMGM,
50019,0,,,,,,Windows 10,1909,Pro,2019/12/10,18363.535,The handle specified by the protocol component is not valid. This maybe because the protocol component is not registered with IPMGM,
50019,0,,,,,,Windows 10,1909,Pro,2019/10/05,18363.418,The handle specified by the protocol component is not valid. This maybe because the protocol component is not registered with IPMGM,
50019,0,,,,,,Windows 10,1909,Pro,2021/06/08,18363.1621,The handle specified by the protocol component is not valid. This maybe because the protocol component is not registered with IPMGM,
50019,0,,,,,,Windows 10,1909,Pro,2021/05/11,18363.1556,The handle specified by the protocol component is not valid. This maybe because the protocol component is not registered with IPMGM,
50019,0,,,,,,Windows 10,1909,Pro,2021/04/13,18363.15,The handle specified by the protocol component is not valid. This maybe because the protocol component is not registered with IPMGM,
50019,0,,,,,,Windows 10,1909,Pro,2021/03/09,18363.144,The handle specified by the protocol component is not valid. This maybe because the protocol component is not registered with IPMGM,
50019,0,,,,,,Windows 10,1909,Pro,2021/02/11,18363.1379,The handle specified by the protocol component is not valid. This maybe because the protocol component is not registered with IPMGM,
50019,0,,,,,,Windows 10,1909,Pro,2021/01/12,18363.1316,The handle specified by the protocol component is not valid. This maybe because the protocol component is not registered with IPMGM,
50019,0,,,,,,Windows 10,1909,Pro,2020/12/08,18363.1256,The handle specified by the protocol component is not valid. This maybe because the protocol component is not registered with IPMGM,
50019,0,,,,,,Windows 10,1909,Pro,2020/11/10,18363.1198,The handle specified by the protocol component is not valid. This maybe because the protocol component is not registered with IPMGM,
50019,0,,,,,,Windows 10,1909,Pro,2020/10/13,18363.1139,The handle specified by the protocol component is not valid. This maybe because the protocol component is not registered with IPMGM,
50019,0,,,,,,Windows 10,1909,Pro,2020/09/08,18363.1082,The handle specified by the protocol component is not valid. This maybe because the protocol component is not registered with IPMGM,
50019,0,,,,,,Windows 10,1909,Pro,2020/08/11,18363.1016,The handle specified by the protocol component is not valid. This maybe because the protocol component is not registered with IPMGM,
50019,0,,,,,,Windows 10,1903,Pro,2020/07/14,18362.959,The handle specified by the protocol component is not valid. This maybe because the protocol component is not registered with IPMGM,
50019,0,,,,,,Windows 10,1903,Pro,2020/05/12,18362.836,The handle specified by the protocol component is not valid. This maybe because the protocol component is not registered with IPMGM,
50019,0,,,,,,Windows 10,1903,Pro,2020/03/12,18362.72,The handle specified by the protocol component is not valid. This maybe because the protocol component is not registered with IPMGM,
50019,0,,,,,,Windows 10,1903,Pro,2020/02/11,18362.657,The handle specified by the protocol component is not valid. This maybe because the protocol component is not registered with IPMGM,
50019,0,,,,,,Windows 10,1903,Pro,2019/12/10,18362.535,The handle specified by the protocol component is not valid. This maybe because the protocol component is not registered with IPMGM,
50019,0,,,,,,Windows 10,1903,Pro,2019/11/12,18362.476,The handle specified by the protocol component is not valid. This maybe because the protocol component is not registered with IPMGM,
50019,0,,,,,,Windows 10,1903,Pro,2019/09/10,18362.356,The handle specified by the protocol component is not valid. This maybe because the protocol component is not registered with IPMGM,
50019,0,,,,,,Windows 10,1903,Pro,2019/03/29,18362.3,The handle specified by the protocol component is not valid. This maybe because the protocol component is not registered with IPMGM,
50019,0,,,,,,Windows 10,1903,Pro,2019/07/09,18362.239,The handle specified by the protocol component is not valid. This maybe because the protocol component is not registered with IPMGM,
50019,0,,,,,,Windows 10,1903,Pro,2019/06/11,18362.175,The handle specified by the protocol component is not valid. This maybe because the protocol component is not registered with IPMGM,
50019,0,,,,,,Windows 10,1903,Pro,2020/12/08,18362.1256,The handle specified by the protocol component is not valid. This maybe because the protocol component is not registered with IPMGM,
50019,0,,,,,,Windows 10,1903,Pro,2020/11/10,18362.1198,The handle specified by the protocol component is not valid. This maybe because the protocol component is not registered with IPMGM,
50019,0,,,,,,Windows 10,1903,Pro,2020/10/13,18362.1139,The handle specified by the protocol component is not valid. This maybe because the protocol component is not registered with IPMGM,
50019,0,,,,,,Windows 10,1903,Pro,2020/09/08,18362.1082,The handle specified by the protocol component is not valid. This maybe because the protocol component is not registered with IPMGM,
50019,0,,,,,,Windows 10,1903,Pro,2019/12/10,18362.1016,The handle specified by the protocol component is not valid. This maybe because the protocol component is not registered with IPMGM,
50019,0,,,,,,Windows 10,1809,Pro,2020/01/14,17763.973,The handle specified by the protocol component is not valid. This maybe because the protocol component is not registered with IPMGM,
50019,0,,,,,,Windows Server 2019,1809,Standard,2020/01/14,17763.973,The handle specified by the protocol component is not valid. This maybe because the protocol component is not registered with IPMGM,
50019,0,,,,,,Windows 10,1809,Pro,2019/12/10,17763.914,The handle specified by the protocol component is not valid. This maybe because the protocol component is not registered with IPMGM,
50019,0,,,,,,Windows Server 2019,1809,Standard,2019/12/10,17763.914,The handle specified by the protocol component is not valid. This maybe because the protocol component is not registered with IPMGM,
50019,0,,,,,,Windows 10,1809,Pro,2019/11/12,17763.864,The handle specified by the protocol component is not valid. This maybe because the protocol component is not registered with IPMGM,
50019,0,,,,,,Windows Server 2019,1809,Standard,2019/11/12,17763.864,The handle specified by the protocol component is not valid. This maybe because the protocol component is not registered with IPMGM,
50019,0,,,,,,Windows 10,1809,Pro,2019/10/08,17763.805,The handle specified by the protocol component is not valid. This maybe because the protocol component is not registered with IPMGM,
50019,0,,,,,,Windows 10,1809,Pro,2019/09/10,17763.737,The handle specified by the protocol component is not valid. This maybe because the protocol component is not registered with IPMGM,
50019,0,,,,,,Windows Server 2019,1809,Standard,2019/09/10,17763.737,The handle specified by the protocol component is not valid. This maybe because the protocol component is not registered with IPMGM,
50019,0,,,,,,Windows 10,1809,Pro,2019/08/13,17763.678,The handle specified by the protocol component is not valid. This maybe because the protocol component is not registered with IPMGM,
50019,0,,,,,,Windows Server 2019,1809,Standard,2019/08/13,17763.678,The handle specified by the protocol component is not valid. This maybe because the protocol component is not registered with IPMGM,
50019,0,,,,,,Windows 10,1809,Pro,2019/07/09,17763.615,The handle specified by the protocol component is not valid. This maybe because the protocol component is not registered with IPMGM,
50019,0,,,,,,Windows 10,1809,Pro,2019/06/11,17763.557,The handle specified by the protocol component is not valid. This maybe because the protocol component is not registered with IPMGM,
50019,0,,,,,,Windows 10,1809,Pro,2019/05/19,17763.504,The handle specified by the protocol component is not valid. This maybe because the protocol component is not registered with IPMGM,
50019,0,,,,,,Windows 10,1809,Pro,2019/04/09,17763.437,The handle specified by the protocol component is not valid. This maybe because the protocol component is not registered with IPMGM,
50019,0,,,,,,Windows 10,1809,Pro,2019/03/12,17763.379,The handle specified by the protocol component is not valid. This maybe because the protocol component is not registered with IPMGM,
50019,0,,,,,,Windows Server 2019,1809,Standard,2019/03/12,17763.379,The handle specified by the protocol component is not valid. This maybe because the protocol component is not registered with IPMGM,
50019,0,,,,,,Windows Server 2019,1809,Standard,2022/11/15,17763.365,The handle specified by the protocol component is not valid. This maybe because the protocol component is not registered with IPMGM,
50019,0,,,,,,Windows 10,1809,Pro,2019/02/12,17763.316,The handle specified by the protocol component is not valid. This maybe because the protocol component is not registered with IPMGM,
50019,0,,,,,,Windows 10,1803,Pro,2019/01/08,17763.253,The handle specified by the protocol component is not valid. This maybe because the protocol component is not registered with IPMGM,
50019,0,,,,,,Windows Server 2019,1809,Standard,2021/08/10,17763.2114,The handle specified by the protocol component is not valid. This maybe because the protocol component is not registered with IPMGM,
50019,0,,,,,,Windows Server 2019,1809,Standard,2021/07/13,17763.2061,The handle specified by the protocol component is not valid. This maybe because the protocol component is not registered with IPMGM,
50019,0,,,,,,Windows Server 2019,1809,Standard,2021/06/08,17763.1999,The handle specified by the protocol component is not valid. This maybe because the protocol component is not registered with IPMGM,
50019,0,,,,,,Windows 10,1809,Pro,2018/12/11,17763.194,The handle specified by the protocol component is not valid. This maybe because the protocol component is not registered with IPMGM,
50019,0,,,,,,Windows Server 2019,1809,Standard,2021/05/11,17763.1935,The handle specified by the protocol component is not valid. This maybe because the protocol component is not registered with IPMGM,
50019,0,,,,,,Windows Server 2019,1809,Standard,2021/04/13,17763.1879,The handle specified by the protocol component is not valid. This maybe because the protocol component is not registered with IPMGM,
50019,0,,,,,,Windows Server 2019,1809,Standard,2021/03/09,17763.1817,The handle specified by the protocol component is not valid. This maybe because the protocol component is not registered with IPMGM,
50019,0,,,,,,Windows Server 2019,1809,Standard,2021/02/09,17763.1757,The handle specified by the protocol component is not valid. This maybe because the protocol component is not registered with IPMGM,
50019,0,,,,,,Windows Server 2019,1809,Standard,2021/01/12,17763.1697,The handle specified by the protocol component is not valid. This maybe because the protocol component is not registered with IPMGM,
50019,0,,,,,,Windows Server 2019,1809,Standard,2020/12/08,17763.1637,The handle specified by the protocol component is not valid. This maybe because the protocol component is not registered with IPMGM,
50019,0,,,,,,Windows 10,1809,Pro,2020/11/10,17763.1577,The handle specified by the protocol component is not valid. This maybe because the protocol component is not registered with IPMGM,
50019,0,,,,,,Windows Server 2019,1809,Standard,2020/11/10,17763.1577,The handle specified by the protocol component is not valid. This maybe because the protocol component is not registered with IPMGM,
50019,0,,,,,,Windows 10,1809,Pro,2020/10/13,17763.1518,The handle specified by the protocol component is not valid. This maybe because the protocol component is not registered with IPMGM,
50019,0,,,,,,Windows Server 2019,1809,Standard,2020/10/13,17763.1518,The handle specified by the protocol component is not valid. This maybe because the protocol component is not registered with IPMGM,
50019,0,,,,,,Windows 10,1809,Pro,2020/09/08,17763.1457,The handle specified by the protocol component is not valid. This maybe because the protocol component is not registered with IPMGM,
50019,0,,,,,,Windows Server 2019,1809,Standard,2020/09/10,17763.1457,The handle specified by the protocol component is not valid. This maybe because the protocol component is not registered with IPMGM,
50019,0,,,,,,Windows 10,1809,Pro,2020/08/11,17763.1397,The handle specified by the protocol component is not valid. This maybe because the protocol component is not registered with IPMGM,
50019,0,,,,,,Windows Server 2019,1809,Standard,2020/08/11,17763.1397,The handle specified by the protocol component is not valid. This maybe because the protocol component is not registered with IPMGM,
50019,0,,,,,,Windows 10,1809,Pro,2020/07/14,17763.1339,The handle specified by the protocol component is not valid. This maybe because the protocol component is not registered with IPMGM,
50019,0,,,,,,Windows Server 2019,1809,Standard,2020/07/14,17763.1339,The handle specified by the protocol component is not valid. This maybe because the protocol component is not registered with IPMGM,
50019,0,,,,,,Windows 10,1809,Pro,2020/06/09,17763.1282,The handle specified by the protocol component is not valid. This maybe because the protocol component is not registered with IPMGM,
50019,0,,,,,,Windows Server 2019,1809,Standard,2020/06/09,17763.1282,The handle specified by the protocol component is not valid. This maybe because the protocol component is not registered with IPMGM,
50019,0,,,,,,Windows 10,1809,Pro,2020/05/12,17763.1217,The handle specified by the protocol component is not valid. This maybe because the protocol component is not registered with IPMGM,
50019,0,,,,,,Windows Server 2019,1809,Standard,2020/05/12,17763.1217,The handle specified by the protocol component is not valid. This maybe because the protocol component is not registered with IPMGM,
50019,0,,,,,,Windows 10,1809,Pro,2020/04/14,17763.1158,The handle specified by the protocol component is not valid. This maybe because the protocol component is not registered with IPMGM,
50019,0,,,,,,Windows Server 2019,1809,Standard,2020/04/14,17763.1158,The handle specified by the protocol component is not valid. This maybe because the protocol component is not registered with IPMGM,
50019,0,,,,,,Windows 10,1809,Pro,2020/03/12,17763.1098,The handle specified by the protocol component is not valid. This maybe because the protocol component is not registered with IPMGM,
50019,0,,,,,,Windows Server 2019,1809,Standard,2020/03/10,17763.1098,The handle specified by the protocol component is not valid. This maybe because the protocol component is not registered with IPMGM,
50019,0,,,,,,Windows 10,1809,Pro,2018/11/13,17763.107,The handle specified by the protocol component is not valid. This maybe because the protocol component is not registered with IPMGM,
50019,0,,,,,,Windows Server 2019,1809,Standard,2018/11/13,17763.107,The handle specified by the protocol component is not valid. This maybe because the protocol component is not registered with IPMGM,
50019,0,,,,,,Windows 10,1809,Pro,2020/02/11,17763.1039,The handle specified by the protocol component is not valid. This maybe because the protocol component is not registered with IPMGM,
50019,0,,,,,,Windows Server 2019,1809,Standard,2020/02/11,17763.1039,The handle specified by the protocol component is not valid. This maybe because the protocol component is not registered with IPMGM,
50019,0,,,,,,Windows 10,1803,Pro,2019/08/13,17134.95,The handle specified by the protocol component is not valid. This maybe because the protocol component is not registered with IPMGM,
50019,0,,,,,,Windows 10,1803,Pro,2019/07/09,17134.885,The handle specified by the protocol component is not valid. This maybe because the protocol component is not registered with IPMGM,
50019,0,,,,,,Windows 10,1803,Pro,2019/06/11,17134.829,The handle specified by the protocol component is not valid. This maybe because the protocol component is not registered with IPMGM,
50019,0,,,,,,Windows 10,1803,Pro,2019/05/19,17134.766,The handle specified by the protocol component is not valid. This maybe because the protocol component is not registered with IPMGM,
50019,0,,,,,,Windows 10,1803,Pro,2019/04/09,17134.706,The handle specified by the protocol component is not valid. This maybe because the protocol component is not registered with IPMGM,
50019,0,,,,,,Windows 10,1803,Pro,2019/03/12,17134.648,The handle specified by the protocol component is not valid. This maybe because the protocol component is not registered with IPMGM,
50019,0,,,,,,Windows 10,1803,Pro,2019/01/08,17134.523,The handle specified by the protocol component is not valid. This maybe because the protocol component is not registered with IPMGM,
50019,0,,,,,,Windows 10,1803,Pro,2018/09/11,17134.285,The handle specified by the protocol component is not valid. This maybe because the protocol component is not registered with IPMGM,
50019,0,,,,,,Windows 10,1803,Pro,2018/08/14,17134.228,The handle specified by the protocol component is not valid. This maybe because the protocol component is not registered with IPMGM,
50019,0,,,,,,Windows 10,1803,Pro,2018/06/12,17134.112,The handle specified by the protocol component is not valid. This maybe because the protocol component is not registered with IPMGM,
50019,0,,,,,,Windows 10,1803,Pro,2019/09/10,17134.1006,The handle specified by the protocol component is not valid. This maybe because the protocol component is not registered with IPMGM,
50019,0,,,,,,Windows 10,1803,Pro,1970/01/01,17134.1,The handle specified by the protocol component is not valid. This maybe because the protocol component is not registered with IPMGM,
50019,0,,,,,,Windows 10,1709,Pro,2017/11/14,16299.64,The handle specified by the protocol component is not valid. This maybe because the protocol component is not registered with IPMGM,
50019,0,,,,,,Windows 10,1709,Pro,2017/11/14,16299.15,The handle specified by the protocol component is not valid. This maybe because the protocol component is not registered with IPMGM,
50019,0,,,,,,Windows 10,1709,Pro,2017/12/12,16299.125,The handle specified by the protocol component is not valid. This maybe because the protocol component is not registered with IPMGM,
50019,0,,,,,,Windows 10,1703,Pro,2017/07/11,15063.483,The handle specified by the protocol component is not valid. This maybe because the protocol component is not registered with IPMGM,
50019,0,,,,,,Windows 10,1703,Pro,2017/06/13,15063.413,The handle specified by the protocol component is not valid. This maybe because the protocol component is not registered with IPMGM,
50019,0,,,,,,Windows 10,1703,Pro,2017/03/20,15063.0,The handle specified by the protocol component is not valid. This maybe because the protocol component is not registered with IPMGM,
50019,0,,,,,,Windows 10,1607,Pro,2016/11/08,14393.447,The handle specified by the protocol component is not valid. This maybe because the protocol component is not registered with IPMGM,
50019,0,,,,,,Windows Server 2016,1607,Standard,2016/11/08,14393.447,The handle specified by the protocol component is not valid. This maybe because the protocol component is not registered with IPMGM,
50019,0,,,,,,Windows Server 2016,1607,Standard,2017/11/14,14393.1884,The handle specified by the protocol component is not valid. This maybe because the protocol component is not registered with IPMGM,
50019,0,,,,,,Windows Server 2016,1607,Standard,2016/10/12,14393.0,The handle specified by the protocol component is not valid. This maybe because the protocol component is not registered with IPMGM,
50019,0,,,,,,Windows 10,1511,Pro,2016/03/08,10586.164,The handle specified by the protocol component is not valid. This maybe because the protocol component is not registered with IPMGM,
50019,0,,,,,,Windows 10,1511,Enterprise,2016/02/09,10586.104,The handle specified by the protocol component is not valid. This maybe because the protocol component is not registered with IPMGM,
50019,0,,,,,,Windows 10,1511,Pro,1970/01/01,10586.0,The handle specified by the protocol component is not valid. This maybe because the protocol component is not registered with IPMGM,
50019,0,,,,,,Windows 10,1507,Pro,2015/07/29,10240.0,The handle specified by the protocol component is not valid. This maybe because the protocol component is not registered with IPMGM,
50019,0,,,,,,Windows 8.1,8.1,Pro,1970/01/01,9600.0,The handle specified by the protocol component is not valid. This maybe because the protocol component is not registered with IPMGM,
50019,0,,,,,,Windows 8,8,Pro,1970/01/01,9200.0,The handle specified by the protocol component is not valid. This maybe because the protocol component is not registered with IPMGM,
50019,0,,,,,,Windows Server 2008R2,SP1,Standard,2011/02/09,7601.0,The handle specified by the protocol component is not valid. This maybe because the protocol component is not registered with IPMGM,
50019,0,,,,,,Windows 7,SP1,Ultimate,1970/01/01,7601.0,The handle specified by the protocol component is not valid. This maybe because the protocol component is not registered with IPMGM,
50019,0,,,,,,Windows Server 2008,SP2,Standard,2009/05/26,6002.0,The handle specified by the protocol component is not valid. This maybe because the protocol component is not registered with IPMGM,
50020,0,,,,,,Windows 11,24H2,Pro,2024/10/2,26100.1742,Interface cannot be deleted because IGMP is still active on  this interface.,
50020,0,,,,,,Windows 11,22H2,Pro,2022/12/20,22621.963,Interface cannot be deleted because IGMP is still active on  this interface.,
50020,0,,,,,,Windows 11,22H2,Pro,2022/11/15,22621.819,Interface cannot be deleted because IGMP is still active on  this interface.,
50020,0,,,,,,Windows 11,22H2,Pro,2022/10/18,22621.674,Interface cannot be deleted because IGMP is still active on  this interface.,
50020,0,,,,,,Windows 11,22H2,Pro,2022/09/20,22621.382,Interface cannot be deleted because IGMP is still active on  this interface.,
50020,0,,,,,,Windows 11,22H2,Pro,2023/03/21,22621.1413,Interface cannot be deleted because IGMP is still active on  this interface.,
50020,0,,,,,,Windows 11,22H2,Pro,2023/02/21,22621.1265,Interface cannot be deleted because IGMP is still active on  this interface.,
50020,0,,,,,,Windows 11,22H2,Pro,2023/01/17,22621.1105,Interface cannot be deleted because IGMP is still active on  this interface.,
50020,0,,,,,,Windows 11,21H2,Pro,2022/09/20,22000.978,Interface cannot be deleted because IGMP is still active on  this interface.,
50020,0,,,,,,Windows 11,21H2,Pro,2022/08/16,22000.856,Interface cannot be deleted because IGMP is still active on  this interface.,
50020,0,,,,,,Windows 11,21H2,Pro,2022/07/19,22000.795,Interface cannot be deleted because IGMP is still active on  this interface.,
50020,0,,,,,,Windows 11,21H2,Pro,2022/06/21,22000.739,Interface cannot be deleted because IGMP is still active on  this interface.,
50020,0,,,,,,Windows 11,21H2,Pro,2022/05/17,22000.675,Interface cannot be deleted because IGMP is still active on  this interface.,
50020,0,,,,,,Windows 11,21H2,Pro,2022/04/19,22000.613,Interface cannot be deleted because IGMP is still active on  this interface.,
50020,0,,,,,,Windows 11,21H2,Pro,2022/03/15,22000.556,Interface cannot be deleted because IGMP is still active on  this interface.,
50020,0,,,,,,Windows 11,21H2,Pro,2022/02/15,22000.493,Interface cannot be deleted because IGMP is still active on  this interface.,
50020,0,,,,,,Windows 11,21H2,Pro,2022/01/11,22000.434,Interface cannot be deleted because IGMP is still active on  this interface.,
50020,0,,,,,,Windows 11,21H2,Pro,2021/12/14,22000.376,Interface cannot be deleted because IGMP is still active on  this interface.,
50020,0,,,,,,Windows 11,21H2,Pro,2021/11/09,22000.318,Interface cannot be deleted because IGMP is still active on  this interface.,
50020,0,,,,,,Windows 11,21H2,Pro,2021/09/16,22000.194,Interface cannot be deleted because IGMP is still active on  this interface.,
50020,0,,,,,,Windows 11,21H2,Pro,2023/03/21,22000.1696,Interface cannot be deleted because IGMP is still active on  this interface.,
50020,0,,,,,,Windows 11,21H2,Pro,2023/02/21,22000.1574,Interface cannot be deleted because IGMP is still active on  this interface.,
50020,0,,,,,,Windows 11,21H2,Pro,2023/01/17,22000.1455,Interface cannot be deleted because IGMP is still active on  this interface.,
50020,0,,,,,,Windows 11,21H2,Pro,2022/12/20,22000.1335,Interface cannot be deleted because IGMP is still active on  this interface.,
50020,0,,,,,,Windows 11,21H2,Pro,2022/11/15,22000.1219,Interface cannot be deleted because IGMP is still active on  this interface.,
50020,0,,,,,,Windows 11,21H2,Pro,2022/10/18,22000.1098,Interface cannot be deleted because IGMP is still active on  this interface.,
50020,0,,,,,,Windows 11,21H2,Pro-Dev,1970/01/01,21996.1,Interface cannot be deleted because IGMP is still active on  this interface.,
50020,0,,,,,,Windows Server 2022,21H2,Standard,2022/08/16,20348.887,Interface cannot be deleted because IGMP is still active on  this interface.,
50020,0,,,,,,Windows Server 2022,21H2,Standard,2022/07/19,20348.825,Interface cannot be deleted because IGMP is still active on  this interface.,
50020,0,,,,,,Windows Server 2022,21H2,Standard,2022/06/21,20348.768,Interface cannot be deleted because IGMP is still active on  this interface.,
50020,0,,,,,,Windows Server 2022,21H2,Standard,2022/05/17,20348.707,Interface cannot be deleted because IGMP is still active on  this interface.,
50020,0,,,,,,Windows Server 2022,21H2,Standard,2022/04/19,20348.643,Interface cannot be deleted because IGMP is still active on  this interface.,
50020,0,,,,,,Windows Server 2022,21H2,Standard,2022/02/15,20348.587,Interface cannot be deleted because IGMP is still active on  this interface.,
50020,0,,,,,,Windows Server 2022,21H2,Standard,2022/02/15,20348.524,Interface cannot be deleted because IGMP is still active on  this interface.,
50020,0,,,,,,Windows Server 2022,21H2,Standard,2022/01/11,20348.469,Interface cannot be deleted because IGMP is still active on  this interface.,
50020,0,,,,,,Windows Server 2022,21H2,Standard,2021/12/08,20348.405,Interface cannot be deleted because IGMP is still active on  this interface.,
50020,0,,,,,,Windows Server 2022,21H2,Standard,2021/11/09,20348.35,Interface cannot be deleted because IGMP is still active on  this interface.,
50020,0,,,,,,Windows Server 2022,21H2,Standard,2021/10/12,20348.288,Interface cannot be deleted because IGMP is still active on  this interface.,
50020,0,,,,,,Windows Server 2022,21H2,Standard,2021/09/14,20348.23,Interface cannot be deleted because IGMP is still active on  this interface.,
50020,0,,,,,,Windows Server 2022,21H2,Standard,2021/08/18,20348.169,Interface cannot be deleted because IGMP is still active on  this interface.,
50020,0,,,,,,Windows Server 2022,21H2,Standard,2023/03/21,20348.1607,Interface cannot be deleted because IGMP is still active on  this interface.,
50020,0,,,,,,Windows Server 2022,21H2,Standard,2023/02/21,20348.1547,Interface cannot be deleted because IGMP is still active on  this interface.,
50020,0,,,,,,Windows Server 2022,21H2,Standard,2023/01/17,20348.1487,Interface cannot be deleted because IGMP is still active on  this interface.,
50020,0,,,,,,Windows Server 2022,21H2,Standard,2022/12/20,20348.1366,Interface cannot be deleted because IGMP is still active on  this interface.,
50020,0,,,,,,Windows Server 2022,21H2,Standard,2022/11/15,20348.1249,Interface cannot be deleted because IGMP is still active on  this interface.,
50020,0,,,,,,Windows Server 2022,21H2,Standard,2022/10/18,20348.1129,Interface cannot be deleted because IGMP is still active on  this interface.,
50020,0,,,,,,Windows Server 2022,21H2,Standard,2022/09/20,20348.1006,Interface cannot be deleted because IGMP is still active on  this interface.,
50020,0,,,,,,Windows 10,22H2,Pro,2023/03/21,19045.2728,Interface cannot be deleted because IGMP is still active on  this interface.,
50020,0,,,,,,Windows 10,22H2,Pro,2023/02/21,19045.2604,Interface cannot be deleted because IGMP is still active on  this interface.,
50020,0,,,,,,Windows 10,22H2,Pro,2023/01/17,19045.2486,Interface cannot be deleted because IGMP is still active on  this interface.,
50020,0,,,,,,Windows 10,22H2,Pro,2022/12/20,19045.2364,Interface cannot be deleted because IGMP is still active on  this interface.,
50020,0,,,,,,Windows 10,22H2,Pro,2022/11/15,19045.2251,Interface cannot be deleted because IGMP is still active on  this interface.,
50020,0,,,,,,Windows 10,21H2,Pro,2023/03/21,19044.2728,Interface cannot be deleted because IGMP is still active on  this interface.,
50020,0,,,,,,Windows 10,21H2,Pro,2023/02/21,19044.2604,Interface cannot be deleted because IGMP is still active on  this interface.,
50020,0,,,,,,Windows 10,21H2,Pro,2023/01/17,19044.2486,Interface cannot be deleted because IGMP is still active on  this interface.,
50020,0,,,,,,Windows 10,21H2,Pro,2022/12/20,19044.2364,Interface cannot be deleted because IGMP is still active on  this interface.,
50020,0,,,,,,Windows 10,21H2,Pro,2022/11/15,19044.2251,Interface cannot be deleted because IGMP is still active on  this interface.,
50020,0,,,,,,Windows 10,21H2,Pro,2022/10/18,19044.213,Interface cannot be deleted because IGMP is still active on  this interface.,
50020,0,,,,,,Windows 10,21H2,Pro,2022/09/20,19044.2006,Interface cannot be deleted because IGMP is still active on  this interface.,
50020,0,,,,,,Windows 10,21H2,Pro,2022/08/16,19044.1889,Interface cannot be deleted because IGMP is still active on  this interface.,
50020,0,,,,,,Windows 10,21H2,Pro,2022/07/19,19044.1826,Interface cannot be deleted because IGMP is still active on  this interface.,
50020,0,,,,,,Windows 10,21H2,Pro,2022/06/21,19044.1766,Interface cannot be deleted because IGMP is still active on  this interface.,
50020,0,,,,,,Windows 10,21H2,Pro,2022/05/17,19044.1706,Interface cannot be deleted because IGMP is still active on  this interface.,
50020,0,,,,,,Windows 10,21H2,Pro,2022/04/19,19044.1645,Interface cannot be deleted because IGMP is still active on  this interface.,
50020,0,,,,,,Windows 10,21H2,Pro,2022/01/11,19044.1466,Interface cannot be deleted because IGMP is still active on  this interface.,
50020,0,,,,,,Windows 10,21H2,Pro,2021/10/12,19044.1288,Interface cannot be deleted because IGMP is still active on  this interface.,
50020,0,,,,,,Windows 10,21H1,Pro,2021/04/13,19043.928,Interface cannot be deleted because IGMP is still active on  this interface.,
50020,0,,,,,,Windows 10,21H1,Pro,2022/12/20,19043.2364,Interface cannot be deleted because IGMP is still active on  this interface.,
50020,0,,,,,,Windows 10,21H1,Pro,2022/11/15,19043.2251,Interface cannot be deleted because IGMP is still active on  this interface.,
50020,0,,,,,,Windows 10,21H1,Pro,2022/10/18,19043.213,Interface cannot be deleted because IGMP is still active on  this interface.,
50020,0,,,,,,Windows 10,21H1,Pro,2022/09/20,19043.2006,Interface cannot be deleted because IGMP is still active on  this interface.,
50020,0,,,,,,Windows 10,21H1,Pro,2022/08/16,19043.1889,Interface cannot be deleted because IGMP is still active on  this interface.,
50020,0,,,,,,Windows 10,21H1,Pro,2022/07/19,19043.1826,Interface cannot be deleted because IGMP is still active on  this interface.,
50020,0,,,,,,Windows 10,21H1,Pro,2022/06/21,19043.1766,Interface cannot be deleted because IGMP is still active on  this interface.,
50020,0,,,,,,Windows 10,21H1,Pro,2022/05/17,19043.1706,Interface cannot be deleted because IGMP is still active on  this interface.,
50020,0,,,,,,Windows 10,21H1,Pro,2022/04/19,19043.1645,Interface cannot be deleted because IGMP is still active on  this interface.,
50020,0,,,,,,Windows 10,21H1,Pro,2022/01/11,19043.1466,Interface cannot be deleted because IGMP is still active on  this interface.,
50020,0,,,,,,Windows 10,21H1,Pro,2021/12/14,19043.1415,Interface cannot be deleted because IGMP is still active on  this interface.,
50020,0,,,,,,Windows 10,21H2,Pro,2021/12/14,19043.1415,Interface cannot be deleted because IGMP is still active on  this interface.,
50020,0,,,,,,Windows 10,21H1,Pro,2021/11/09,19043.1348,Interface cannot be deleted because IGMP is still active on  this interface.,
50020,0,,,,,,Windows 10,21H1,Pro,2021/10/12,19043.1288,Interface cannot be deleted because IGMP is still active on  this interface.,
50020,0,,,,,,Windows 10,21H1,Pro,2021/09/14,19043.1237,Interface cannot be deleted because IGMP is still active on  this interface.,
50020,0,,,,,,Windows 10,21H1,Pro,2021/08/10,19043.1165,Interface cannot be deleted because IGMP is still active on  this interface.,
50020,0,,,,,,Windows 10,21H1,Pro,2021/07/13,19043.111,Interface cannot be deleted because IGMP is still active on  this interface.,
50020,0,,,,,,Windows 10,21H1,Pro,2021/06/08,19043.1052,Interface cannot be deleted because IGMP is still active on  this interface.,
50020,0,,,,,,Windows 10,20H2,Pro,2022/04/19,19042.1645,Interface cannot be deleted because IGMP is still active on  this interface.,
50020,0,,,,,,Windows 10,20H2,Pro,2022/01/11,19042.1466,Interface cannot be deleted because IGMP is still active on  this interface.,
50020,0,,,,,,Windows 10,2004,Pro,2021/05/11,19041.985,Interface cannot be deleted because IGMP is still active on  this interface.,
50020,0,,,,,,Windows 10,20H2,Pro,2021/05/11,19041.985,Interface cannot be deleted because IGMP is still active on  this interface.,
50020,0,,,,,,Windows 10,2004,Pro,2021/04/13,19041.928,Interface cannot be deleted because IGMP is still active on  this interface.,
50020,0,,,,,,Windows 10,20H2,Pro,2021/04/13,19041.928,Interface cannot be deleted because IGMP is still active on  this interface.,
50020,0,,,,,,Windows 10,2004,Pro,2021/03/09,19041.867,Interface cannot be deleted because IGMP is still active on  this interface.,
50020,0,,,,,,Windows 10,20H2,Pro,2021/03/09,19041.867,Interface cannot be deleted because IGMP is still active on  this interface.,
50020,0,,,,,,Windows 10,2004,Pro,2021/02/09,19041.804,Interface cannot be deleted because IGMP is still active on  this interface.,
50020,0,,,,,,Windows 10,20H2,Pro,2021/02/09,19041.804,Interface cannot be deleted because IGMP is still active on  this interface.,
50020,0,,,,,,Windows 10,2004,Pro,2021/01/12,19041.746,Interface cannot be deleted because IGMP is still active on  this interface.,
50020,0,,,,,,Windows 10,20H2,Pro,2021/01/12,19041.746,Interface cannot be deleted because IGMP is still active on  this interface.,
50020,0,,,,,,Windows 10,2004,Pro,2020/12/08,19041.685,Interface cannot be deleted because IGMP is still active on  this interface.,
50020,0,,,,,,Windows 10,20H2,Pro,2020/12/08,19041.685,Interface cannot be deleted because IGMP is still active on  this interface.,
50020,0,,,,,,Windows 10,20H2,Pro,2020/11/19,19041.631,Interface cannot be deleted because IGMP is still active on  this interface.,
50020,0,,,,,,Windows 10,2004,Pro,2020/11/10,19041.63,Interface cannot be deleted because IGMP is still active on  this interface.,
50020,0,,,,,,Windows 10,2004,Pro,2020/10/13,19041.572,Interface cannot be deleted because IGMP is still active on  this interface.,
50020,0,,,,,,Windows 10,2004,Pro,2020/09/08,19041.508,Interface cannot be deleted because IGMP is still active on  this interface.,
50020,0,,,,,,Windows 10,2004,Pro,2020/08/11,19041.45,Interface cannot be deleted because IGMP is still active on  this interface.,
50020,0,,,,,,Windows 10,2004,Pro,2020/07/14,19041.388,Interface cannot be deleted because IGMP is still active on  this interface.,
50020,0,,,,,,Windows 10,2004,Pro,2020/06/09,19041.329,Interface cannot be deleted because IGMP is still active on  this interface.,
50020,0,,,,,,Windows 10,2004,Pro,2020/05/27,19041.264,Interface cannot be deleted because IGMP is still active on  this interface.,
50020,0,,,,,,Windows 10,2004,Pro,2020/04/16,19041.208,Interface cannot be deleted because IGMP is still active on  this interface.,
50020,0,,,,,,Windows 10,21H1,Pro,2022/03/15,19041.1586,Interface cannot be deleted because IGMP is still active on  this interface.,
50020,0,,,,,,Windows 10,20H2,Pro,2022/03/15,19041.1586,Interface cannot be deleted because IGMP is still active on  this interface.,
50020,0,,,,,,Windows 10,21H2,Pro,2022/03/15,19041.1586,Interface cannot be deleted because IGMP is still active on  this interface.,
50020,0,,,,,,Windows 10,21H1,Pro,2022/02/15,19041.1526,Interface cannot be deleted because IGMP is still active on  this interface.,
50020,0,,,,,,Windows 10,20H2,Pro,2022/02/15,19041.1526,Interface cannot be deleted because IGMP is still active on  this interface.,
50020,0,,,,,,Windows 10,21H2,Pro,2022/02/15,19041.1526,Interface cannot be deleted because IGMP is still active on  this interface.,
50020,0,,,,,,Windows 10,20H2,Pro,2021/12/14,19041.1415,Interface cannot be deleted because IGMP is still active on  this interface.,
50020,0,,,,,,Windows 10,2004,Pro,2021/11/09,19041.1348,Interface cannot be deleted because IGMP is still active on  this interface.,
50020,0,,,,,,Windows 10,20H2,Pro,2021/11/09,19041.1348,Interface cannot be deleted because IGMP is still active on  this interface.,
50020,0,,,,,,Windows 10,2004,Pro,2021/10/12,19041.1288,Interface cannot be deleted because IGMP is still active on  this interface.,
50020,0,,,,,,Windows 10,20H2,Pro,2021/10/12,19041.1288,Interface cannot be deleted because IGMP is still active on  this interface.,
50020,0,,,,,,Windows 10,2004,Pro,2021/09/14,19041.1237,Interface cannot be deleted because IGMP is still active on  this interface.,
50020,0,,,,,,Windows 10,20H2,Pro,2021/09/14,19041.1237,Interface cannot be deleted because IGMP is still active on  this interface.,
50020,0,,,,,,Windows 10,2004,Pro,2021/08/10,19041.1165,Interface cannot be deleted because IGMP is still active on  this interface.,
50020,0,,,,,,Windows 10,20H2,Pro,2021/08/10,19041.1165,Interface cannot be deleted because IGMP is still active on  this interface.,
50020,0,,,,,,Windows 10,2004,Pro,2021/07/13,19041.111,Interface cannot be deleted because IGMP is still active on  this interface.,
50020,0,,,,,,Windows 10,20H2,Pro,2021/07/13,19041.111,Interface cannot be deleted because IGMP is still active on  this interface.,
50020,0,,,,,,Windows 10,2004,Pro,2021/06/08,19041.1052,Interface cannot be deleted because IGMP is still active on  this interface.,
50020,0,,,,,,Windows 10,20H2,Pro,2021/06/08,19041.1052,Interface cannot be deleted because IGMP is still active on  this interface.,
50020,0,,,,,,Windows 10,1909,Pro,2020/07/14,18363.959,Interface cannot be deleted because IGMP is still active on  this interface.,
50020,0,,,,,,Windows 10,1909,Pro,2020/06/09,18363.9,Interface cannot be deleted because IGMP is still active on  this interface.,
50020,0,,,,,,Windows 10,1909,Pro,2020/05/12,18363.836,Interface cannot be deleted because IGMP is still active on  this interface.,
50020,0,,,,,,Windows 10,1909,Pro,2020/04/14,18363.778,Interface cannot be deleted because IGMP is still active on  this interface.,
50020,0,,,,,,Windows 10,1909,Pro,2020/03/12,18363.72,Interface cannot be deleted because IGMP is still active on  this interface.,
50020,0,,,,,,Windows 10,1909,Pro,2020/02/11,18363.657,Interface cannot be deleted because IGMP is still active on  this interface.,
50020,0,,,,,,Windows 10,1909,Pro,2020/01/14,18363.592,Interface cannot be deleted because IGMP is still active on  this interface.,
50020,0,,,,,,Windows 10,1909,Pro,2019/12/10,18363.535,Interface cannot be deleted because IGMP is still active on  this interface.,
50020,0,,,,,,Windows 10,1909,Pro,2019/10/05,18363.418,Interface cannot be deleted because IGMP is still active on  this interface.,
50020,0,,,,,,Windows 10,1909,Pro,2021/06/08,18363.1621,Interface cannot be deleted because IGMP is still active on  this interface.,
50020,0,,,,,,Windows 10,1909,Pro,2021/05/11,18363.1556,Interface cannot be deleted because IGMP is still active on  this interface.,
50020,0,,,,,,Windows 10,1909,Pro,2021/04/13,18363.15,Interface cannot be deleted because IGMP is still active on  this interface.,
50020,0,,,,,,Windows 10,1909,Pro,2021/03/09,18363.144,Interface cannot be deleted because IGMP is still active on  this interface.,
50020,0,,,,,,Windows 10,1909,Pro,2021/02/11,18363.1379,Interface cannot be deleted because IGMP is still active on  this interface.,
50020,0,,,,,,Windows 10,1909,Pro,2021/01/12,18363.1316,Interface cannot be deleted because IGMP is still active on  this interface.,
50020,0,,,,,,Windows 10,1909,Pro,2020/12/08,18363.1256,Interface cannot be deleted because IGMP is still active on  this interface.,
50020,0,,,,,,Windows 10,1909,Pro,2020/11/10,18363.1198,Interface cannot be deleted because IGMP is still active on  this interface.,
50020,0,,,,,,Windows 10,1909,Pro,2020/10/13,18363.1139,Interface cannot be deleted because IGMP is still active on  this interface.,
50020,0,,,,,,Windows 10,1909,Pro,2020/09/08,18363.1082,Interface cannot be deleted because IGMP is still active on  this interface.,
50020,0,,,,,,Windows 10,1909,Pro,2020/08/11,18363.1016,Interface cannot be deleted because IGMP is still active on  this interface.,
50020,0,,,,,,Windows 10,1903,Pro,2020/07/14,18362.959,Interface cannot be deleted because IGMP is still active on  this interface.,
50020,0,,,,,,Windows 10,1903,Pro,2020/05/12,18362.836,Interface cannot be deleted because IGMP is still active on  this interface.,
50020,0,,,,,,Windows 10,1903,Pro,2020/03/12,18362.72,Interface cannot be deleted because IGMP is still active on  this interface.,
50020,0,,,,,,Windows 10,1903,Pro,2020/02/11,18362.657,Interface cannot be deleted because IGMP is still active on  this interface.,
50020,0,,,,,,Windows 10,1903,Pro,2019/12/10,18362.535,Interface cannot be deleted because IGMP is still active on  this interface.,
50020,0,,,,,,Windows 10,1903,Pro,2019/11/12,18362.476,Interface cannot be deleted because IGMP is still active on  this interface.,
50020,0,,,,,,Windows 10,1903,Pro,2019/09/10,18362.356,Interface cannot be deleted because IGMP is still active on  this interface.,
50020,0,,,,,,Windows 10,1903,Pro,2019/03/29,18362.3,Interface cannot be deleted because IGMP is still active on  this interface.,
50020,0,,,,,,Windows 10,1903,Pro,2019/07/09,18362.239,Interface cannot be deleted because IGMP is still active on  this interface.,
50020,0,,,,,,Windows 10,1903,Pro,2019/06/11,18362.175,Interface cannot be deleted because IGMP is still active on  this interface.,
50020,0,,,,,,Windows 10,1903,Pro,2020/12/08,18362.1256,Interface cannot be deleted because IGMP is still active on  this interface.,
50020,0,,,,,,Windows 10,1903,Pro,2020/11/10,18362.1198,Interface cannot be deleted because IGMP is still active on  this interface.,
50020,0,,,,,,Windows 10,1903,Pro,2020/10/13,18362.1139,Interface cannot be deleted because IGMP is still active on  this interface.,
50020,0,,,,,,Windows 10,1903,Pro,2020/09/08,18362.1082,Interface cannot be deleted because IGMP is still active on  this interface.,
50020,0,,,,,,Windows 10,1903,Pro,2019/12/10,18362.1016,Interface cannot be deleted because IGMP is still active on  this interface.,
50020,0,,,,,,Windows 10,1809,Pro,2020/01/14,17763.973,Interface cannot be deleted because IGMP is still active on  this interface.,
50020,0,,,,,,Windows Server 2019,1809,Standard,2020/01/14,17763.973,Interface cannot be deleted because IGMP is still active on  this interface.,
50020,0,,,,,,Windows 10,1809,Pro,2019/12/10,17763.914,Interface cannot be deleted because IGMP is still active on  this interface.,
50020,0,,,,,,Windows Server 2019,1809,Standard,2019/12/10,17763.914,Interface cannot be deleted because IGMP is still active on  this interface.,
50020,0,,,,,,Windows 10,1809,Pro,2019/11/12,17763.864,Interface cannot be deleted because IGMP is still active on  this interface.,
50020,0,,,,,,Windows Server 2019,1809,Standard,2019/11/12,17763.864,Interface cannot be deleted because IGMP is still active on  this interface.,
50020,0,,,,,,Windows 10,1809,Pro,2019/10/08,17763.805,Interface cannot be deleted because IGMP is still active on  this interface.,
50020,0,,,,,,Windows 10,1809,Pro,2019/09/10,17763.737,Interface cannot be deleted because IGMP is still active on  this interface.,
50020,0,,,,,,Windows Server 2019,1809,Standard,2019/09/10,17763.737,Interface cannot be deleted because IGMP is still active on  this interface.,
50020,0,,,,,,Windows 10,1809,Pro,2019/08/13,17763.678,Interface cannot be deleted because IGMP is still active on  this interface.,
50020,0,,,,,,Windows Server 2019,1809,Standard,2019/08/13,17763.678,Interface cannot be deleted because IGMP is still active on  this interface.,
50020,0,,,,,,Windows 10,1809,Pro,2019/07/09,17763.615,Interface cannot be deleted because IGMP is still active on  this interface.,
50020,0,,,,,,Windows 10,1809,Pro,2019/06/11,17763.557,Interface cannot be deleted because IGMP is still active on  this interface.,
50020,0,,,,,,Windows 10,1809,Pro,2019/05/19,17763.504,Interface cannot be deleted because IGMP is still active on  this interface.,
50020,0,,,,,,Windows 10,1809,Pro,2019/04/09,17763.437,Interface cannot be deleted because IGMP is still active on  this interface.,
50020,0,,,,,,Windows 10,1809,Pro,2019/03/12,17763.379,Interface cannot be deleted because IGMP is still active on  this interface.,
50020,0,,,,,,Windows Server 2019,1809,Standard,2019/03/12,17763.379,Interface cannot be deleted because IGMP is still active on  this interface.,
50020,0,,,,,,Windows Server 2019,1809,Standard,2022/11/15,17763.365,Interface cannot be deleted because IGMP is still active on  this interface.,
50020,0,,,,,,Windows 10,1809,Pro,2019/02/12,17763.316,Interface cannot be deleted because IGMP is still active on  this interface.,
50020,0,,,,,,Windows 10,1803,Pro,2019/01/08,17763.253,Interface cannot be deleted because IGMP is still active on  this interface.,
50020,0,,,,,,Windows Server 2019,1809,Standard,2021/08/10,17763.2114,Interface cannot be deleted because IGMP is still active on  this interface.,
50020,0,,,,,,Windows Server 2019,1809,Standard,2021/07/13,17763.2061,Interface cannot be deleted because IGMP is still active on  this interface.,
50020,0,,,,,,Windows Server 2019,1809,Standard,2021/06/08,17763.1999,Interface cannot be deleted because IGMP is still active on  this interface.,
50020,0,,,,,,Windows 10,1809,Pro,2018/12/11,17763.194,Interface cannot be deleted because IGMP is still active on  this interface.,
50020,0,,,,,,Windows Server 2019,1809,Standard,2021/05/11,17763.1935,Interface cannot be deleted because IGMP is still active on  this interface.,
50020,0,,,,,,Windows Server 2019,1809,Standard,2021/04/13,17763.1879,Interface cannot be deleted because IGMP is still active on  this interface.,
50020,0,,,,,,Windows Server 2019,1809,Standard,2021/03/09,17763.1817,Interface cannot be deleted because IGMP is still active on  this interface.,
50020,0,,,,,,Windows Server 2019,1809,Standard,2021/02/09,17763.1757,Interface cannot be deleted because IGMP is still active on  this interface.,
50020,0,,,,,,Windows Server 2019,1809,Standard,2021/01/12,17763.1697,Interface cannot be deleted because IGMP is still active on  this interface.,
50020,0,,,,,,Windows Server 2019,1809,Standard,2020/12/08,17763.1637,Interface cannot be deleted because IGMP is still active on  this interface.,
50020,0,,,,,,Windows 10,1809,Pro,2020/11/10,17763.1577,Interface cannot be deleted because IGMP is still active on  this interface.,
50020,0,,,,,,Windows Server 2019,1809,Standard,2020/11/10,17763.1577,Interface cannot be deleted because IGMP is still active on  this interface.,
50020,0,,,,,,Windows 10,1809,Pro,2020/10/13,17763.1518,Interface cannot be deleted because IGMP is still active on  this interface.,
50020,0,,,,,,Windows Server 2019,1809,Standard,2020/10/13,17763.1518,Interface cannot be deleted because IGMP is still active on  this interface.,
50020,0,,,,,,Windows 10,1809,Pro,2020/09/08,17763.1457,Interface cannot be deleted because IGMP is still active on  this interface.,
50020,0,,,,,,Windows Server 2019,1809,Standard,2020/09/10,17763.1457,Interface cannot be deleted because IGMP is still active on  this interface.,
50020,0,,,,,,Windows 10,1809,Pro,2020/08/11,17763.1397,Interface cannot be deleted because IGMP is still active on  this interface.,
50020,0,,,,,,Windows Server 2019,1809,Standard,2020/08/11,17763.1397,Interface cannot be deleted because IGMP is still active on  this interface.,
50020,0,,,,,,Windows 10,1809,Pro,2020/07/14,17763.1339,Interface cannot be deleted because IGMP is still active on  this interface.,
50020,0,,,,,,Windows Server 2019,1809,Standard,2020/07/14,17763.1339,Interface cannot be deleted because IGMP is still active on  this interface.,
50020,0,,,,,,Windows 10,1809,Pro,2020/06/09,17763.1282,Interface cannot be deleted because IGMP is still active on  this interface.,
50020,0,,,,,,Windows Server 2019,1809,Standard,2020/06/09,17763.1282,Interface cannot be deleted because IGMP is still active on  this interface.,
50020,0,,,,,,Windows 10,1809,Pro,2020/05/12,17763.1217,Interface cannot be deleted because IGMP is still active on  this interface.,
50020,0,,,,,,Windows Server 2019,1809,Standard,2020/05/12,17763.1217,Interface cannot be deleted because IGMP is still active on  this interface.,
50020,0,,,,,,Windows 10,1809,Pro,2020/04/14,17763.1158,Interface cannot be deleted because IGMP is still active on  this interface.,
50020,0,,,,,,Windows Server 2019,1809,Standard,2020/04/14,17763.1158,Interface cannot be deleted because IGMP is still active on  this interface.,
50020,0,,,,,,Windows 10,1809,Pro,2020/03/12,17763.1098,Interface cannot be deleted because IGMP is still active on  this interface.,
50020,0,,,,,,Windows Server 2019,1809,Standard,2020/03/10,17763.1098,Interface cannot be deleted because IGMP is still active on  this interface.,
50020,0,,,,,,Windows 10,1809,Pro,2018/11/13,17763.107,Interface cannot be deleted because IGMP is still active on  this interface.,
50020,0,,,,,,Windows Server 2019,1809,Standard,2018/11/13,17763.107,Interface cannot be deleted because IGMP is still active on  this interface.,
50020,0,,,,,,Windows 10,1809,Pro,2020/02/11,17763.1039,Interface cannot be deleted because IGMP is still active on  this interface.,
50020,0,,,,,,Windows Server 2019,1809,Standard,2020/02/11,17763.1039,Interface cannot be deleted because IGMP is still active on  this interface.,
50020,0,,,,,,Windows 10,1803,Pro,2019/08/13,17134.95,Interface cannot be deleted because IGMP is still active on  this interface.,
50020,0,,,,,,Windows 10,1803,Pro,2019/07/09,17134.885,Interface cannot be deleted because IGMP is still active on  this interface.,
50020,0,,,,,,Windows 10,1803,Pro,2019/06/11,17134.829,Interface cannot be deleted because IGMP is still active on  this interface.,
50020,0,,,,,,Windows 10,1803,Pro,2019/05/19,17134.766,Interface cannot be deleted because IGMP is still active on  this interface.,
50020,0,,,,,,Windows 10,1803,Pro,2019/04/09,17134.706,Interface cannot be deleted because IGMP is still active on  this interface.,
50020,0,,,,,,Windows 10,1803,Pro,2019/03/12,17134.648,Interface cannot be deleted because IGMP is still active on  this interface.,
50020,0,,,,,,Windows 10,1803,Pro,2019/01/08,17134.523,Interface cannot be deleted because IGMP is still active on  this interface.,
50020,0,,,,,,Windows 10,1803,Pro,2018/09/11,17134.285,Interface cannot be deleted because IGMP is still active on  this interface.,
50020,0,,,,,,Windows 10,1803,Pro,2018/08/14,17134.228,Interface cannot be deleted because IGMP is still active on  this interface.,
50020,0,,,,,,Windows 10,1803,Pro,2018/06/12,17134.112,Interface cannot be deleted because IGMP is still active on  this interface.,
50020,0,,,,,,Windows 10,1803,Pro,2019/09/10,17134.1006,Interface cannot be deleted because IGMP is still active on  this interface.,
50020,0,,,,,,Windows 10,1803,Pro,1970/01/01,17134.1,Interface cannot be deleted because IGMP is still active on  this interface.,
50020,0,,,,,,Windows 10,1709,Pro,2017/11/14,16299.64,Interface cannot be deleted because IGMP is still active on  this interface.,
50020,0,,,,,,Windows 10,1709,Pro,2017/11/14,16299.15,Interface cannot be deleted because IGMP is still active on  this interface.,
50020,0,,,,,,Windows 10,1709,Pro,2017/12/12,16299.125,Interface cannot be deleted because IGMP is still active on  this interface.,
50020,0,,,,,,Windows 10,1703,Pro,2017/07/11,15063.483,Interface cannot be deleted because IGMP is still active on  this interface.,
50020,0,,,,,,Windows 10,1703,Pro,2017/06/13,15063.413,Interface cannot be deleted because IGMP is still active on  this interface.,
50020,0,,,,,,Windows 10,1703,Pro,2017/03/20,15063.0,Interface cannot be deleted because IGMP is still active on  this interface.,
50020,0,,,,,,Windows 10,1607,Pro,2016/11/08,14393.447,Interface cannot be deleted because IGMP is still active on  this interface.,
50020,0,,,,,,Windows Server 2016,1607,Standard,2016/11/08,14393.447,Interface cannot be deleted because IGMP is still active on  this interface.,
50020,0,,,,,,Windows Server 2016,1607,Standard,2017/11/14,14393.1884,Interface cannot be deleted because IGMP is still active on  this interface.,
50020,0,,,,,,Windows Server 2016,1607,Standard,2016/10/12,14393.0,Interface cannot be deleted because IGMP is still active on  this interface.,
50020,0,,,,,,Windows 10,1511,Pro,2016/03/08,10586.164,Interface cannot be deleted because IGMP is still active on  this interface.,
50020,0,,,,,,Windows 10,1511,Enterprise,2016/02/09,10586.104,Interface cannot be deleted because IGMP is still active on  this interface.,
50020,0,,,,,,Windows 10,1511,Pro,1970/01/01,10586.0,Interface cannot be deleted because IGMP is still active on  this interface.,
50020,0,,,,,,Windows 10,1507,Pro,2015/07/29,10240.0,Interface cannot be deleted because IGMP is still active on  this interface.,
50020,0,,,,,,Windows 8.1,8.1,Pro,1970/01/01,9600.0,Interface cannot be deleted because IGMP is still active on  this interface.,
50020,0,,,,,,Windows 8,8,Pro,1970/01/01,9200.0,Interface cannot be deleted because IGMP is still active on  this interface.,
50020,0,,,,,,Windows Server 2008R2,SP1,Standard,2011/02/09,7601.0,Interface cannot be deleted because IGMP is still active on  this interface.,
50020,0,,,,,,Windows 7,SP1,Ultimate,1970/01/01,7601.0,Interface cannot be deleted because IGMP is still active on  this interface.,
50020,0,,,,,,Windows Server 2008,SP2,Standard,2009/05/26,6002.0,Interface cannot be deleted because IGMP is still active on  this interface.,
50021,0,,,,,,Windows 11,24H2,Pro,2024/10/2,26100.1742,Failed to set timer for forwarding entry.   The error code is in the data.,
50021,0,,,,,,Windows 11,22H2,Pro,2022/12/20,22621.963,Failed to set timer for forwarding entry.   The error code is in the data.,
50021,0,,,,,,Windows 11,22H2,Pro,2022/11/15,22621.819,Failed to set timer for forwarding entry.   The error code is in the data.,
50021,0,,,,,,Windows 11,22H2,Pro,2022/10/18,22621.674,Failed to set timer for forwarding entry.   The error code is in the data.,
50021,0,,,,,,Windows 11,22H2,Pro,2022/09/20,22621.382,Failed to set timer for forwarding entry.   The error code is in the data.,
50021,0,,,,,,Windows 11,22H2,Pro,2023/03/21,22621.1413,Failed to set timer for forwarding entry.   The error code is in the data.,
50021,0,,,,,,Windows 11,22H2,Pro,2023/02/21,22621.1265,Failed to set timer for forwarding entry.   The error code is in the data.,
50021,0,,,,,,Windows 11,22H2,Pro,2023/01/17,22621.1105,Failed to set timer for forwarding entry.   The error code is in the data.,
50021,0,,,,,,Windows 11,21H2,Pro,2022/09/20,22000.978,Failed to set timer for forwarding entry.   The error code is in the data.,
50021,0,,,,,,Windows 11,21H2,Pro,2022/08/16,22000.856,Failed to set timer for forwarding entry.   The error code is in the data.,
50021,0,,,,,,Windows 11,21H2,Pro,2022/07/19,22000.795,Failed to set timer for forwarding entry.   The error code is in the data.,
50021,0,,,,,,Windows 11,21H2,Pro,2022/06/21,22000.739,Failed to set timer for forwarding entry.   The error code is in the data.,
50021,0,,,,,,Windows 11,21H2,Pro,2022/05/17,22000.675,Failed to set timer for forwarding entry.   The error code is in the data.,
50021,0,,,,,,Windows 11,21H2,Pro,2022/04/19,22000.613,Failed to set timer for forwarding entry.   The error code is in the data.,
50021,0,,,,,,Windows 11,21H2,Pro,2022/03/15,22000.556,Failed to set timer for forwarding entry.   The error code is in the data.,
50021,0,,,,,,Windows 11,21H2,Pro,2022/02/15,22000.493,Failed to set timer for forwarding entry.   The error code is in the data.,
50021,0,,,,,,Windows 11,21H2,Pro,2022/01/11,22000.434,Failed to set timer for forwarding entry.   The error code is in the data.,
50021,0,,,,,,Windows 11,21H2,Pro,2021/12/14,22000.376,Failed to set timer for forwarding entry.   The error code is in the data.,
50021,0,,,,,,Windows 11,21H2,Pro,2021/11/09,22000.318,Failed to set timer for forwarding entry.   The error code is in the data.,
50021,0,,,,,,Windows 11,21H2,Pro,2021/09/16,22000.194,Failed to set timer for forwarding entry.   The error code is in the data.,
50021,0,,,,,,Windows 11,21H2,Pro,2023/03/21,22000.1696,Failed to set timer for forwarding entry.   The error code is in the data.,
50021,0,,,,,,Windows 11,21H2,Pro,2023/02/21,22000.1574,Failed to set timer for forwarding entry.   The error code is in the data.,
50021,0,,,,,,Windows 11,21H2,Pro,2023/01/17,22000.1455,Failed to set timer for forwarding entry.   The error code is in the data.,
50021,0,,,,,,Windows 11,21H2,Pro,2022/12/20,22000.1335,Failed to set timer for forwarding entry.   The error code is in the data.,
50021,0,,,,,,Windows 11,21H2,Pro,2022/11/15,22000.1219,Failed to set timer for forwarding entry.   The error code is in the data.,
50021,0,,,,,,Windows 11,21H2,Pro,2022/10/18,22000.1098,Failed to set timer for forwarding entry.   The error code is in the data.,
50021,0,,,,,,Windows 11,21H2,Pro-Dev,1970/01/01,21996.1,Failed to set timer for forwarding entry.   The error code is in the data.,
50021,0,,,,,,Windows Server 2022,21H2,Standard,2022/08/16,20348.887,Failed to set timer for forwarding entry.   The error code is in the data.,
50021,0,,,,,,Windows Server 2022,21H2,Standard,2022/07/19,20348.825,Failed to set timer for forwarding entry.   The error code is in the data.,
50021,0,,,,,,Windows Server 2022,21H2,Standard,2022/06/21,20348.768,Failed to set timer for forwarding entry.   The error code is in the data.,
50021,0,,,,,,Windows Server 2022,21H2,Standard,2022/05/17,20348.707,Failed to set timer for forwarding entry.   The error code is in the data.,
50021,0,,,,,,Windows Server 2022,21H2,Standard,2022/04/19,20348.643,Failed to set timer for forwarding entry.   The error code is in the data.,
50021,0,,,,,,Windows Server 2022,21H2,Standard,2022/02/15,20348.587,Failed to set timer for forwarding entry.   The error code is in the data.,
50021,0,,,,,,Windows Server 2022,21H2,Standard,2022/02/15,20348.524,Failed to set timer for forwarding entry.   The error code is in the data.,
50021,0,,,,,,Windows Server 2022,21H2,Standard,2022/01/11,20348.469,Failed to set timer for forwarding entry.   The error code is in the data.,
50021,0,,,,,,Windows Server 2022,21H2,Standard,2021/12/08,20348.405,Failed to set timer for forwarding entry.   The error code is in the data.,
50021,0,,,,,,Windows Server 2022,21H2,Standard,2021/11/09,20348.35,Failed to set timer for forwarding entry.   The error code is in the data.,
50021,0,,,,,,Windows Server 2022,21H2,Standard,2021/10/12,20348.288,Failed to set timer for forwarding entry.   The error code is in the data.,
50021,0,,,,,,Windows Server 2022,21H2,Standard,2021/09/14,20348.23,Failed to set timer for forwarding entry.   The error code is in the data.,
50021,0,,,,,,Windows Server 2022,21H2,Standard,2021/08/18,20348.169,Failed to set timer for forwarding entry.   The error code is in the data.,
50021,0,,,,,,Windows Server 2022,21H2,Standard,2023/03/21,20348.1607,Failed to set timer for forwarding entry.   The error code is in the data.,
50021,0,,,,,,Windows Server 2022,21H2,Standard,2023/02/21,20348.1547,Failed to set timer for forwarding entry.   The error code is in the data.,
50021,0,,,,,,Windows Server 2022,21H2,Standard,2023/01/17,20348.1487,Failed to set timer for forwarding entry.   The error code is in the data.,
50021,0,,,,,,Windows Server 2022,21H2,Standard,2022/12/20,20348.1366,Failed to set timer for forwarding entry.   The error code is in the data.,
50021,0,,,,,,Windows Server 2022,21H2,Standard,2022/11/15,20348.1249,Failed to set timer for forwarding entry.   The error code is in the data.,
50021,0,,,,,,Windows Server 2022,21H2,Standard,2022/10/18,20348.1129,Failed to set timer for forwarding entry.   The error code is in the data.,
50021,0,,,,,,Windows Server 2022,21H2,Standard,2022/09/20,20348.1006,Failed to set timer for forwarding entry.   The error code is in the data.,
50021,0,,,,,,Windows 10,22H2,Pro,2023/03/21,19045.2728,Failed to set timer for forwarding entry.   The error code is in the data.,
50021,0,,,,,,Windows 10,22H2,Pro,2023/02/21,19045.2604,Failed to set timer for forwarding entry.   The error code is in the data.,
50021,0,,,,,,Windows 10,22H2,Pro,2023/01/17,19045.2486,Failed to set timer for forwarding entry.   The error code is in the data.,
50021,0,,,,,,Windows 10,22H2,Pro,2022/12/20,19045.2364,Failed to set timer for forwarding entry.   The error code is in the data.,
50021,0,,,,,,Windows 10,22H2,Pro,2022/11/15,19045.2251,Failed to set timer for forwarding entry.   The error code is in the data.,
50021,0,,,,,,Windows 10,21H2,Pro,2023/03/21,19044.2728,Failed to set timer for forwarding entry.   The error code is in the data.,
50021,0,,,,,,Windows 10,21H2,Pro,2023/02/21,19044.2604,Failed to set timer for forwarding entry.   The error code is in the data.,
50021,0,,,,,,Windows 10,21H2,Pro,2023/01/17,19044.2486,Failed to set timer for forwarding entry.   The error code is in the data.,
50021,0,,,,,,Windows 10,21H2,Pro,2022/12/20,19044.2364,Failed to set timer for forwarding entry.   The error code is in the data.,
50021,0,,,,,,Windows 10,21H2,Pro,2022/11/15,19044.2251,Failed to set timer for forwarding entry.   The error code is in the data.,
50021,0,,,,,,Windows 10,21H2,Pro,2022/10/18,19044.213,Failed to set timer for forwarding entry.   The error code is in the data.,
50021,0,,,,,,Windows 10,21H2,Pro,2022/09/20,19044.2006,Failed to set timer for forwarding entry.   The error code is in the data.,
50021,0,,,,,,Windows 10,21H2,Pro,2022/08/16,19044.1889,Failed to set timer for forwarding entry.   The error code is in the data.,
50021,0,,,,,,Windows 10,21H2,Pro,2022/07/19,19044.1826,Failed to set timer for forwarding entry.   The error code is in the data.,
50021,0,,,,,,Windows 10,21H2,Pro,2022/06/21,19044.1766,Failed to set timer for forwarding entry.   The error code is in the data.,
50021,0,,,,,,Windows 10,21H2,Pro,2022/05/17,19044.1706,Failed to set timer for forwarding entry.   The error code is in the data.,
50021,0,,,,,,Windows 10,21H2,Pro,2022/04/19,19044.1645,Failed to set timer for forwarding entry.   The error code is in the data.,
50021,0,,,,,,Windows 10,21H2,Pro,2022/01/11,19044.1466,Failed to set timer for forwarding entry.   The error code is in the data.,
50021,0,,,,,,Windows 10,21H2,Pro,2021/10/12,19044.1288,Failed to set timer for forwarding entry.   The error code is in the data.,
50021,0,,,,,,Windows 10,21H1,Pro,2021/04/13,19043.928,Failed to set timer for forwarding entry.   The error code is in the data.,
50021,0,,,,,,Windows 10,21H1,Pro,2022/12/20,19043.2364,Failed to set timer for forwarding entry.   The error code is in the data.,
50021,0,,,,,,Windows 10,21H1,Pro,2022/11/15,19043.2251,Failed to set timer for forwarding entry.   The error code is in the data.,
50021,0,,,,,,Windows 10,21H1,Pro,2022/10/18,19043.213,Failed to set timer for forwarding entry.   The error code is in the data.,
50021,0,,,,,,Windows 10,21H1,Pro,2022/09/20,19043.2006,Failed to set timer for forwarding entry.   The error code is in the data.,
50021,0,,,,,,Windows 10,21H1,Pro,2022/08/16,19043.1889,Failed to set timer for forwarding entry.   The error code is in the data.,
50021,0,,,,,,Windows 10,21H1,Pro,2022/07/19,19043.1826,Failed to set timer for forwarding entry.   The error code is in the data.,
50021,0,,,,,,Windows 10,21H1,Pro,2022/06/21,19043.1766,Failed to set timer for forwarding entry.   The error code is in the data.,
50021,0,,,,,,Windows 10,21H1,Pro,2022/05/17,19043.1706,Failed to set timer for forwarding entry.   The error code is in the data.,
50021,0,,,,,,Windows 10,21H1,Pro,2022/04/19,19043.1645,Failed to set timer for forwarding entry.   The error code is in the data.,
50021,0,,,,,,Windows 10,21H1,Pro,2022/01/11,19043.1466,Failed to set timer for forwarding entry.   The error code is in the data.,
50021,0,,,,,,Windows 10,21H1,Pro,2021/12/14,19043.1415,Failed to set timer for forwarding entry.   The error code is in the data.,
50021,0,,,,,,Windows 10,21H2,Pro,2021/12/14,19043.1415,Failed to set timer for forwarding entry.   The error code is in the data.,
50021,0,,,,,,Windows 10,21H1,Pro,2021/11/09,19043.1348,Failed to set timer for forwarding entry.   The error code is in the data.,
50021,0,,,,,,Windows 10,21H1,Pro,2021/10/12,19043.1288,Failed to set timer for forwarding entry.   The error code is in the data.,
50021,0,,,,,,Windows 10,21H1,Pro,2021/09/14,19043.1237,Failed to set timer for forwarding entry.   The error code is in the data.,
50021,0,,,,,,Windows 10,21H1,Pro,2021/08/10,19043.1165,Failed to set timer for forwarding entry.   The error code is in the data.,
50021,0,,,,,,Windows 10,21H1,Pro,2021/07/13,19043.111,Failed to set timer for forwarding entry.   The error code is in the data.,
50021,0,,,,,,Windows 10,21H1,Pro,2021/06/08,19043.1052,Failed to set timer for forwarding entry.   The error code is in the data.,
50021,0,,,,,,Windows 10,20H2,Pro,2022/04/19,19042.1645,Failed to set timer for forwarding entry.   The error code is in the data.,
50021,0,,,,,,Windows 10,20H2,Pro,2022/01/11,19042.1466,Failed to set timer for forwarding entry.   The error code is in the data.,
50021,0,,,,,,Windows 10,2004,Pro,2021/05/11,19041.985,Failed to set timer for forwarding entry.   The error code is in the data.,
50021,0,,,,,,Windows 10,20H2,Pro,2021/05/11,19041.985,Failed to set timer for forwarding entry.   The error code is in the data.,
50021,0,,,,,,Windows 10,2004,Pro,2021/04/13,19041.928,Failed to set timer for forwarding entry.   The error code is in the data.,
50021,0,,,,,,Windows 10,20H2,Pro,2021/04/13,19041.928,Failed to set timer for forwarding entry.   The error code is in the data.,
50021,0,,,,,,Windows 10,2004,Pro,2021/03/09,19041.867,Failed to set timer for forwarding entry.   The error code is in the data.,
50021,0,,,,,,Windows 10,20H2,Pro,2021/03/09,19041.867,Failed to set timer for forwarding entry.   The error code is in the data.,
50021,0,,,,,,Windows 10,2004,Pro,2021/02/09,19041.804,Failed to set timer for forwarding entry.   The error code is in the data.,
50021,0,,,,,,Windows 10,20H2,Pro,2021/02/09,19041.804,Failed to set timer for forwarding entry.   The error code is in the data.,
50021,0,,,,,,Windows 10,2004,Pro,2021/01/12,19041.746,Failed to set timer for forwarding entry.   The error code is in the data.,
50021,0,,,,,,Windows 10,20H2,Pro,2021/01/12,19041.746,Failed to set timer for forwarding entry.   The error code is in the data.,
50021,0,,,,,,Windows 10,2004,Pro,2020/12/08,19041.685,Failed to set timer for forwarding entry.   The error code is in the data.,
50021,0,,,,,,Windows 10,20H2,Pro,2020/12/08,19041.685,Failed to set timer for forwarding entry.   The error code is in the data.,
50021,0,,,,,,Windows 10,20H2,Pro,2020/11/19,19041.631,Failed to set timer for forwarding entry.   The error code is in the data.,
50021,0,,,,,,Windows 10,2004,Pro,2020/11/10,19041.63,Failed to set timer for forwarding entry.   The error code is in the data.,
50021,0,,,,,,Windows 10,2004,Pro,2020/10/13,19041.572,Failed to set timer for forwarding entry.   The error code is in the data.,
50021,0,,,,,,Windows 10,2004,Pro,2020/09/08,19041.508,Failed to set timer for forwarding entry.   The error code is in the data.,
50021,0,,,,,,Windows 10,2004,Pro,2020/08/11,19041.45,Failed to set timer for forwarding entry.   The error code is in the data.,
50021,0,,,,,,Windows 10,2004,Pro,2020/07/14,19041.388,Failed to set timer for forwarding entry.   The error code is in the data.,
50021,0,,,,,,Windows 10,2004,Pro,2020/06/09,19041.329,Failed to set timer for forwarding entry.   The error code is in the data.,
50021,0,,,,,,Windows 10,2004,Pro,2020/05/27,19041.264,Failed to set timer for forwarding entry.   The error code is in the data.,
50021,0,,,,,,Windows 10,2004,Pro,2020/04/16,19041.208,Failed to set timer for forwarding entry.   The error code is in the data.,
50021,0,,,,,,Windows 10,21H1,Pro,2022/03/15,19041.1586,Failed to set timer for forwarding entry.   The error code is in the data.,
50021,0,,,,,,Windows 10,20H2,Pro,2022/03/15,19041.1586,Failed to set timer for forwarding entry.   The error code is in the data.,
50021,0,,,,,,Windows 10,21H2,Pro,2022/03/15,19041.1586,Failed to set timer for forwarding entry.   The error code is in the data.,
50021,0,,,,,,Windows 10,21H1,Pro,2022/02/15,19041.1526,Failed to set timer for forwarding entry.   The error code is in the data.,
50021,0,,,,,,Windows 10,20H2,Pro,2022/02/15,19041.1526,Failed to set timer for forwarding entry.   The error code is in the data.,
50021,0,,,,,,Windows 10,21H2,Pro,2022/02/15,19041.1526,Failed to set timer for forwarding entry.   The error code is in the data.,
50021,0,,,,,,Windows 10,20H2,Pro,2021/12/14,19041.1415,Failed to set timer for forwarding entry.   The error code is in the data.,
50021,0,,,,,,Windows 10,2004,Pro,2021/11/09,19041.1348,Failed to set timer for forwarding entry.   The error code is in the data.,
50021,0,,,,,,Windows 10,20H2,Pro,2021/11/09,19041.1348,Failed to set timer for forwarding entry.   The error code is in the data.,
50021,0,,,,,,Windows 10,2004,Pro,2021/10/12,19041.1288,Failed to set timer for forwarding entry.   The error code is in the data.,
50021,0,,,,,,Windows 10,20H2,Pro,2021/10/12,19041.1288,Failed to set timer for forwarding entry.   The error code is in the data.,
50021,0,,,,,,Windows 10,2004,Pro,2021/09/14,19041.1237,Failed to set timer for forwarding entry.   The error code is in the data.,
50021,0,,,,,,Windows 10,20H2,Pro,2021/09/14,19041.1237,Failed to set timer for forwarding entry.   The error code is in the data.,
50021,0,,,,,,Windows 10,2004,Pro,2021/08/10,19041.1165,Failed to set timer for forwarding entry.   The error code is in the data.,
50021,0,,,,,,Windows 10,20H2,Pro,2021/08/10,19041.1165,Failed to set timer for forwarding entry.   The error code is in the data.,
50021,0,,,,,,Windows 10,2004,Pro,2021/07/13,19041.111,Failed to set timer for forwarding entry.   The error code is in the data.,
50021,0,,,,,,Windows 10,20H2,Pro,2021/07/13,19041.111,Failed to set timer for forwarding entry.   The error code is in the data.,
50021,0,,,,,,Windows 10,2004,Pro,2021/06/08,19041.1052,Failed to set timer for forwarding entry.   The error code is in the data.,
50021,0,,,,,,Windows 10,20H2,Pro,2021/06/08,19041.1052,Failed to set timer for forwarding entry.   The error code is in the data.,
50021,0,,,,,,Windows 10,1909,Pro,2020/07/14,18363.959,Failed to set timer for forwarding entry.   The error code is in the data.,
50021,0,,,,,,Windows 10,1909,Pro,2020/06/09,18363.9,Failed to set timer for forwarding entry.   The error code is in the data.,
50021,0,,,,,,Windows 10,1909,Pro,2020/05/12,18363.836,Failed to set timer for forwarding entry.   The error code is in the data.,
50021,0,,,,,,Windows 10,1909,Pro,2020/04/14,18363.778,Failed to set timer for forwarding entry.   The error code is in the data.,
50021,0,,,,,,Windows 10,1909,Pro,2020/03/12,18363.72,Failed to set timer for forwarding entry.   The error code is in the data.,
50021,0,,,,,,Windows 10,1909,Pro,2020/02/11,18363.657,Failed to set timer for forwarding entry.   The error code is in the data.,
50021,0,,,,,,Windows 10,1909,Pro,2020/01/14,18363.592,Failed to set timer for forwarding entry.   The error code is in the data.,
50021,0,,,,,,Windows 10,1909,Pro,2019/12/10,18363.535,Failed to set timer for forwarding entry.   The error code is in the data.,
50021,0,,,,,,Windows 10,1909,Pro,2019/10/05,18363.418,Failed to set timer for forwarding entry.   The error code is in the data.,
50021,0,,,,,,Windows 10,1909,Pro,2021/06/08,18363.1621,Failed to set timer for forwarding entry.   The error code is in the data.,
50021,0,,,,,,Windows 10,1909,Pro,2021/05/11,18363.1556,Failed to set timer for forwarding entry.   The error code is in the data.,
50021,0,,,,,,Windows 10,1909,Pro,2021/04/13,18363.15,Failed to set timer for forwarding entry.   The error code is in the data.,
50021,0,,,,,,Windows 10,1909,Pro,2021/03/09,18363.144,Failed to set timer for forwarding entry.   The error code is in the data.,
50021,0,,,,,,Windows 10,1909,Pro,2021/02/11,18363.1379,Failed to set timer for forwarding entry.   The error code is in the data.,
50021,0,,,,,,Windows 10,1909,Pro,2021/01/12,18363.1316,Failed to set timer for forwarding entry.   The error code is in the data.,
50021,0,,,,,,Windows 10,1909,Pro,2020/12/08,18363.1256,Failed to set timer for forwarding entry.   The error code is in the data.,
50021,0,,,,,,Windows 10,1909,Pro,2020/11/10,18363.1198,Failed to set timer for forwarding entry.   The error code is in the data.,
50021,0,,,,,,Windows 10,1909,Pro,2020/10/13,18363.1139,Failed to set timer for forwarding entry.   The error code is in the data.,
50021,0,,,,,,Windows 10,1909,Pro,2020/09/08,18363.1082,Failed to set timer for forwarding entry.   The error code is in the data.,
50021,0,,,,,,Windows 10,1909,Pro,2020/08/11,18363.1016,Failed to set timer for forwarding entry.   The error code is in the data.,
50021,0,,,,,,Windows 10,1903,Pro,2020/07/14,18362.959,Failed to set timer for forwarding entry.   The error code is in the data.,
50021,0,,,,,,Windows 10,1903,Pro,2020/05/12,18362.836,Failed to set timer for forwarding entry.   The error code is in the data.,
50021,0,,,,,,Windows 10,1903,Pro,2020/03/12,18362.72,Failed to set timer for forwarding entry.   The error code is in the data.,
50021,0,,,,,,Windows 10,1903,Pro,2020/02/11,18362.657,Failed to set timer for forwarding entry.   The error code is in the data.,
50021,0,,,,,,Windows 10,1903,Pro,2019/12/10,18362.535,Failed to set timer for forwarding entry.   The error code is in the data.,
50021,0,,,,,,Windows 10,1903,Pro,2019/11/12,18362.476,Failed to set timer for forwarding entry.   The error code is in the data.,
50021,0,,,,,,Windows 10,1903,Pro,2019/09/10,18362.356,Failed to set timer for forwarding entry.   The error code is in the data.,
50021,0,,,,,,Windows 10,1903,Pro,2019/03/29,18362.3,Failed to set timer for forwarding entry.   The error code is in the data.,
50021,0,,,,,,Windows 10,1903,Pro,2019/07/09,18362.239,Failed to set timer for forwarding entry.   The error code is in the data.,
50021,0,,,,,,Windows 10,1903,Pro,2019/06/11,18362.175,Failed to set timer for forwarding entry.   The error code is in the data.,
50021,0,,,,,,Windows 10,1903,Pro,2020/12/08,18362.1256,Failed to set timer for forwarding entry.   The error code is in the data.,
50021,0,,,,,,Windows 10,1903,Pro,2020/11/10,18362.1198,Failed to set timer for forwarding entry.   The error code is in the data.,
50021,0,,,,,,Windows 10,1903,Pro,2020/10/13,18362.1139,Failed to set timer for forwarding entry.   The error code is in the data.,
50021,0,,,,,,Windows 10,1903,Pro,2020/09/08,18362.1082,Failed to set timer for forwarding entry.   The error code is in the data.,
50021,0,,,,,,Windows 10,1903,Pro,2019/12/10,18362.1016,Failed to set timer for forwarding entry.   The error code is in the data.,
50021,0,,,,,,Windows 10,1809,Pro,2020/01/14,17763.973,Failed to set timer for forwarding entry.   The error code is in the data.,
50021,0,,,,,,Windows Server 2019,1809,Standard,2020/01/14,17763.973,Failed to set timer for forwarding entry.   The error code is in the data.,
50021,0,,,,,,Windows 10,1809,Pro,2019/12/10,17763.914,Failed to set timer for forwarding entry.   The error code is in the data.,
50021,0,,,,,,Windows Server 2019,1809,Standard,2019/12/10,17763.914,Failed to set timer for forwarding entry.   The error code is in the data.,
50021,0,,,,,,Windows 10,1809,Pro,2019/11/12,17763.864,Failed to set timer for forwarding entry.   The error code is in the data.,
50021,0,,,,,,Windows Server 2019,1809,Standard,2019/11/12,17763.864,Failed to set timer for forwarding entry.   The error code is in the data.,
50021,0,,,,,,Windows 10,1809,Pro,2019/10/08,17763.805,Failed to set timer for forwarding entry.   The error code is in the data.,
50021,0,,,,,,Windows 10,1809,Pro,2019/09/10,17763.737,Failed to set timer for forwarding entry.   The error code is in the data.,
50021,0,,,,,,Windows Server 2019,1809,Standard,2019/09/10,17763.737,Failed to set timer for forwarding entry.   The error code is in the data.,
50021,0,,,,,,Windows 10,1809,Pro,2019/08/13,17763.678,Failed to set timer for forwarding entry.   The error code is in the data.,
50021,0,,,,,,Windows Server 2019,1809,Standard,2019/08/13,17763.678,Failed to set timer for forwarding entry.   The error code is in the data.,
50021,0,,,,,,Windows 10,1809,Pro,2019/07/09,17763.615,Failed to set timer for forwarding entry.   The error code is in the data.,
50021,0,,,,,,Windows 10,1809,Pro,2019/06/11,17763.557,Failed to set timer for forwarding entry.   The error code is in the data.,
50021,0,,,,,,Windows 10,1809,Pro,2019/05/19,17763.504,Failed to set timer for forwarding entry.   The error code is in the data.,
50021,0,,,,,,Windows 10,1809,Pro,2019/04/09,17763.437,Failed to set timer for forwarding entry.   The error code is in the data.,
50021,0,,,,,,Windows 10,1809,Pro,2019/03/12,17763.379,Failed to set timer for forwarding entry.   The error code is in the data.,
50021,0,,,,,,Windows Server 2019,1809,Standard,2019/03/12,17763.379,Failed to set timer for forwarding entry.   The error code is in the data.,
50021,0,,,,,,Windows Server 2019,1809,Standard,2022/11/15,17763.365,Failed to set timer for forwarding entry.   The error code is in the data.,
50021,0,,,,,,Windows 10,1809,Pro,2019/02/12,17763.316,Failed to set timer for forwarding entry.   The error code is in the data.,
50021,0,,,,,,Windows 10,1803,Pro,2019/01/08,17763.253,Failed to set timer for forwarding entry.   The error code is in the data.,
50021,0,,,,,,Windows Server 2019,1809,Standard,2021/08/10,17763.2114,Failed to set timer for forwarding entry.   The error code is in the data.,
50021,0,,,,,,Windows Server 2019,1809,Standard,2021/07/13,17763.2061,Failed to set timer for forwarding entry.   The error code is in the data.,
50021,0,,,,,,Windows Server 2019,1809,Standard,2021/06/08,17763.1999,Failed to set timer for forwarding entry.   The error code is in the data.,
50021,0,,,,,,Windows 10,1809,Pro,2018/12/11,17763.194,Failed to set timer for forwarding entry.   The error code is in the data.,
50021,0,,,,,,Windows Server 2019,1809,Standard,2021/05/11,17763.1935,Failed to set timer for forwarding entry.   The error code is in the data.,
50021,0,,,,,,Windows Server 2019,1809,Standard,2021/04/13,17763.1879,Failed to set timer for forwarding entry.   The error code is in the data.,
50021,0,,,,,,Windows Server 2019,1809,Standard,2021/03/09,17763.1817,Failed to set timer for forwarding entry.   The error code is in the data.,
50021,0,,,,,,Windows Server 2019,1809,Standard,2021/02/09,17763.1757,Failed to set timer for forwarding entry.   The error code is in the data.,
50021,0,,,,,,Windows Server 2019,1809,Standard,2021/01/12,17763.1697,Failed to set timer for forwarding entry.   The error code is in the data.,
50021,0,,,,,,Windows Server 2019,1809,Standard,2020/12/08,17763.1637,Failed to set timer for forwarding entry.   The error code is in the data.,
50021,0,,,,,,Windows 10,1809,Pro,2020/11/10,17763.1577,Failed to set timer for forwarding entry.   The error code is in the data.,
50021,0,,,,,,Windows Server 2019,1809,Standard,2020/11/10,17763.1577,Failed to set timer for forwarding entry.   The error code is in the data.,
50021,0,,,,,,Windows 10,1809,Pro,2020/10/13,17763.1518,Failed to set timer for forwarding entry.   The error code is in the data.,
50021,0,,,,,,Windows Server 2019,1809,Standard,2020/10/13,17763.1518,Failed to set timer for forwarding entry.   The error code is in the data.,
50021,0,,,,,,Windows 10,1809,Pro,2020/09/08,17763.1457,Failed to set timer for forwarding entry.   The error code is in the data.,
50021,0,,,,,,Windows Server 2019,1809,Standard,2020/09/10,17763.1457,Failed to set timer for forwarding entry.   The error code is in the data.,
50021,0,,,,,,Windows 10,1809,Pro,2020/08/11,17763.1397,Failed to set timer for forwarding entry.   The error code is in the data.,
50021,0,,,,,,Windows Server 2019,1809,Standard,2020/08/11,17763.1397,Failed to set timer for forwarding entry.   The error code is in the data.,
50021,0,,,,,,Windows 10,1809,Pro,2020/07/14,17763.1339,Failed to set timer for forwarding entry.   The error code is in the data.,
50021,0,,,,,,Windows Server 2019,1809,Standard,2020/07/14,17763.1339,Failed to set timer for forwarding entry.   The error code is in the data.,
50021,0,,,,,,Windows 10,1809,Pro,2020/06/09,17763.1282,Failed to set timer for forwarding entry.   The error code is in the data.,
50021,0,,,,,,Windows Server 2019,1809,Standard,2020/06/09,17763.1282,Failed to set timer for forwarding entry.   The error code is in the data.,
50021,0,,,,,,Windows 10,1809,Pro,2020/05/12,17763.1217,Failed to set timer for forwarding entry.   The error code is in the data.,
50021,0,,,,,,Windows Server 2019,1809,Standard,2020/05/12,17763.1217,Failed to set timer for forwarding entry.   The error code is in the data.,
50021,0,,,,,,Windows 10,1809,Pro,2020/04/14,17763.1158,Failed to set timer for forwarding entry.   The error code is in the data.,
50021,0,,,,,,Windows Server 2019,1809,Standard,2020/04/14,17763.1158,Failed to set timer for forwarding entry.   The error code is in the data.,
50021,0,,,,,,Windows 10,1809,Pro,2020/03/12,17763.1098,Failed to set timer for forwarding entry.   The error code is in the data.,
50021,0,,,,,,Windows Server 2019,1809,Standard,2020/03/10,17763.1098,Failed to set timer for forwarding entry.   The error code is in the data.,
50021,0,,,,,,Windows 10,1809,Pro,2018/11/13,17763.107,Failed to set timer for forwarding entry.   The error code is in the data.,
50021,0,,,,,,Windows Server 2019,1809,Standard,2018/11/13,17763.107,Failed to set timer for forwarding entry.   The error code is in the data.,
50021,0,,,,,,Windows 10,1809,Pro,2020/02/11,17763.1039,Failed to set timer for forwarding entry.   The error code is in the data.,
50021,0,,,,,,Windows Server 2019,1809,Standard,2020/02/11,17763.1039,Failed to set timer for forwarding entry.   The error code is in the data.,
50021,0,,,,,,Windows 10,1803,Pro,2019/08/13,17134.95,Failed to set timer for forwarding entry.   The error code is in the data.,
50021,0,,,,,,Windows 10,1803,Pro,2019/07/09,17134.885,Failed to set timer for forwarding entry.   The error code is in the data.,
50021,0,,,,,,Windows 10,1803,Pro,2019/06/11,17134.829,Failed to set timer for forwarding entry.   The error code is in the data.,
50021,0,,,,,,Windows 10,1803,Pro,2019/05/19,17134.766,Failed to set timer for forwarding entry.   The error code is in the data.,
50021,0,,,,,,Windows 10,1803,Pro,2019/04/09,17134.706,Failed to set timer for forwarding entry.   The error code is in the data.,
50021,0,,,,,,Windows 10,1803,Pro,2019/03/12,17134.648,Failed to set timer for forwarding entry.   The error code is in the data.,
50021,0,,,,,,Windows 10,1803,Pro,2019/01/08,17134.523,Failed to set timer for forwarding entry.   The error code is in the data.,
50021,0,,,,,,Windows 10,1803,Pro,2018/09/11,17134.285,Failed to set timer for forwarding entry.   The error code is in the data.,
50021,0,,,,,,Windows 10,1803,Pro,2018/08/14,17134.228,Failed to set timer for forwarding entry.   The error code is in the data.,
50021,0,,,,,,Windows 10,1803,Pro,2018/06/12,17134.112,Failed to set timer for forwarding entry.   The error code is in the data.,
50021,0,,,,,,Windows 10,1803,Pro,2019/09/10,17134.1006,Failed to set timer for forwarding entry.   The error code is in the data.,
50021,0,,,,,,Windows 10,1803,Pro,1970/01/01,17134.1,Failed to set timer for forwarding entry.   The error code is in the data.,
50021,0,,,,,,Windows 10,1709,Pro,2017/11/14,16299.64,Failed to set timer for forwarding entry.   The error code is in the data.,
50021,0,,,,,,Windows 10,1709,Pro,2017/11/14,16299.15,Failed to set timer for forwarding entry.   The error code is in the data.,
50021,0,,,,,,Windows 10,1709,Pro,2017/12/12,16299.125,Failed to set timer for forwarding entry.   The error code is in the data.,
50021,0,,,,,,Windows 10,1703,Pro,2017/07/11,15063.483,Failed to set timer for forwarding entry.   The error code is in the data.,
50021,0,,,,,,Windows 10,1703,Pro,2017/06/13,15063.413,Failed to set timer for forwarding entry.   The error code is in the data.,
50021,0,,,,,,Windows 10,1703,Pro,2017/03/20,15063.0,Failed to set timer for forwarding entry.   The error code is in the data.,
50021,0,,,,,,Windows 10,1607,Pro,2016/11/08,14393.447,Failed to set timer for forwarding entry.   The error code is in the data.,
50021,0,,,,,,Windows Server 2016,1607,Standard,2016/11/08,14393.447,Failed to set timer for forwarding entry.   The error code is in the data.,
50021,0,,,,,,Windows Server 2016,1607,Standard,2017/11/14,14393.1884,Failed to set timer for forwarding entry.   The error code is in the data.,
50021,0,,,,,,Windows Server 2016,1607,Standard,2016/10/12,14393.0,Failed to set timer for forwarding entry.   The error code is in the data.,
50021,0,,,,,,Windows 10,1511,Pro,2016/03/08,10586.164,Failed to set timer for forwarding entry.   The error code is in the data.,
50021,0,,,,,,Windows 10,1511,Enterprise,2016/02/09,10586.104,Failed to set timer for forwarding entry.   The error code is in the data.,
50021,0,,,,,,Windows 10,1511,Pro,1970/01/01,10586.0,Failed to set timer for forwarding entry.   The error code is in the data.,
50021,0,,,,,,Windows 10,1507,Pro,2015/07/29,10240.0,Failed to set timer for forwarding entry.   The error code is in the data.,
50021,0,,,,,,Windows 8.1,8.1,Pro,1970/01/01,9600.0,Failed to set timer for forwarding entry.   The error code is in the data.,
50021,0,,,,,,Windows 8,8,Pro,1970/01/01,9200.0,Failed to set timer for forwarding entry.   The error code is in the data.,
50021,0,,,,,,Windows Server 2008R2,SP1,Standard,2011/02/09,7601.0,Failed to set timer for forwarding entry.   The error code is in the data.,
50021,0,,,,,,Windows 7,SP1,Ultimate,1970/01/01,7601.0,Failed to set timer for forwarding entry.   The error code is in the data.,
50021,0,,,,,,Windows Server 2008,SP2,Standard,2009/05/26,6002.0,Failed to set timer for forwarding entry.   The error code is in the data.,
50022,0,,,,,,Windows 11,24H2,Pro,2024/10/2,26100.1742,Failed to register with RTM. The error code is in the data.,
50022,0,,,,,,Windows 11,22H2,Pro,2022/12/20,22621.963,Failed to register with RTM. The error code is in the data.,
50022,0,,,,,,Windows 11,22H2,Pro,2022/11/15,22621.819,Failed to register with RTM. The error code is in the data.,
50022,0,,,,,,Windows 11,22H2,Pro,2022/10/18,22621.674,Failed to register with RTM. The error code is in the data.,
50022,0,,,,,,Windows 11,22H2,Pro,2022/09/20,22621.382,Failed to register with RTM. The error code is in the data.,
50022,0,,,,,,Windows 11,22H2,Pro,2023/03/21,22621.1413,Failed to register with RTM. The error code is in the data.,
50022,0,,,,,,Windows 11,22H2,Pro,2023/02/21,22621.1265,Failed to register with RTM. The error code is in the data.,
50022,0,,,,,,Windows 11,22H2,Pro,2023/01/17,22621.1105,Failed to register with RTM. The error code is in the data.,
50022,0,,,,,,Windows 11,21H2,Pro,2022/09/20,22000.978,Failed to register with RTM. The error code is in the data.,
50022,0,,,,,,Windows 11,21H2,Pro,2022/08/16,22000.856,Failed to register with RTM. The error code is in the data.,
50022,0,,,,,,Windows 11,21H2,Pro,2022/07/19,22000.795,Failed to register with RTM. The error code is in the data.,
50022,0,,,,,,Windows 11,21H2,Pro,2022/06/21,22000.739,Failed to register with RTM. The error code is in the data.,
50022,0,,,,,,Windows 11,21H2,Pro,2022/05/17,22000.675,Failed to register with RTM. The error code is in the data.,
50022,0,,,,,,Windows 11,21H2,Pro,2022/04/19,22000.613,Failed to register with RTM. The error code is in the data.,
50022,0,,,,,,Windows 11,21H2,Pro,2022/03/15,22000.556,Failed to register with RTM. The error code is in the data.,
50022,0,,,,,,Windows 11,21H2,Pro,2022/02/15,22000.493,Failed to register with RTM. The error code is in the data.,
50022,0,,,,,,Windows 11,21H2,Pro,2022/01/11,22000.434,Failed to register with RTM. The error code is in the data.,
50022,0,,,,,,Windows 11,21H2,Pro,2021/12/14,22000.376,Failed to register with RTM. The error code is in the data.,
50022,0,,,,,,Windows 11,21H2,Pro,2021/11/09,22000.318,Failed to register with RTM. The error code is in the data.,
50022,0,,,,,,Windows 11,21H2,Pro,2021/09/16,22000.194,Failed to register with RTM. The error code is in the data.,
50022,0,,,,,,Windows 11,21H2,Pro,2023/03/21,22000.1696,Failed to register with RTM. The error code is in the data.,
50022,0,,,,,,Windows 11,21H2,Pro,2023/02/21,22000.1574,Failed to register with RTM. The error code is in the data.,
50022,0,,,,,,Windows 11,21H2,Pro,2023/01/17,22000.1455,Failed to register with RTM. The error code is in the data.,
50022,0,,,,,,Windows 11,21H2,Pro,2022/12/20,22000.1335,Failed to register with RTM. The error code is in the data.,
50022,0,,,,,,Windows 11,21H2,Pro,2022/11/15,22000.1219,Failed to register with RTM. The error code is in the data.,
50022,0,,,,,,Windows 11,21H2,Pro,2022/10/18,22000.1098,Failed to register with RTM. The error code is in the data.,
50022,0,,,,,,Windows 11,21H2,Pro-Dev,1970/01/01,21996.1,Failed to register with RTM. The error code is in the data.,
50022,0,,,,,,Windows Server 2022,21H2,Standard,2022/08/16,20348.887,Failed to register with RTM. The error code is in the data.,
50022,0,,,,,,Windows Server 2022,21H2,Standard,2022/07/19,20348.825,Failed to register with RTM. The error code is in the data.,
50022,0,,,,,,Windows Server 2022,21H2,Standard,2022/06/21,20348.768,Failed to register with RTM. The error code is in the data.,
50022,0,,,,,,Windows Server 2022,21H2,Standard,2022/05/17,20348.707,Failed to register with RTM. The error code is in the data.,
50022,0,,,,,,Windows Server 2022,21H2,Standard,2022/04/19,20348.643,Failed to register with RTM. The error code is in the data.,
50022,0,,,,,,Windows Server 2022,21H2,Standard,2022/02/15,20348.587,Failed to register with RTM. The error code is in the data.,
50022,0,,,,,,Windows Server 2022,21H2,Standard,2022/02/15,20348.524,Failed to register with RTM. The error code is in the data.,
50022,0,,,,,,Windows Server 2022,21H2,Standard,2022/01/11,20348.469,Failed to register with RTM. The error code is in the data.,
50022,0,,,,,,Windows Server 2022,21H2,Standard,2021/12/08,20348.405,Failed to register with RTM. The error code is in the data.,
50022,0,,,,,,Windows Server 2022,21H2,Standard,2021/11/09,20348.35,Failed to register with RTM. The error code is in the data.,
50022,0,,,,,,Windows Server 2022,21H2,Standard,2021/10/12,20348.288,Failed to register with RTM. The error code is in the data.,
50022,0,,,,,,Windows Server 2022,21H2,Standard,2021/09/14,20348.23,Failed to register with RTM. The error code is in the data.,
50022,0,,,,,,Windows Server 2022,21H2,Standard,2021/08/18,20348.169,Failed to register with RTM. The error code is in the data.,
50022,0,,,,,,Windows Server 2022,21H2,Standard,2023/03/21,20348.1607,Failed to register with RTM. The error code is in the data.,
50022,0,,,,,,Windows Server 2022,21H2,Standard,2023/02/21,20348.1547,Failed to register with RTM. The error code is in the data.,
50022,0,,,,,,Windows Server 2022,21H2,Standard,2023/01/17,20348.1487,Failed to register with RTM. The error code is in the data.,
50022,0,,,,,,Windows Server 2022,21H2,Standard,2022/12/20,20348.1366,Failed to register with RTM. The error code is in the data.,
50022,0,,,,,,Windows Server 2022,21H2,Standard,2022/11/15,20348.1249,Failed to register with RTM. The error code is in the data.,
50022,0,,,,,,Windows Server 2022,21H2,Standard,2022/10/18,20348.1129,Failed to register with RTM. The error code is in the data.,
50022,0,,,,,,Windows Server 2022,21H2,Standard,2022/09/20,20348.1006,Failed to register with RTM. The error code is in the data.,
50022,0,,,,,,Windows 10,22H2,Pro,2023/03/21,19045.2728,Failed to register with RTM. The error code is in the data.,
50022,0,,,,,,Windows 10,22H2,Pro,2023/02/21,19045.2604,Failed to register with RTM. The error code is in the data.,
50022,0,,,,,,Windows 10,22H2,Pro,2023/01/17,19045.2486,Failed to register with RTM. The error code is in the data.,
50022,0,,,,,,Windows 10,22H2,Pro,2022/12/20,19045.2364,Failed to register with RTM. The error code is in the data.,
50022,0,,,,,,Windows 10,22H2,Pro,2022/11/15,19045.2251,Failed to register with RTM. The error code is in the data.,
50022,0,,,,,,Windows 10,21H2,Pro,2023/03/21,19044.2728,Failed to register with RTM. The error code is in the data.,
50022,0,,,,,,Windows 10,21H2,Pro,2023/02/21,19044.2604,Failed to register with RTM. The error code is in the data.,
50022,0,,,,,,Windows 10,21H2,Pro,2023/01/17,19044.2486,Failed to register with RTM. The error code is in the data.,
50022,0,,,,,,Windows 10,21H2,Pro,2022/12/20,19044.2364,Failed to register with RTM. The error code is in the data.,
50022,0,,,,,,Windows 10,21H2,Pro,2022/11/15,19044.2251,Failed to register with RTM. The error code is in the data.,
50022,0,,,,,,Windows 10,21H2,Pro,2022/10/18,19044.213,Failed to register with RTM. The error code is in the data.,
50022,0,,,,,,Windows 10,21H2,Pro,2022/09/20,19044.2006,Failed to register with RTM. The error code is in the data.,
50022,0,,,,,,Windows 10,21H2,Pro,2022/08/16,19044.1889,Failed to register with RTM. The error code is in the data.,
50022,0,,,,,,Windows 10,21H2,Pro,2022/07/19,19044.1826,Failed to register with RTM. The error code is in the data.,
50022,0,,,,,,Windows 10,21H2,Pro,2022/06/21,19044.1766,Failed to register with RTM. The error code is in the data.,
50022,0,,,,,,Windows 10,21H2,Pro,2022/05/17,19044.1706,Failed to register with RTM. The error code is in the data.,
50022,0,,,,,,Windows 10,21H2,Pro,2022/04/19,19044.1645,Failed to register with RTM. The error code is in the data.,
50022,0,,,,,,Windows 10,21H2,Pro,2022/01/11,19044.1466,Failed to register with RTM. The error code is in the data.,
50022,0,,,,,,Windows 10,21H2,Pro,2021/10/12,19044.1288,Failed to register with RTM. The error code is in the data.,
50022,0,,,,,,Windows 10,21H1,Pro,2021/04/13,19043.928,Failed to register with RTM. The error code is in the data.,
50022,0,,,,,,Windows 10,21H1,Pro,2022/12/20,19043.2364,Failed to register with RTM. The error code is in the data.,
50022,0,,,,,,Windows 10,21H1,Pro,2022/11/15,19043.2251,Failed to register with RTM. The error code is in the data.,
50022,0,,,,,,Windows 10,21H1,Pro,2022/10/18,19043.213,Failed to register with RTM. The error code is in the data.,
50022,0,,,,,,Windows 10,21H1,Pro,2022/09/20,19043.2006,Failed to register with RTM. The error code is in the data.,
50022,0,,,,,,Windows 10,21H1,Pro,2022/08/16,19043.1889,Failed to register with RTM. The error code is in the data.,
50022,0,,,,,,Windows 10,21H1,Pro,2022/07/19,19043.1826,Failed to register with RTM. The error code is in the data.,
50022,0,,,,,,Windows 10,21H1,Pro,2022/06/21,19043.1766,Failed to register with RTM. The error code is in the data.,
50022,0,,,,,,Windows 10,21H1,Pro,2022/05/17,19043.1706,Failed to register with RTM. The error code is in the data.,
50022,0,,,,,,Windows 10,21H1,Pro,2022/04/19,19043.1645,Failed to register with RTM. The error code is in the data.,
50022,0,,,,,,Windows 10,21H1,Pro,2022/01/11,19043.1466,Failed to register with RTM. The error code is in the data.,
50022,0,,,,,,Windows 10,21H1,Pro,2021/12/14,19043.1415,Failed to register with RTM. The error code is in the data.,
50022,0,,,,,,Windows 10,21H2,Pro,2021/12/14,19043.1415,Failed to register with RTM. The error code is in the data.,
50022,0,,,,,,Windows 10,21H1,Pro,2021/11/09,19043.1348,Failed to register with RTM. The error code is in the data.,
50022,0,,,,,,Windows 10,21H1,Pro,2021/10/12,19043.1288,Failed to register with RTM. The error code is in the data.,
50022,0,,,,,,Windows 10,21H1,Pro,2021/09/14,19043.1237,Failed to register with RTM. The error code is in the data.,
50022,0,,,,,,Windows 10,21H1,Pro,2021/08/10,19043.1165,Failed to register with RTM. The error code is in the data.,
50022,0,,,,,,Windows 10,21H1,Pro,2021/07/13,19043.111,Failed to register with RTM. The error code is in the data.,
50022,0,,,,,,Windows 10,21H1,Pro,2021/06/08,19043.1052,Failed to register with RTM. The error code is in the data.,
50022,0,,,,,,Windows 10,20H2,Pro,2022/04/19,19042.1645,Failed to register with RTM. The error code is in the data.,
50022,0,,,,,,Windows 10,20H2,Pro,2022/01/11,19042.1466,Failed to register with RTM. The error code is in the data.,
50022,0,,,,,,Windows 10,2004,Pro,2021/05/11,19041.985,Failed to register with RTM. The error code is in the data.,
50022,0,,,,,,Windows 10,20H2,Pro,2021/05/11,19041.985,Failed to register with RTM. The error code is in the data.,
50022,0,,,,,,Windows 10,2004,Pro,2021/04/13,19041.928,Failed to register with RTM. The error code is in the data.,
50022,0,,,,,,Windows 10,20H2,Pro,2021/04/13,19041.928,Failed to register with RTM. The error code is in the data.,
50022,0,,,,,,Windows 10,2004,Pro,2021/03/09,19041.867,Failed to register with RTM. The error code is in the data.,
50022,0,,,,,,Windows 10,20H2,Pro,2021/03/09,19041.867,Failed to register with RTM. The error code is in the data.,
50022,0,,,,,,Windows 10,2004,Pro,2021/02/09,19041.804,Failed to register with RTM. The error code is in the data.,
50022,0,,,,,,Windows 10,20H2,Pro,2021/02/09,19041.804,Failed to register with RTM. The error code is in the data.,
50022,0,,,,,,Windows 10,2004,Pro,2021/01/12,19041.746,Failed to register with RTM. The error code is in the data.,
50022,0,,,,,,Windows 10,20H2,Pro,2021/01/12,19041.746,Failed to register with RTM. The error code is in the data.,
50022,0,,,,,,Windows 10,2004,Pro,2020/12/08,19041.685,Failed to register with RTM. The error code is in the data.,
50022,0,,,,,,Windows 10,20H2,Pro,2020/12/08,19041.685,Failed to register with RTM. The error code is in the data.,
50022,0,,,,,,Windows 10,20H2,Pro,2020/11/19,19041.631,Failed to register with RTM. The error code is in the data.,
50022,0,,,,,,Windows 10,2004,Pro,2020/11/10,19041.63,Failed to register with RTM. The error code is in the data.,
50022,0,,,,,,Windows 10,2004,Pro,2020/10/13,19041.572,Failed to register with RTM. The error code is in the data.,
50022,0,,,,,,Windows 10,2004,Pro,2020/09/08,19041.508,Failed to register with RTM. The error code is in the data.,
50022,0,,,,,,Windows 10,2004,Pro,2020/08/11,19041.45,Failed to register with RTM. The error code is in the data.,
50022,0,,,,,,Windows 10,2004,Pro,2020/07/14,19041.388,Failed to register with RTM. The error code is in the data.,
50022,0,,,,,,Windows 10,2004,Pro,2020/06/09,19041.329,Failed to register with RTM. The error code is in the data.,
50022,0,,,,,,Windows 10,2004,Pro,2020/05/27,19041.264,Failed to register with RTM. The error code is in the data.,
50022,0,,,,,,Windows 10,2004,Pro,2020/04/16,19041.208,Failed to register with RTM. The error code is in the data.,
50022,0,,,,,,Windows 10,21H1,Pro,2022/03/15,19041.1586,Failed to register with RTM. The error code is in the data.,
50022,0,,,,,,Windows 10,20H2,Pro,2022/03/15,19041.1586,Failed to register with RTM. The error code is in the data.,
50022,0,,,,,,Windows 10,21H2,Pro,2022/03/15,19041.1586,Failed to register with RTM. The error code is in the data.,
50022,0,,,,,,Windows 10,21H1,Pro,2022/02/15,19041.1526,Failed to register with RTM. The error code is in the data.,
50022,0,,,,,,Windows 10,20H2,Pro,2022/02/15,19041.1526,Failed to register with RTM. The error code is in the data.,
50022,0,,,,,,Windows 10,21H2,Pro,2022/02/15,19041.1526,Failed to register with RTM. The error code is in the data.,
50022,0,,,,,,Windows 10,20H2,Pro,2021/12/14,19041.1415,Failed to register with RTM. The error code is in the data.,
50022,0,,,,,,Windows 10,2004,Pro,2021/11/09,19041.1348,Failed to register with RTM. The error code is in the data.,
50022,0,,,,,,Windows 10,20H2,Pro,2021/11/09,19041.1348,Failed to register with RTM. The error code is in the data.,
50022,0,,,,,,Windows 10,2004,Pro,2021/10/12,19041.1288,Failed to register with RTM. The error code is in the data.,
50022,0,,,,,,Windows 10,20H2,Pro,2021/10/12,19041.1288,Failed to register with RTM. The error code is in the data.,
50022,0,,,,,,Windows 10,2004,Pro,2021/09/14,19041.1237,Failed to register with RTM. The error code is in the data.,
50022,0,,,,,,Windows 10,20H2,Pro,2021/09/14,19041.1237,Failed to register with RTM. The error code is in the data.,
50022,0,,,,,,Windows 10,2004,Pro,2021/08/10,19041.1165,Failed to register with RTM. The error code is in the data.,
50022,0,,,,,,Windows 10,20H2,Pro,2021/08/10,19041.1165,Failed to register with RTM. The error code is in the data.,
50022,0,,,,,,Windows 10,2004,Pro,2021/07/13,19041.111,Failed to register with RTM. The error code is in the data.,
50022,0,,,,,,Windows 10,20H2,Pro,2021/07/13,19041.111,Failed to register with RTM. The error code is in the data.,
50022,0,,,,,,Windows 10,2004,Pro,2021/06/08,19041.1052,Failed to register with RTM. The error code is in the data.,
50022,0,,,,,,Windows 10,20H2,Pro,2021/06/08,19041.1052,Failed to register with RTM. The error code is in the data.,
50022,0,,,,,,Windows 10,1909,Pro,2020/07/14,18363.959,Failed to register with RTM. The error code is in the data.,
50022,0,,,,,,Windows 10,1909,Pro,2020/06/09,18363.9,Failed to register with RTM. The error code is in the data.,
50022,0,,,,,,Windows 10,1909,Pro,2020/05/12,18363.836,Failed to register with RTM. The error code is in the data.,
50022,0,,,,,,Windows 10,1909,Pro,2020/04/14,18363.778,Failed to register with RTM. The error code is in the data.,
50022,0,,,,,,Windows 10,1909,Pro,2020/03/12,18363.72,Failed to register with RTM. The error code is in the data.,
50022,0,,,,,,Windows 10,1909,Pro,2020/02/11,18363.657,Failed to register with RTM. The error code is in the data.,
50022,0,,,,,,Windows 10,1909,Pro,2020/01/14,18363.592,Failed to register with RTM. The error code is in the data.,
50022,0,,,,,,Windows 10,1909,Pro,2019/12/10,18363.535,Failed to register with RTM. The error code is in the data.,
50022,0,,,,,,Windows 10,1909,Pro,2019/10/05,18363.418,Failed to register with RTM. The error code is in the data.,
50022,0,,,,,,Windows 10,1909,Pro,2021/06/08,18363.1621,Failed to register with RTM. The error code is in the data.,
50022,0,,,,,,Windows 10,1909,Pro,2021/05/11,18363.1556,Failed to register with RTM. The error code is in the data.,
50022,0,,,,,,Windows 10,1909,Pro,2021/04/13,18363.15,Failed to register with RTM. The error code is in the data.,
50022,0,,,,,,Windows 10,1909,Pro,2021/03/09,18363.144,Failed to register with RTM. The error code is in the data.,
50022,0,,,,,,Windows 10,1909,Pro,2021/02/11,18363.1379,Failed to register with RTM. The error code is in the data.,
50022,0,,,,,,Windows 10,1909,Pro,2021/01/12,18363.1316,Failed to register with RTM. The error code is in the data.,
50022,0,,,,,,Windows 10,1909,Pro,2020/12/08,18363.1256,Failed to register with RTM. The error code is in the data.,
50022,0,,,,,,Windows 10,1909,Pro,2020/11/10,18363.1198,Failed to register with RTM. The error code is in the data.,
50022,0,,,,,,Windows 10,1909,Pro,2020/10/13,18363.1139,Failed to register with RTM. The error code is in the data.,
50022,0,,,,,,Windows 10,1909,Pro,2020/09/08,18363.1082,Failed to register with RTM. The error code is in the data.,
50022,0,,,,,,Windows 10,1909,Pro,2020/08/11,18363.1016,Failed to register with RTM. The error code is in the data.,
50022,0,,,,,,Windows 10,1903,Pro,2020/07/14,18362.959,Failed to register with RTM. The error code is in the data.,
50022,0,,,,,,Windows 10,1903,Pro,2020/05/12,18362.836,Failed to register with RTM. The error code is in the data.,
50022,0,,,,,,Windows 10,1903,Pro,2020/03/12,18362.72,Failed to register with RTM. The error code is in the data.,
50022,0,,,,,,Windows 10,1903,Pro,2020/02/11,18362.657,Failed to register with RTM. The error code is in the data.,
50022,0,,,,,,Windows 10,1903,Pro,2019/12/10,18362.535,Failed to register with RTM. The error code is in the data.,
50022,0,,,,,,Windows 10,1903,Pro,2019/11/12,18362.476,Failed to register with RTM. The error code is in the data.,
50022,0,,,,,,Windows 10,1903,Pro,2019/09/10,18362.356,Failed to register with RTM. The error code is in the data.,
50022,0,,,,,,Windows 10,1903,Pro,2019/03/29,18362.3,Failed to register with RTM. The error code is in the data.,
50022,0,,,,,,Windows 10,1903,Pro,2019/07/09,18362.239,Failed to register with RTM. The error code is in the data.,
50022,0,,,,,,Windows 10,1903,Pro,2019/06/11,18362.175,Failed to register with RTM. The error code is in the data.,
50022,0,,,,,,Windows 10,1903,Pro,2020/12/08,18362.1256,Failed to register with RTM. The error code is in the data.,
50022,0,,,,,,Windows 10,1903,Pro,2020/11/10,18362.1198,Failed to register with RTM. The error code is in the data.,
50022,0,,,,,,Windows 10,1903,Pro,2020/10/13,18362.1139,Failed to register with RTM. The error code is in the data.,
50022,0,,,,,,Windows 10,1903,Pro,2020/09/08,18362.1082,Failed to register with RTM. The error code is in the data.,
50022,0,,,,,,Windows 10,1903,Pro,2019/12/10,18362.1016,Failed to register with RTM. The error code is in the data.,
50022,0,,,,,,Windows 10,1809,Pro,2020/01/14,17763.973,Failed to register with RTM. The error code is in the data.,
50022,0,,,,,,Windows Server 2019,1809,Standard,2020/01/14,17763.973,Failed to register with RTM. The error code is in the data.,
50022,0,,,,,,Windows 10,1809,Pro,2019/12/10,17763.914,Failed to register with RTM. The error code is in the data.,
50022,0,,,,,,Windows Server 2019,1809,Standard,2019/12/10,17763.914,Failed to register with RTM. The error code is in the data.,
50022,0,,,,,,Windows 10,1809,Pro,2019/11/12,17763.864,Failed to register with RTM. The error code is in the data.,
50022,0,,,,,,Windows Server 2019,1809,Standard,2019/11/12,17763.864,Failed to register with RTM. The error code is in the data.,
50022,0,,,,,,Windows 10,1809,Pro,2019/10/08,17763.805,Failed to register with RTM. The error code is in the data.,
50022,0,,,,,,Windows 10,1809,Pro,2019/09/10,17763.737,Failed to register with RTM. The error code is in the data.,
50022,0,,,,,,Windows Server 2019,1809,Standard,2019/09/10,17763.737,Failed to register with RTM. The error code is in the data.,
50022,0,,,,,,Windows 10,1809,Pro,2019/08/13,17763.678,Failed to register with RTM. The error code is in the data.,
50022,0,,,,,,Windows Server 2019,1809,Standard,2019/08/13,17763.678,Failed to register with RTM. The error code is in the data.,
50022,0,,,,,,Windows 10,1809,Pro,2019/07/09,17763.615,Failed to register with RTM. The error code is in the data.,
50022,0,,,,,,Windows 10,1809,Pro,2019/06/11,17763.557,Failed to register with RTM. The error code is in the data.,
50022,0,,,,,,Windows 10,1809,Pro,2019/05/19,17763.504,Failed to register with RTM. The error code is in the data.,
50022,0,,,,,,Windows 10,1809,Pro,2019/04/09,17763.437,Failed to register with RTM. The error code is in the data.,
50022,0,,,,,,Windows 10,1809,Pro,2019/03/12,17763.379,Failed to register with RTM. The error code is in the data.,
50022,0,,,,,,Windows Server 2019,1809,Standard,2019/03/12,17763.379,Failed to register with RTM. The error code is in the data.,
50022,0,,,,,,Windows Server 2019,1809,Standard,2022/11/15,17763.365,Failed to register with RTM. The error code is in the data.,
50022,0,,,,,,Windows 10,1809,Pro,2019/02/12,17763.316,Failed to register with RTM. The error code is in the data.,
50022,0,,,,,,Windows 10,1803,Pro,2019/01/08,17763.253,Failed to register with RTM. The error code is in the data.,
50022,0,,,,,,Windows Server 2019,1809,Standard,2021/08/10,17763.2114,Failed to register with RTM. The error code is in the data.,
50022,0,,,,,,Windows Server 2019,1809,Standard,2021/07/13,17763.2061,Failed to register with RTM. The error code is in the data.,
50022,0,,,,,,Windows Server 2019,1809,Standard,2021/06/08,17763.1999,Failed to register with RTM. The error code is in the data.,
50022,0,,,,,,Windows 10,1809,Pro,2018/12/11,17763.194,Failed to register with RTM. The error code is in the data.,
50022,0,,,,,,Windows Server 2019,1809,Standard,2021/05/11,17763.1935,Failed to register with RTM. The error code is in the data.,
50022,0,,,,,,Windows Server 2019,1809,Standard,2021/04/13,17763.1879,Failed to register with RTM. The error code is in the data.,
50022,0,,,,,,Windows Server 2019,1809,Standard,2021/03/09,17763.1817,Failed to register with RTM. The error code is in the data.,
50022,0,,,,,,Windows Server 2019,1809,Standard,2021/02/09,17763.1757,Failed to register with RTM. The error code is in the data.,
50022,0,,,,,,Windows Server 2019,1809,Standard,2021/01/12,17763.1697,Failed to register with RTM. The error code is in the data.,
50022,0,,,,,,Windows Server 2019,1809,Standard,2020/12/08,17763.1637,Failed to register with RTM. The error code is in the data.,
50022,0,,,,,,Windows 10,1809,Pro,2020/11/10,17763.1577,Failed to register with RTM. The error code is in the data.,
50022,0,,,,,,Windows Server 2019,1809,Standard,2020/11/10,17763.1577,Failed to register with RTM. The error code is in the data.,
50022,0,,,,,,Windows 10,1809,Pro,2020/10/13,17763.1518,Failed to register with RTM. The error code is in the data.,
50022,0,,,,,,Windows Server 2019,1809,Standard,2020/10/13,17763.1518,Failed to register with RTM. The error code is in the data.,
50022,0,,,,,,Windows 10,1809,Pro,2020/09/08,17763.1457,Failed to register with RTM. The error code is in the data.,
50022,0,,,,,,Windows Server 2019,1809,Standard,2020/09/10,17763.1457,Failed to register with RTM. The error code is in the data.,
50022,0,,,,,,Windows 10,1809,Pro,2020/08/11,17763.1397,Failed to register with RTM. The error code is in the data.,
50022,0,,,,,,Windows Server 2019,1809,Standard,2020/08/11,17763.1397,Failed to register with RTM. The error code is in the data.,
50022,0,,,,,,Windows 10,1809,Pro,2020/07/14,17763.1339,Failed to register with RTM. The error code is in the data.,
50022,0,,,,,,Windows Server 2019,1809,Standard,2020/07/14,17763.1339,Failed to register with RTM. The error code is in the data.,
50022,0,,,,,,Windows 10,1809,Pro,2020/06/09,17763.1282,Failed to register with RTM. The error code is in the data.,
50022,0,,,,,,Windows Server 2019,1809,Standard,2020/06/09,17763.1282,Failed to register with RTM. The error code is in the data.,
50022,0,,,,,,Windows 10,1809,Pro,2020/05/12,17763.1217,Failed to register with RTM. The error code is in the data.,
50022,0,,,,,,Windows Server 2019,1809,Standard,2020/05/12,17763.1217,Failed to register with RTM. The error code is in the data.,
50022,0,,,,,,Windows 10,1809,Pro,2020/04/14,17763.1158,Failed to register with RTM. The error code is in the data.,
50022,0,,,,,,Windows Server 2019,1809,Standard,2020/04/14,17763.1158,Failed to register with RTM. The error code is in the data.,
50022,0,,,,,,Windows 10,1809,Pro,2020/03/12,17763.1098,Failed to register with RTM. The error code is in the data.,
50022,0,,,,,,Windows Server 2019,1809,Standard,2020/03/10,17763.1098,Failed to register with RTM. The error code is in the data.,
50022,0,,,,,,Windows 10,1809,Pro,2018/11/13,17763.107,Failed to register with RTM. The error code is in the data.,
50022,0,,,,,,Windows Server 2019,1809,Standard,2018/11/13,17763.107,Failed to register with RTM. The error code is in the data.,
50022,0,,,,,,Windows 10,1809,Pro,2020/02/11,17763.1039,Failed to register with RTM. The error code is in the data.,
50022,0,,,,,,Windows Server 2019,1809,Standard,2020/02/11,17763.1039,Failed to register with RTM. The error code is in the data.,
50022,0,,,,,,Windows 10,1803,Pro,2019/08/13,17134.95,Failed to register with RTM. The error code is in the data.,
50022,0,,,,,,Windows 10,1803,Pro,2019/07/09,17134.885,Failed to register with RTM. The error code is in the data.,
50022,0,,,,,,Windows 10,1803,Pro,2019/06/11,17134.829,Failed to register with RTM. The error code is in the data.,
50022,0,,,,,,Windows 10,1803,Pro,2019/05/19,17134.766,Failed to register with RTM. The error code is in the data.,
50022,0,,,,,,Windows 10,1803,Pro,2019/04/09,17134.706,Failed to register with RTM. The error code is in the data.,
50022,0,,,,,,Windows 10,1803,Pro,2019/03/12,17134.648,Failed to register with RTM. The error code is in the data.,
50022,0,,,,,,Windows 10,1803,Pro,2019/01/08,17134.523,Failed to register with RTM. The error code is in the data.,
50022,0,,,,,,Windows 10,1803,Pro,2018/09/11,17134.285,Failed to register with RTM. The error code is in the data.,
50022,0,,,,,,Windows 10,1803,Pro,2018/08/14,17134.228,Failed to register with RTM. The error code is in the data.,
50022,0,,,,,,Windows 10,1803,Pro,2018/06/12,17134.112,Failed to register with RTM. The error code is in the data.,
50022,0,,,,,,Windows 10,1803,Pro,2019/09/10,17134.1006,Failed to register with RTM. The error code is in the data.,
50022,0,,,,,,Windows 10,1803,Pro,1970/01/01,17134.1,Failed to register with RTM. The error code is in the data.,
50022,0,,,,,,Windows 10,1709,Pro,2017/11/14,16299.64,Failed to register with RTM. The error code is in the data.,
50022,0,,,,,,Windows 10,1709,Pro,2017/11/14,16299.15,Failed to register with RTM. The error code is in the data.,
50022,0,,,,,,Windows 10,1709,Pro,2017/12/12,16299.125,Failed to register with RTM. The error code is in the data.,
50022,0,,,,,,Windows 10,1703,Pro,2017/07/11,15063.483,Failed to register with RTM. The error code is in the data.,
50022,0,,,,,,Windows 10,1703,Pro,2017/06/13,15063.413,Failed to register with RTM. The error code is in the data.,
50022,0,,,,,,Windows 10,1703,Pro,2017/03/20,15063.0,Failed to register with RTM. The error code is in the data.,
50022,0,,,,,,Windows 10,1607,Pro,2016/11/08,14393.447,Failed to register with RTM. The error code is in the data.,
50022,0,,,,,,Windows Server 2016,1607,Standard,2016/11/08,14393.447,Failed to register with RTM. The error code is in the data.,
50022,0,,,,,,Windows Server 2016,1607,Standard,2017/11/14,14393.1884,Failed to register with RTM. The error code is in the data.,
50022,0,,,,,,Windows Server 2016,1607,Standard,2016/10/12,14393.0,Failed to register with RTM. The error code is in the data.,
50022,0,,,,,,Windows 10,1511,Pro,2016/03/08,10586.164,Failed to register with RTM. The error code is in the data.,
50022,0,,,,,,Windows 10,1511,Enterprise,2016/02/09,10586.104,Failed to register with RTM. The error code is in the data.,
50022,0,,,,,,Windows 10,1511,Pro,1970/01/01,10586.0,Failed to register with RTM. The error code is in the data.,
50022,0,,,,,,Windows 10,1507,Pro,2015/07/29,10240.0,Failed to register with RTM. The error code is in the data.,
50022,0,,,,,,Windows 8.1,8.1,Pro,1970/01/01,9600.0,Failed to register with RTM. The error code is in the data.,
50022,0,,,,,,Windows 8,8,Pro,1970/01/01,9200.0,Failed to register with RTM. The error code is in the data.,
50022,0,,,,,,Windows Server 2008R2,SP1,Standard,2011/02/09,7601.0,Failed to register with RTM. The error code is in the data.,
50022,0,,,,,,Windows 7,SP1,Ultimate,1970/01/01,7601.0,Failed to register with RTM. The error code is in the data.,
50022,0,,,,,,Windows Server 2008,SP2,Standard,2009/05/26,6002.0,Failed to register with RTM. The error code is in the data.,
50099,0,,,,,,Windows 11,24H2,Pro,2024/10/2,26100.1742,IPMGM has stopped.,
50099,0,,,,,,Windows 11,22H2,Pro,2022/12/20,22621.963,IPMGM has stopped.,
50099,0,,,,,,Windows 11,22H2,Pro,2022/11/15,22621.819,IPMGM has stopped.,
50099,0,,,,,,Windows 11,22H2,Pro,2022/10/18,22621.674,IPMGM has stopped.,
50099,0,,,,,,Windows 11,22H2,Pro,2022/09/20,22621.382,IPMGM has stopped.,
50099,0,,,,,,Windows 11,22H2,Pro,2023/03/21,22621.1413,IPMGM has stopped.,
50099,0,,,,,,Windows 11,22H2,Pro,2023/02/21,22621.1265,IPMGM has stopped.,
50099,0,,,,,,Windows 11,22H2,Pro,2023/01/17,22621.1105,IPMGM has stopped.,
50099,0,,,,,,Windows 11,21H2,Pro,2022/09/20,22000.978,IPMGM has stopped.,
50099,0,,,,,,Windows 11,21H2,Pro,2022/08/16,22000.856,IPMGM has stopped.,
50099,0,,,,,,Windows 11,21H2,Pro,2022/07/19,22000.795,IPMGM has stopped.,
50099,0,,,,,,Windows 11,21H2,Pro,2022/06/21,22000.739,IPMGM has stopped.,
50099,0,,,,,,Windows 11,21H2,Pro,2022/05/17,22000.675,IPMGM has stopped.,
50099,0,,,,,,Windows 11,21H2,Pro,2022/04/19,22000.613,IPMGM has stopped.,
50099,0,,,,,,Windows 11,21H2,Pro,2022/03/15,22000.556,IPMGM has stopped.,
50099,0,,,,,,Windows 11,21H2,Pro,2022/02/15,22000.493,IPMGM has stopped.,
50099,0,,,,,,Windows 11,21H2,Pro,2022/01/11,22000.434,IPMGM has stopped.,
50099,0,,,,,,Windows 11,21H2,Pro,2021/12/14,22000.376,IPMGM has stopped.,
50099,0,,,,,,Windows 11,21H2,Pro,2021/11/09,22000.318,IPMGM has stopped.,
50099,0,,,,,,Windows 11,21H2,Pro,2021/09/16,22000.194,IPMGM has stopped.,
50099,0,,,,,,Windows 11,21H2,Pro,2023/03/21,22000.1696,IPMGM has stopped.,
50099,0,,,,,,Windows 11,21H2,Pro,2023/02/21,22000.1574,IPMGM has stopped.,
50099,0,,,,,,Windows 11,21H2,Pro,2023/01/17,22000.1455,IPMGM has stopped.,
50099,0,,,,,,Windows 11,21H2,Pro,2022/12/20,22000.1335,IPMGM has stopped.,
50099,0,,,,,,Windows 11,21H2,Pro,2022/11/15,22000.1219,IPMGM has stopped.,
50099,0,,,,,,Windows 11,21H2,Pro,2022/10/18,22000.1098,IPMGM has stopped.,
50099,0,,,,,,Windows 11,21H2,Pro-Dev,1970/01/01,21996.1,IPMGM has stopped.,
50099,0,,,,,,Windows Server 2022,21H2,Standard,2022/08/16,20348.887,IPMGM has stopped.,
50099,0,,,,,,Windows Server 2022,21H2,Standard,2022/07/19,20348.825,IPMGM has stopped.,
50099,0,,,,,,Windows Server 2022,21H2,Standard,2022/06/21,20348.768,IPMGM has stopped.,
50099,0,,,,,,Windows Server 2022,21H2,Standard,2022/05/17,20348.707,IPMGM has stopped.,
50099,0,,,,,,Windows Server 2022,21H2,Standard,2022/04/19,20348.643,IPMGM has stopped.,
50099,0,,,,,,Windows Server 2022,21H2,Standard,2022/02/15,20348.587,IPMGM has stopped.,
50099,0,,,,,,Windows Server 2022,21H2,Standard,2022/02/15,20348.524,IPMGM has stopped.,
50099,0,,,,,,Windows Server 2022,21H2,Standard,2022/01/11,20348.469,IPMGM has stopped.,
50099,0,,,,,,Windows Server 2022,21H2,Standard,2021/12/08,20348.405,IPMGM has stopped.,
50099,0,,,,,,Windows Server 2022,21H2,Standard,2021/11/09,20348.35,IPMGM has stopped.,
50099,0,,,,,,Windows Server 2022,21H2,Standard,2021/10/12,20348.288,IPMGM has stopped.,
50099,0,,,,,,Windows Server 2022,21H2,Standard,2021/09/14,20348.23,IPMGM has stopped.,
50099,0,,,,,,Windows Server 2022,21H2,Standard,2021/08/18,20348.169,IPMGM has stopped.,
50099,0,,,,,,Windows Server 2022,21H2,Standard,2023/03/21,20348.1607,IPMGM has stopped.,
50099,0,,,,,,Windows Server 2022,21H2,Standard,2023/02/21,20348.1547,IPMGM has stopped.,
50099,0,,,,,,Windows Server 2022,21H2,Standard,2023/01/17,20348.1487,IPMGM has stopped.,
50099,0,,,,,,Windows Server 2022,21H2,Standard,2022/12/20,20348.1366,IPMGM has stopped.,
50099,0,,,,,,Windows Server 2022,21H2,Standard,2022/11/15,20348.1249,IPMGM has stopped.,
50099,0,,,,,,Windows Server 2022,21H2,Standard,2022/10/18,20348.1129,IPMGM has stopped.,
50099,0,,,,,,Windows Server 2022,21H2,Standard,2022/09/20,20348.1006,IPMGM has stopped.,
50099,0,,,,,,Windows 10,22H2,Pro,2023/03/21,19045.2728,IPMGM has stopped.,
50099,0,,,,,,Windows 10,22H2,Pro,2023/02/21,19045.2604,IPMGM has stopped.,
50099,0,,,,,,Windows 10,22H2,Pro,2023/01/17,19045.2486,IPMGM has stopped.,
50099,0,,,,,,Windows 10,22H2,Pro,2022/12/20,19045.2364,IPMGM has stopped.,
50099,0,,,,,,Windows 10,22H2,Pro,2022/11/15,19045.2251,IPMGM has stopped.,
50099,0,,,,,,Windows 10,21H2,Pro,2023/03/21,19044.2728,IPMGM has stopped.,
50099,0,,,,,,Windows 10,21H2,Pro,2023/02/21,19044.2604,IPMGM has stopped.,
50099,0,,,,,,Windows 10,21H2,Pro,2023/01/17,19044.2486,IPMGM has stopped.,
50099,0,,,,,,Windows 10,21H2,Pro,2022/12/20,19044.2364,IPMGM has stopped.,
50099,0,,,,,,Windows 10,21H2,Pro,2022/11/15,19044.2251,IPMGM has stopped.,
50099,0,,,,,,Windows 10,21H2,Pro,2022/10/18,19044.213,IPMGM has stopped.,
50099,0,,,,,,Windows 10,21H2,Pro,2022/09/20,19044.2006,IPMGM has stopped.,
50099,0,,,,,,Windows 10,21H2,Pro,2022/08/16,19044.1889,IPMGM has stopped.,
50099,0,,,,,,Windows 10,21H2,Pro,2022/07/19,19044.1826,IPMGM has stopped.,
50099,0,,,,,,Windows 10,21H2,Pro,2022/06/21,19044.1766,IPMGM has stopped.,
50099,0,,,,,,Windows 10,21H2,Pro,2022/05/17,19044.1706,IPMGM has stopped.,
50099,0,,,,,,Windows 10,21H2,Pro,2022/04/19,19044.1645,IPMGM has stopped.,
50099,0,,,,,,Windows 10,21H2,Pro,2022/01/11,19044.1466,IPMGM has stopped.,
50099,0,,,,,,Windows 10,21H2,Pro,2021/10/12,19044.1288,IPMGM has stopped.,
50099,0,,,,,,Windows 10,21H1,Pro,2021/04/13,19043.928,IPMGM has stopped.,
50099,0,,,,,,Windows 10,21H1,Pro,2022/12/20,19043.2364,IPMGM has stopped.,
50099,0,,,,,,Windows 10,21H1,Pro,2022/11/15,19043.2251,IPMGM has stopped.,
50099,0,,,,,,Windows 10,21H1,Pro,2022/10/18,19043.213,IPMGM has stopped.,
50099,0,,,,,,Windows 10,21H1,Pro,2022/09/20,19043.2006,IPMGM has stopped.,
50099,0,,,,,,Windows 10,21H1,Pro,2022/08/16,19043.1889,IPMGM has stopped.,
50099,0,,,,,,Windows 10,21H1,Pro,2022/07/19,19043.1826,IPMGM has stopped.,
50099,0,,,,,,Windows 10,21H1,Pro,2022/06/21,19043.1766,IPMGM has stopped.,
50099,0,,,,,,Windows 10,21H1,Pro,2022/05/17,19043.1706,IPMGM has stopped.,
50099,0,,,,,,Windows 10,21H1,Pro,2022/04/19,19043.1645,IPMGM has stopped.,
50099,0,,,,,,Windows 10,21H1,Pro,2022/01/11,19043.1466,IPMGM has stopped.,
50099,0,,,,,,Windows 10,21H1,Pro,2021/12/14,19043.1415,IPMGM has stopped.,
50099,0,,,,,,Windows 10,21H2,Pro,2021/12/14,19043.1415,IPMGM has stopped.,
50099,0,,,,,,Windows 10,21H1,Pro,2021/11/09,19043.1348,IPMGM has stopped.,
50099,0,,,,,,Windows 10,21H1,Pro,2021/10/12,19043.1288,IPMGM has stopped.,
50099,0,,,,,,Windows 10,21H1,Pro,2021/09/14,19043.1237,IPMGM has stopped.,
50099,0,,,,,,Windows 10,21H1,Pro,2021/08/10,19043.1165,IPMGM has stopped.,
50099,0,,,,,,Windows 10,21H1,Pro,2021/07/13,19043.111,IPMGM has stopped.,
50099,0,,,,,,Windows 10,21H1,Pro,2021/06/08,19043.1052,IPMGM has stopped.,
50099,0,,,,,,Windows 10,20H2,Pro,2022/04/19,19042.1645,IPMGM has stopped.,
50099,0,,,,,,Windows 10,20H2,Pro,2022/01/11,19042.1466,IPMGM has stopped.,
50099,0,,,,,,Windows 10,2004,Pro,2021/05/11,19041.985,IPMGM has stopped.,
50099,0,,,,,,Windows 10,20H2,Pro,2021/05/11,19041.985,IPMGM has stopped.,
50099,0,,,,,,Windows 10,2004,Pro,2021/04/13,19041.928,IPMGM has stopped.,
50099,0,,,,,,Windows 10,20H2,Pro,2021/04/13,19041.928,IPMGM has stopped.,
50099,0,,,,,,Windows 10,2004,Pro,2021/03/09,19041.867,IPMGM has stopped.,
50099,0,,,,,,Windows 10,20H2,Pro,2021/03/09,19041.867,IPMGM has stopped.,
50099,0,,,,,,Windows 10,2004,Pro,2021/02/09,19041.804,IPMGM has stopped.,
50099,0,,,,,,Windows 10,20H2,Pro,2021/02/09,19041.804,IPMGM has stopped.,
50099,0,,,,,,Windows 10,2004,Pro,2021/01/12,19041.746,IPMGM has stopped.,
50099,0,,,,,,Windows 10,20H2,Pro,2021/01/12,19041.746,IPMGM has stopped.,
50099,0,,,,,,Windows 10,2004,Pro,2020/12/08,19041.685,IPMGM has stopped.,
50099,0,,,,,,Windows 10,20H2,Pro,2020/12/08,19041.685,IPMGM has stopped.,
50099,0,,,,,,Windows 10,20H2,Pro,2020/11/19,19041.631,IPMGM has stopped.,
50099,0,,,,,,Windows 10,2004,Pro,2020/11/10,19041.63,IPMGM has stopped.,
50099,0,,,,,,Windows 10,2004,Pro,2020/10/13,19041.572,IPMGM has stopped.,
50099,0,,,,,,Windows 10,2004,Pro,2020/09/08,19041.508,IPMGM has stopped.,
50099,0,,,,,,Windows 10,2004,Pro,2020/08/11,19041.45,IPMGM has stopped.,
50099,0,,,,,,Windows 10,2004,Pro,2020/07/14,19041.388,IPMGM has stopped.,
50099,0,,,,,,Windows 10,2004,Pro,2020/06/09,19041.329,IPMGM has stopped.,
50099,0,,,,,,Windows 10,2004,Pro,2020/05/27,19041.264,IPMGM has stopped.,
50099,0,,,,,,Windows 10,2004,Pro,2020/04/16,19041.208,IPMGM has stopped.,
50099,0,,,,,,Windows 10,21H1,Pro,2022/03/15,19041.1586,IPMGM has stopped.,
50099,0,,,,,,Windows 10,20H2,Pro,2022/03/15,19041.1586,IPMGM has stopped.,
50099,0,,,,,,Windows 10,21H2,Pro,2022/03/15,19041.1586,IPMGM has stopped.,
50099,0,,,,,,Windows 10,21H1,Pro,2022/02/15,19041.1526,IPMGM has stopped.,
50099,0,,,,,,Windows 10,20H2,Pro,2022/02/15,19041.1526,IPMGM has stopped.,
50099,0,,,,,,Windows 10,21H2,Pro,2022/02/15,19041.1526,IPMGM has stopped.,
50099,0,,,,,,Windows 10,20H2,Pro,2021/12/14,19041.1415,IPMGM has stopped.,
50099,0,,,,,,Windows 10,2004,Pro,2021/11/09,19041.1348,IPMGM has stopped.,
50099,0,,,,,,Windows 10,20H2,Pro,2021/11/09,19041.1348,IPMGM has stopped.,
50099,0,,,,,,Windows 10,2004,Pro,2021/10/12,19041.1288,IPMGM has stopped.,
50099,0,,,,,,Windows 10,20H2,Pro,2021/10/12,19041.1288,IPMGM has stopped.,
50099,0,,,,,,Windows 10,2004,Pro,2021/09/14,19041.1237,IPMGM has stopped.,
50099,0,,,,,,Windows 10,20H2,Pro,2021/09/14,19041.1237,IPMGM has stopped.,
50099,0,,,,,,Windows 10,2004,Pro,2021/08/10,19041.1165,IPMGM has stopped.,
50099,0,,,,,,Windows 10,20H2,Pro,2021/08/10,19041.1165,IPMGM has stopped.,
50099,0,,,,,,Windows 10,2004,Pro,2021/07/13,19041.111,IPMGM has stopped.,
50099,0,,,,,,Windows 10,20H2,Pro,2021/07/13,19041.111,IPMGM has stopped.,
50099,0,,,,,,Windows 10,2004,Pro,2021/06/08,19041.1052,IPMGM has stopped.,
50099,0,,,,,,Windows 10,20H2,Pro,2021/06/08,19041.1052,IPMGM has stopped.,
50099,0,,,,,,Windows 10,1909,Pro,2020/07/14,18363.959,IPMGM has stopped.,
50099,0,,,,,,Windows 10,1909,Pro,2020/06/09,18363.9,IPMGM has stopped.,
50099,0,,,,,,Windows 10,1909,Pro,2020/05/12,18363.836,IPMGM has stopped.,
50099,0,,,,,,Windows 10,1909,Pro,2020/04/14,18363.778,IPMGM has stopped.,
50099,0,,,,,,Windows 10,1909,Pro,2020/03/12,18363.72,IPMGM has stopped.,
50099,0,,,,,,Windows 10,1909,Pro,2020/02/11,18363.657,IPMGM has stopped.,
50099,0,,,,,,Windows 10,1909,Pro,2020/01/14,18363.592,IPMGM has stopped.,
50099,0,,,,,,Windows 10,1909,Pro,2019/12/10,18363.535,IPMGM has stopped.,
50099,0,,,,,,Windows 10,1909,Pro,2019/10/05,18363.418,IPMGM has stopped.,
50099,0,,,,,,Windows 10,1909,Pro,2021/06/08,18363.1621,IPMGM has stopped.,
50099,0,,,,,,Windows 10,1909,Pro,2021/05/11,18363.1556,IPMGM has stopped.,
50099,0,,,,,,Windows 10,1909,Pro,2021/04/13,18363.15,IPMGM has stopped.,
50099,0,,,,,,Windows 10,1909,Pro,2021/03/09,18363.144,IPMGM has stopped.,
50099,0,,,,,,Windows 10,1909,Pro,2021/02/11,18363.1379,IPMGM has stopped.,
50099,0,,,,,,Windows 10,1909,Pro,2021/01/12,18363.1316,IPMGM has stopped.,
50099,0,,,,,,Windows 10,1909,Pro,2020/12/08,18363.1256,IPMGM has stopped.,
50099,0,,,,,,Windows 10,1909,Pro,2020/11/10,18363.1198,IPMGM has stopped.,
50099,0,,,,,,Windows 10,1909,Pro,2020/10/13,18363.1139,IPMGM has stopped.,
50099,0,,,,,,Windows 10,1909,Pro,2020/09/08,18363.1082,IPMGM has stopped.,
50099,0,,,,,,Windows 10,1909,Pro,2020/08/11,18363.1016,IPMGM has stopped.,
50099,0,,,,,,Windows 10,1903,Pro,2020/07/14,18362.959,IPMGM has stopped.,
50099,0,,,,,,Windows 10,1903,Pro,2020/05/12,18362.836,IPMGM has stopped.,
50099,0,,,,,,Windows 10,1903,Pro,2020/03/12,18362.72,IPMGM has stopped.,
50099,0,,,,,,Windows 10,1903,Pro,2020/02/11,18362.657,IPMGM has stopped.,
50099,0,,,,,,Windows 10,1903,Pro,2019/12/10,18362.535,IPMGM has stopped.,
50099,0,,,,,,Windows 10,1903,Pro,2019/11/12,18362.476,IPMGM has stopped.,
50099,0,,,,,,Windows 10,1903,Pro,2019/09/10,18362.356,IPMGM has stopped.,
50099,0,,,,,,Windows 10,1903,Pro,2019/03/29,18362.3,IPMGM has stopped.,
50099,0,,,,,,Windows 10,1903,Pro,2019/07/09,18362.239,IPMGM has stopped.,
50099,0,,,,,,Windows 10,1903,Pro,2019/06/11,18362.175,IPMGM has stopped.,
50099,0,,,,,,Windows 10,1903,Pro,2020/12/08,18362.1256,IPMGM has stopped.,
50099,0,,,,,,Windows 10,1903,Pro,2020/11/10,18362.1198,IPMGM has stopped.,
50099,0,,,,,,Windows 10,1903,Pro,2020/10/13,18362.1139,IPMGM has stopped.,
50099,0,,,,,,Windows 10,1903,Pro,2020/09/08,18362.1082,IPMGM has stopped.,
50099,0,,,,,,Windows 10,1903,Pro,2019/12/10,18362.1016,IPMGM has stopped.,
50099,0,,,,,,Windows 10,1809,Pro,2020/01/14,17763.973,IPMGM has stopped.,
50099,0,,,,,,Windows Server 2019,1809,Standard,2020/01/14,17763.973,IPMGM has stopped.,
50099,0,,,,,,Windows 10,1809,Pro,2019/12/10,17763.914,IPMGM has stopped.,
50099,0,,,,,,Windows Server 2019,1809,Standard,2019/12/10,17763.914,IPMGM has stopped.,
50099,0,,,,,,Windows 10,1809,Pro,2019/11/12,17763.864,IPMGM has stopped.,
50099,0,,,,,,Windows Server 2019,1809,Standard,2019/11/12,17763.864,IPMGM has stopped.,
50099,0,,,,,,Windows 10,1809,Pro,2019/10/08,17763.805,IPMGM has stopped.,
50099,0,,,,,,Windows 10,1809,Pro,2019/09/10,17763.737,IPMGM has stopped.,
50099,0,,,,,,Windows Server 2019,1809,Standard,2019/09/10,17763.737,IPMGM has stopped.,
50099,0,,,,,,Windows 10,1809,Pro,2019/08/13,17763.678,IPMGM has stopped.,
50099,0,,,,,,Windows Server 2019,1809,Standard,2019/08/13,17763.678,IPMGM has stopped.,
50099,0,,,,,,Windows 10,1809,Pro,2019/07/09,17763.615,IPMGM has stopped.,
50099,0,,,,,,Windows 10,1809,Pro,2019/06/11,17763.557,IPMGM has stopped.,
50099,0,,,,,,Windows 10,1809,Pro,2019/05/19,17763.504,IPMGM has stopped.,
50099,0,,,,,,Windows 10,1809,Pro,2019/04/09,17763.437,IPMGM has stopped.,
50099,0,,,,,,Windows 10,1809,Pro,2019/03/12,17763.379,IPMGM has stopped.,
50099,0,,,,,,Windows Server 2019,1809,Standard,2019/03/12,17763.379,IPMGM has stopped.,
50099,0,,,,,,Windows Server 2019,1809,Standard,2022/11/15,17763.365,IPMGM has stopped.,
50099,0,,,,,,Windows 10,1809,Pro,2019/02/12,17763.316,IPMGM has stopped.,
50099,0,,,,,,Windows 10,1803,Pro,2019/01/08,17763.253,IPMGM has stopped.,
50099,0,,,,,,Windows Server 2019,1809,Standard,2021/08/10,17763.2114,IPMGM has stopped.,
50099,0,,,,,,Windows Server 2019,1809,Standard,2021/07/13,17763.2061,IPMGM has stopped.,
50099,0,,,,,,Windows Server 2019,1809,Standard,2021/06/08,17763.1999,IPMGM has stopped.,
50099,0,,,,,,Windows 10,1809,Pro,2018/12/11,17763.194,IPMGM has stopped.,
50099,0,,,,,,Windows Server 2019,1809,Standard,2021/05/11,17763.1935,IPMGM has stopped.,
50099,0,,,,,,Windows Server 2019,1809,Standard,2021/04/13,17763.1879,IPMGM has stopped.,
50099,0,,,,,,Windows Server 2019,1809,Standard,2021/03/09,17763.1817,IPMGM has stopped.,
50099,0,,,,,,Windows Server 2019,1809,Standard,2021/02/09,17763.1757,IPMGM has stopped.,
50099,0,,,,,,Windows Server 2019,1809,Standard,2021/01/12,17763.1697,IPMGM has stopped.,
50099,0,,,,,,Windows Server 2019,1809,Standard,2020/12/08,17763.1637,IPMGM has stopped.,
50099,0,,,,,,Windows 10,1809,Pro,2020/11/10,17763.1577,IPMGM has stopped.,
50099,0,,,,,,Windows Server 2019,1809,Standard,2020/11/10,17763.1577,IPMGM has stopped.,
50099,0,,,,,,Windows 10,1809,Pro,2020/10/13,17763.1518,IPMGM has stopped.,
50099,0,,,,,,Windows Server 2019,1809,Standard,2020/10/13,17763.1518,IPMGM has stopped.,
50099,0,,,,,,Windows 10,1809,Pro,2020/09/08,17763.1457,IPMGM has stopped.,
50099,0,,,,,,Windows Server 2019,1809,Standard,2020/09/10,17763.1457,IPMGM has stopped.,
50099,0,,,,,,Windows 10,1809,Pro,2020/08/11,17763.1397,IPMGM has stopped.,
50099,0,,,,,,Windows Server 2019,1809,Standard,2020/08/11,17763.1397,IPMGM has stopped.,
50099,0,,,,,,Windows 10,1809,Pro,2020/07/14,17763.1339,IPMGM has stopped.,
50099,0,,,,,,Windows Server 2019,1809,Standard,2020/07/14,17763.1339,IPMGM has stopped.,
50099,0,,,,,,Windows 10,1809,Pro,2020/06/09,17763.1282,IPMGM has stopped.,
50099,0,,,,,,Windows Server 2019,1809,Standard,2020/06/09,17763.1282,IPMGM has stopped.,
50099,0,,,,,,Windows 10,1809,Pro,2020/05/12,17763.1217,IPMGM has stopped.,
50099,0,,,,,,Windows Server 2019,1809,Standard,2020/05/12,17763.1217,IPMGM has stopped.,
50099,0,,,,,,Windows 10,1809,Pro,2020/04/14,17763.1158,IPMGM has stopped.,
50099,0,,,,,,Windows Server 2019,1809,Standard,2020/04/14,17763.1158,IPMGM has stopped.,
50099,0,,,,,,Windows 10,1809,Pro,2020/03/12,17763.1098,IPMGM has stopped.,
50099,0,,,,,,Windows Server 2019,1809,Standard,2020/03/10,17763.1098,IPMGM has stopped.,
50099,0,,,,,,Windows 10,1809,Pro,2018/11/13,17763.107,IPMGM has stopped.,
50099,0,,,,,,Windows Server 2019,1809,Standard,2018/11/13,17763.107,IPMGM has stopped.,
50099,0,,,,,,Windows 10,1809,Pro,2020/02/11,17763.1039,IPMGM has stopped.,
50099,0,,,,,,Windows Server 2019,1809,Standard,2020/02/11,17763.1039,IPMGM has stopped.,
50099,0,,,,,,Windows 10,1803,Pro,2019/08/13,17134.95,IPMGM has stopped.,
50099,0,,,,,,Windows 10,1803,Pro,2019/07/09,17134.885,IPMGM has stopped.,
50099,0,,,,,,Windows 10,1803,Pro,2019/06/11,17134.829,IPMGM has stopped.,
50099,0,,,,,,Windows 10,1803,Pro,2019/05/19,17134.766,IPMGM has stopped.,
50099,0,,,,,,Windows 10,1803,Pro,2019/04/09,17134.706,IPMGM has stopped.,
50099,0,,,,,,Windows 10,1803,Pro,2019/03/12,17134.648,IPMGM has stopped.,
50099,0,,,,,,Windows 10,1803,Pro,2019/01/08,17134.523,IPMGM has stopped.,
50099,0,,,,,,Windows 10,1803,Pro,2018/09/11,17134.285,IPMGM has stopped.,
50099,0,,,,,,Windows 10,1803,Pro,2018/08/14,17134.228,IPMGM has stopped.,
50099,0,,,,,,Windows 10,1803,Pro,2018/06/12,17134.112,IPMGM has stopped.,
50099,0,,,,,,Windows 10,1803,Pro,2019/09/10,17134.1006,IPMGM has stopped.,
50099,0,,,,,,Windows 10,1803,Pro,1970/01/01,17134.1,IPMGM has stopped.,
50099,0,,,,,,Windows 10,1709,Pro,2017/11/14,16299.64,IPMGM has stopped.,
50099,0,,,,,,Windows 10,1709,Pro,2017/11/14,16299.15,IPMGM has stopped.,
50099,0,,,,,,Windows 10,1709,Pro,2017/12/12,16299.125,IPMGM has stopped.,
50099,0,,,,,,Windows 10,1703,Pro,2017/07/11,15063.483,IPMGM has stopped.,
50099,0,,,,,,Windows 10,1703,Pro,2017/06/13,15063.413,IPMGM has stopped.,
50099,0,,,,,,Windows 10,1703,Pro,2017/03/20,15063.0,IPMGM has stopped.,
50099,0,,,,,,Windows 10,1607,Pro,2016/11/08,14393.447,IPMGM has stopped.,
50099,0,,,,,,Windows Server 2016,1607,Standard,2016/11/08,14393.447,IPMGM has stopped.,
50099,0,,,,,,Windows Server 2016,1607,Standard,2017/11/14,14393.1884,IPMGM has stopped.,
50099,0,,,,,,Windows Server 2016,1607,Standard,2016/10/12,14393.0,IPMGM has stopped.,
50099,0,,,,,,Windows 10,1511,Pro,2016/03/08,10586.164,IPMGM has stopped.,
50099,0,,,,,,Windows 10,1511,Enterprise,2016/02/09,10586.104,IPMGM has stopped.,
50099,0,,,,,,Windows 10,1511,Pro,1970/01/01,10586.0,IPMGM has stopped.,
50099,0,,,,,,Windows 10,1507,Pro,2015/07/29,10240.0,IPMGM has stopped.,
50099,0,,,,,,Windows 8.1,8.1,Pro,1970/01/01,9600.0,IPMGM has stopped.,
50099,0,,,,,,Windows 8,8,Pro,1970/01/01,9200.0,IPMGM has stopped.,
50099,0,,,,,,Windows Server 2008R2,SP1,Standard,2011/02/09,7601.0,IPMGM has stopped.,
50099,0,,,,,,Windows 7,SP1,Ultimate,1970/01/01,7601.0,IPMGM has stopped.,
50099,0,,,,,,Windows Server 2008,SP2,Standard,2009/05/26,6002.0,IPMGM has stopped.,
