Event ID,Event Version,Level,Channel,Task,Opcode,Keyword,Windows,Version,Edition,Date,Build,Event Message,Event Fields
1001,0,Information,Microsoft-Windows-HotspotAuth/Analytic,Hotspot Authentication,Start,ut:Authentication,Windows 11,24H2,Pro,2024/10/2,26100.1742,Hotspot authentication started for interface {InterfaceGuid},{InterfaceGuid}
1001,0,Information,Microsoft-Windows-HotspotAuth/Analytic,Hotspot Authentication,Start,ut:Authentication,Windows 11,22H2,Pro,2022/12/20,22621.963,Hotspot authentication started for interface {InterfaceGuid},{InterfaceGuid}
1001,0,Information,Microsoft-Windows-HotspotAuth/Analytic,Hotspot Authentication,Start,ut:Authentication,Windows 11,22H2,Pro,2022/11/15,22621.819,Hotspot authentication started for interface {InterfaceGuid},{InterfaceGuid}
1001,0,Information,Microsoft-Windows-HotspotAuth/Analytic,Hotspot Authentication,Start,ut:Authentication,Windows 11,22H2,Pro,2022/10/18,22621.674,Hotspot authentication started for interface {InterfaceGuid},{InterfaceGuid}
1001,0,Information,Microsoft-Windows-HotspotAuth/Analytic,Hotspot Authentication,Start,ut:Authentication,Windows 11,22H2,Pro,2022/09/20,22621.382,Hotspot authentication started for interface {InterfaceGuid},{InterfaceGuid}
1001,0,Information,Microsoft-Windows-HotspotAuth/Analytic,Hotspot Authentication,Start,ut:Authentication,Windows 11,22H2,Pro,2023/03/21,22621.1413,Hotspot authentication started for interface {InterfaceGuid},{InterfaceGuid}
1001,0,Information,Microsoft-Windows-HotspotAuth/Analytic,Hotspot Authentication,Start,ut:Authentication,Windows 11,22H2,Pro,2023/02/21,22621.1265,Hotspot authentication started for interface {InterfaceGuid},{InterfaceGuid}
1001,0,Information,Microsoft-Windows-HotspotAuth/Analytic,Hotspot Authentication,Start,ut:Authentication,Windows 11,22H2,Pro,2023/01/17,22621.1105,Hotspot authentication started for interface {InterfaceGuid},{InterfaceGuid}
1001,0,Information,Microsoft-Windows-HotspotAuth/Analytic,Hotspot Authentication,Start,ut:Authentication,Windows 11,21H2,Pro,2022/09/20,22000.978,Hotspot authentication started for interface {InterfaceGuid},{InterfaceGuid}
1001,0,Information,Microsoft-Windows-HotspotAuth/Analytic,Hotspot Authentication,Start,ut:Authentication,Windows 11,21H2,Pro,2022/08/16,22000.856,Hotspot authentication started for interface {InterfaceGuid},{InterfaceGuid}
1001,0,Information,Microsoft-Windows-HotspotAuth/Analytic,Hotspot Authentication,Start,ut:Authentication,Windows 11,21H2,Pro,2022/07/19,22000.795,Hotspot authentication started for interface {InterfaceGuid},{InterfaceGuid}
1001,0,Information,Microsoft-Windows-HotspotAuth/Analytic,Hotspot Authentication,Start,ut:Authentication,Windows 11,21H2,Pro,2022/06/21,22000.739,Hotspot authentication started for interface {InterfaceGuid},{InterfaceGuid}
1001,0,Information,Microsoft-Windows-HotspotAuth/Analytic,Hotspot Authentication,Start,ut:Authentication,Windows 11,21H2,Pro,2022/05/17,22000.675,Hotspot authentication started for interface {InterfaceGuid},{InterfaceGuid}
1001,0,Information,Microsoft-Windows-HotspotAuth/Analytic,Hotspot Authentication,Start,ut:Authentication,Windows 11,21H2,Pro,2022/04/19,22000.613,Hotspot authentication started for interface {InterfaceGuid},{InterfaceGuid}
1001,0,Information,Microsoft-Windows-HotspotAuth/Analytic,Hotspot Authentication,Start,ut:Authentication,Windows 11,21H2,Pro,2022/03/15,22000.556,Hotspot authentication started for interface {InterfaceGuid},{InterfaceGuid}
1001,0,Information,Microsoft-Windows-HotspotAuth/Analytic,Hotspot Authentication,Start,ut:Authentication,Windows 11,21H2,Pro,2022/02/15,22000.493,Hotspot authentication started for interface {InterfaceGuid},{InterfaceGuid}
1001,0,Information,Microsoft-Windows-HotspotAuth/Analytic,Hotspot Authentication,Start,ut:Authentication,Windows 11,21H2,Pro,2022/01/11,22000.434,Hotspot authentication started for interface {InterfaceGuid},{InterfaceGuid}
1001,0,Information,Microsoft-Windows-HotspotAuth/Analytic,Hotspot Authentication,Start,ut:Authentication,Windows 11,21H2,Pro,2021/12/14,22000.376,Hotspot authentication started for interface {InterfaceGuid},{InterfaceGuid}
1001,0,Information,Microsoft-Windows-HotspotAuth/Analytic,Hotspot Authentication,Start,ut:Authentication,Windows 11,21H2,Pro,2021/11/09,22000.318,Hotspot authentication started for interface {InterfaceGuid},{InterfaceGuid}
1001,0,Information,Microsoft-Windows-HotspotAuth/Analytic,Hotspot Authentication,Start,ut:Authentication,Windows 11,21H2,Pro,2021/09/16,22000.194,Hotspot authentication started for interface {InterfaceGuid},{InterfaceGuid}
1001,0,Information,Microsoft-Windows-HotspotAuth/Analytic,Hotspot Authentication,Start,ut:Authentication,Windows 11,21H2,Pro,2023/03/21,22000.1696,Hotspot authentication started for interface {InterfaceGuid},{InterfaceGuid}
1001,0,Information,Microsoft-Windows-HotspotAuth/Analytic,Hotspot Authentication,Start,ut:Authentication,Windows 11,21H2,Pro,2023/02/21,22000.1574,Hotspot authentication started for interface {InterfaceGuid},{InterfaceGuid}
1001,0,Information,Microsoft-Windows-HotspotAuth/Analytic,Hotspot Authentication,Start,ut:Authentication,Windows 11,21H2,Pro,2023/01/17,22000.1455,Hotspot authentication started for interface {InterfaceGuid},{InterfaceGuid}
1001,0,Information,Microsoft-Windows-HotspotAuth/Analytic,Hotspot Authentication,Start,ut:Authentication,Windows 11,21H2,Pro,2022/12/20,22000.1335,Hotspot authentication started for interface {InterfaceGuid},{InterfaceGuid}
1001,0,Information,Microsoft-Windows-HotspotAuth/Analytic,Hotspot Authentication,Start,ut:Authentication,Windows 11,21H2,Pro,2022/11/15,22000.1219,Hotspot authentication started for interface {InterfaceGuid},{InterfaceGuid}
1001,0,Information,Microsoft-Windows-HotspotAuth/Analytic,Hotspot Authentication,Start,ut:Authentication,Windows 11,21H2,Pro,2022/10/18,22000.1098,Hotspot authentication started for interface {InterfaceGuid},{InterfaceGuid}
1001,0,Information,Microsoft-Windows-HotspotAuth/Analytic,Hotspot Authentication,Start,ut:Authentication,Windows 11,21H2,Pro-Dev,1970/01/01,21996.1,Hotspot authentication started for interface {InterfaceGuid},{InterfaceGuid}
1001,0,Information,Microsoft-Windows-HotspotAuth/Analytic,Hotspot Authentication,Start,ut:Authentication,Windows 10,22H2,Pro,2023/03/21,19045.2728,Hotspot authentication started for interface {InterfaceGuid},{InterfaceGuid}
1001,0,Information,Microsoft-Windows-HotspotAuth/Analytic,Hotspot Authentication,Start,ut:Authentication,Windows 10,22H2,Pro,2023/02/21,19045.2604,Hotspot authentication started for interface {InterfaceGuid},{InterfaceGuid}
1001,0,Information,Microsoft-Windows-HotspotAuth/Analytic,Hotspot Authentication,Start,ut:Authentication,Windows 10,22H2,Pro,2023/01/17,19045.2486,Hotspot authentication started for interface {InterfaceGuid},{InterfaceGuid}
1001,0,Information,Microsoft-Windows-HotspotAuth/Analytic,Hotspot Authentication,Start,ut:Authentication,Windows 10,22H2,Pro,2022/12/20,19045.2364,Hotspot authentication started for interface {InterfaceGuid},{InterfaceGuid}
1001,0,Information,Microsoft-Windows-HotspotAuth/Analytic,Hotspot Authentication,Start,ut:Authentication,Windows 10,22H2,Pro,2022/11/15,19045.2251,Hotspot authentication started for interface {InterfaceGuid},{InterfaceGuid}
1001,0,Information,Microsoft-Windows-HotspotAuth/Analytic,Hotspot Authentication,Start,ut:Authentication,Windows 10,21H2,Pro,2023/03/21,19044.2728,Hotspot authentication started for interface {InterfaceGuid},{InterfaceGuid}
1001,0,Information,Microsoft-Windows-HotspotAuth/Analytic,Hotspot Authentication,Start,ut:Authentication,Windows 10,21H2,Pro,2023/02/21,19044.2604,Hotspot authentication started for interface {InterfaceGuid},{InterfaceGuid}
1001,0,Information,Microsoft-Windows-HotspotAuth/Analytic,Hotspot Authentication,Start,ut:Authentication,Windows 10,21H2,Pro,2023/01/17,19044.2486,Hotspot authentication started for interface {InterfaceGuid},{InterfaceGuid}
1001,0,Information,Microsoft-Windows-HotspotAuth/Analytic,Hotspot Authentication,Start,ut:Authentication,Windows 10,21H2,Pro,2022/12/20,19044.2364,Hotspot authentication started for interface {InterfaceGuid},{InterfaceGuid}
1001,0,Information,Microsoft-Windows-HotspotAuth/Analytic,Hotspot Authentication,Start,ut:Authentication,Windows 10,21H2,Pro,2022/11/15,19044.2251,Hotspot authentication started for interface {InterfaceGuid},{InterfaceGuid}
1001,0,Information,Microsoft-Windows-HotspotAuth/Analytic,Hotspot Authentication,Start,ut:Authentication,Windows 10,21H2,Pro,2022/10/18,19044.213,Hotspot authentication started for interface {InterfaceGuid},{InterfaceGuid}
1001,0,Information,Microsoft-Windows-HotspotAuth/Analytic,Hotspot Authentication,Start,ut:Authentication,Windows 10,21H2,Pro,2022/09/20,19044.2006,Hotspot authentication started for interface {InterfaceGuid},{InterfaceGuid}
1001,0,Information,Microsoft-Windows-HotspotAuth/Analytic,Hotspot Authentication,Start,ut:Authentication,Windows 10,21H2,Pro,2022/08/16,19044.1889,Hotspot authentication started for interface {InterfaceGuid},{InterfaceGuid}
1001,0,Information,Microsoft-Windows-HotspotAuth/Analytic,Hotspot Authentication,Start,ut:Authentication,Windows 10,21H2,Pro,2022/07/19,19044.1826,Hotspot authentication started for interface {InterfaceGuid},{InterfaceGuid}
1001,0,Information,Microsoft-Windows-HotspotAuth/Analytic,Hotspot Authentication,Start,ut:Authentication,Windows 10,21H2,Pro,2022/06/21,19044.1766,Hotspot authentication started for interface {InterfaceGuid},{InterfaceGuid}
1001,0,Information,Microsoft-Windows-HotspotAuth/Analytic,Hotspot Authentication,Start,ut:Authentication,Windows 10,21H2,Pro,2022/05/17,19044.1706,Hotspot authentication started for interface {InterfaceGuid},{InterfaceGuid}
1001,0,Information,Microsoft-Windows-HotspotAuth/Analytic,Hotspot Authentication,Start,ut:Authentication,Windows 10,21H2,Pro,2022/04/19,19044.1645,Hotspot authentication started for interface {InterfaceGuid},{InterfaceGuid}
1001,0,Information,Microsoft-Windows-HotspotAuth/Analytic,Hotspot Authentication,Start,ut:Authentication,Windows 10,21H2,Pro,2022/01/11,19044.1466,Hotspot authentication started for interface {InterfaceGuid},{InterfaceGuid}
1001,0,Information,Microsoft-Windows-HotspotAuth/Analytic,Hotspot Authentication,Start,ut:Authentication,Windows 10,21H2,Pro,2021/10/12,19044.1288,Hotspot authentication started for interface {InterfaceGuid},{InterfaceGuid}
1001,0,Information,Microsoft-Windows-HotspotAuth/Analytic,Hotspot Authentication,Start,ut:Authentication,Windows 10,21H1,Pro,2021/04/13,19043.928,Hotspot authentication started for interface {InterfaceGuid},{InterfaceGuid}
1001,0,Information,Microsoft-Windows-HotspotAuth/Analytic,Hotspot Authentication,Start,ut:Authentication,Windows 10,21H1,Pro,2022/12/20,19043.2364,Hotspot authentication started for interface {InterfaceGuid},{InterfaceGuid}
1001,0,Information,Microsoft-Windows-HotspotAuth/Analytic,Hotspot Authentication,Start,ut:Authentication,Windows 10,21H1,Pro,2022/11/15,19043.2251,Hotspot authentication started for interface {InterfaceGuid},{InterfaceGuid}
1001,0,Information,Microsoft-Windows-HotspotAuth/Analytic,Hotspot Authentication,Start,ut:Authentication,Windows 10,21H1,Pro,2022/10/18,19043.213,Hotspot authentication started for interface {InterfaceGuid},{InterfaceGuid}
1001,0,Information,Microsoft-Windows-HotspotAuth/Analytic,Hotspot Authentication,Start,ut:Authentication,Windows 10,21H1,Pro,2022/09/20,19043.2006,Hotspot authentication started for interface {InterfaceGuid},{InterfaceGuid}
1001,0,Information,Microsoft-Windows-HotspotAuth/Analytic,Hotspot Authentication,Start,ut:Authentication,Windows 10,21H1,Pro,2022/08/16,19043.1889,Hotspot authentication started for interface {InterfaceGuid},{InterfaceGuid}
1001,0,Information,Microsoft-Windows-HotspotAuth/Analytic,Hotspot Authentication,Start,ut:Authentication,Windows 10,21H1,Pro,2022/07/19,19043.1826,Hotspot authentication started for interface {InterfaceGuid},{InterfaceGuid}
1001,0,Information,Microsoft-Windows-HotspotAuth/Analytic,Hotspot Authentication,Start,ut:Authentication,Windows 10,21H1,Pro,2022/06/21,19043.1766,Hotspot authentication started for interface {InterfaceGuid},{InterfaceGuid}
1001,0,Information,Microsoft-Windows-HotspotAuth/Analytic,Hotspot Authentication,Start,ut:Authentication,Windows 10,21H1,Pro,2022/05/17,19043.1706,Hotspot authentication started for interface {InterfaceGuid},{InterfaceGuid}
1001,0,Information,Microsoft-Windows-HotspotAuth/Analytic,Hotspot Authentication,Start,ut:Authentication,Windows 10,21H1,Pro,2022/04/19,19043.1645,Hotspot authentication started for interface {InterfaceGuid},{InterfaceGuid}
1001,0,Information,Microsoft-Windows-HotspotAuth/Analytic,Hotspot Authentication,Start,ut:Authentication,Windows 10,21H1,Pro,2022/01/11,19043.1466,Hotspot authentication started for interface {InterfaceGuid},{InterfaceGuid}
1001,0,Information,Microsoft-Windows-HotspotAuth/Analytic,Hotspot Authentication,Start,ut:Authentication,Windows 10,21H1,Pro,2021/12/14,19043.1415,Hotspot authentication started for interface {InterfaceGuid},{InterfaceGuid}
1001,0,Information,Microsoft-Windows-HotspotAuth/Analytic,Hotspot Authentication,Start,ut:Authentication,Windows 10,21H2,Pro,2021/12/14,19043.1415,Hotspot authentication started for interface {InterfaceGuid},{InterfaceGuid}
1001,0,Information,Microsoft-Windows-HotspotAuth/Analytic,Hotspot Authentication,Start,ut:Authentication,Windows 10,21H1,Pro,2021/11/09,19043.1348,Hotspot authentication started for interface {InterfaceGuid},{InterfaceGuid}
1001,0,Information,Microsoft-Windows-HotspotAuth/Analytic,Hotspot Authentication,Start,ut:Authentication,Windows 10,21H1,Pro,2021/10/12,19043.1288,Hotspot authentication started for interface {InterfaceGuid},{InterfaceGuid}
1001,0,Information,Microsoft-Windows-HotspotAuth/Analytic,Hotspot Authentication,Start,ut:Authentication,Windows 10,21H1,Pro,2021/09/14,19043.1237,Hotspot authentication started for interface {InterfaceGuid},{InterfaceGuid}
1001,0,Information,Microsoft-Windows-HotspotAuth/Analytic,Hotspot Authentication,Start,ut:Authentication,Windows 10,21H1,Pro,2021/08/10,19043.1165,Hotspot authentication started for interface {InterfaceGuid},{InterfaceGuid}
1001,0,Information,Microsoft-Windows-HotspotAuth/Analytic,Hotspot Authentication,Start,ut:Authentication,Windows 10,21H1,Pro,2021/07/13,19043.111,Hotspot authentication started for interface {InterfaceGuid},{InterfaceGuid}
1001,0,Information,Microsoft-Windows-HotspotAuth/Analytic,Hotspot Authentication,Start,ut:Authentication,Windows 10,21H1,Pro,2021/06/08,19043.1052,Hotspot authentication started for interface {InterfaceGuid},{InterfaceGuid}
1001,0,Information,Microsoft-Windows-HotspotAuth/Analytic,Hotspot Authentication,Start,ut:Authentication,Windows 10,20H2,Pro,2022/04/19,19042.1645,Hotspot authentication started for interface {InterfaceGuid},{InterfaceGuid}
1001,0,Information,Microsoft-Windows-HotspotAuth/Analytic,Hotspot Authentication,Start,ut:Authentication,Windows 10,20H2,Pro,2022/01/11,19042.1466,Hotspot authentication started for interface {InterfaceGuid},{InterfaceGuid}
1001,0,Information,Microsoft-Windows-HotspotAuth/Analytic,Hotspot Authentication,Start,ut:Authentication,Windows 10,2004,Pro,2021/05/11,19041.985,Hotspot authentication started for interface {InterfaceGuid},{InterfaceGuid}
1001,0,Information,Microsoft-Windows-HotspotAuth/Analytic,Hotspot Authentication,Start,ut:Authentication,Windows 10,20H2,Pro,2021/05/11,19041.985,Hotspot authentication started for interface {InterfaceGuid},{InterfaceGuid}
1001,0,Information,Microsoft-Windows-HotspotAuth/Analytic,Hotspot Authentication,Start,ut:Authentication,Windows 10,2004,Pro,2021/04/13,19041.928,Hotspot authentication started for interface {InterfaceGuid},{InterfaceGuid}
1001,0,Information,Microsoft-Windows-HotspotAuth/Analytic,Hotspot Authentication,Start,ut:Authentication,Windows 10,20H2,Pro,2021/04/13,19041.928,Hotspot authentication started for interface {InterfaceGuid},{InterfaceGuid}
1001,0,Information,Microsoft-Windows-HotspotAuth/Analytic,Hotspot Authentication,Start,ut:Authentication,Windows 10,2004,Pro,2021/03/09,19041.867,Hotspot authentication started for interface {InterfaceGuid},{InterfaceGuid}
1001,0,Information,Microsoft-Windows-HotspotAuth/Analytic,Hotspot Authentication,Start,ut:Authentication,Windows 10,20H2,Pro,2021/03/09,19041.867,Hotspot authentication started for interface {InterfaceGuid},{InterfaceGuid}
1001,0,Information,Microsoft-Windows-HotspotAuth/Analytic,Hotspot Authentication,Start,ut:Authentication,Windows 10,2004,Pro,2021/02/09,19041.804,Hotspot authentication started for interface {InterfaceGuid},{InterfaceGuid}
1001,0,Information,Microsoft-Windows-HotspotAuth/Analytic,Hotspot Authentication,Start,ut:Authentication,Windows 10,20H2,Pro,2021/02/09,19041.804,Hotspot authentication started for interface {InterfaceGuid},{InterfaceGuid}
1001,0,Information,Microsoft-Windows-HotspotAuth/Analytic,Hotspot Authentication,Start,ut:Authentication,Windows 10,2004,Pro,2021/01/12,19041.746,Hotspot authentication started for interface {InterfaceGuid},{InterfaceGuid}
1001,0,Information,Microsoft-Windows-HotspotAuth/Analytic,Hotspot Authentication,Start,ut:Authentication,Windows 10,20H2,Pro,2021/01/12,19041.746,Hotspot authentication started for interface {InterfaceGuid},{InterfaceGuid}
1001,0,Information,Microsoft-Windows-HotspotAuth/Analytic,Hotspot Authentication,Start,ut:Authentication,Windows 10,2004,Pro,2020/12/08,19041.685,Hotspot authentication started for interface {InterfaceGuid},{InterfaceGuid}
1001,0,Information,Microsoft-Windows-HotspotAuth/Analytic,Hotspot Authentication,Start,ut:Authentication,Windows 10,20H2,Pro,2020/12/08,19041.685,Hotspot authentication started for interface {InterfaceGuid},{InterfaceGuid}
1001,0,Information,Microsoft-Windows-HotspotAuth/Analytic,Hotspot Authentication,Start,ut:Authentication,Windows 10,20H2,Pro,2020/11/19,19041.631,Hotspot authentication started for interface {InterfaceGuid},{InterfaceGuid}
1001,0,Information,Microsoft-Windows-HotspotAuth/Analytic,Hotspot Authentication,Start,ut:Authentication,Windows 10,2004,Pro,2020/11/10,19041.63,Hotspot authentication started for interface {InterfaceGuid},{InterfaceGuid}
1001,0,Information,Microsoft-Windows-HotspotAuth/Analytic,Hotspot Authentication,Start,ut:Authentication,Windows 10,2004,Pro,2020/10/13,19041.572,Hotspot authentication started for interface {InterfaceGuid},{InterfaceGuid}
1001,0,Information,Microsoft-Windows-HotspotAuth/Analytic,Hotspot Authentication,Start,ut:Authentication,Windows 10,2004,Pro,2020/09/08,19041.508,Hotspot authentication started for interface {InterfaceGuid},{InterfaceGuid}
1001,0,Information,Microsoft-Windows-HotspotAuth/Analytic,Hotspot Authentication,Start,ut:Authentication,Windows 10,2004,Pro,2020/08/11,19041.45,Hotspot authentication started for interface {InterfaceGuid},{InterfaceGuid}
1001,0,Information,Microsoft-Windows-HotspotAuth/Analytic,Hotspot Authentication,Start,ut:Authentication,Windows 10,2004,Pro,2020/07/14,19041.388,Hotspot authentication started for interface {InterfaceGuid},{InterfaceGuid}
1001,0,Information,Microsoft-Windows-HotspotAuth/Analytic,Hotspot Authentication,Start,ut:Authentication,Windows 10,2004,Pro,2020/06/09,19041.329,Hotspot authentication started for interface {InterfaceGuid},{InterfaceGuid}
1001,0,Information,Microsoft-Windows-HotspotAuth/Analytic,Hotspot Authentication,Start,ut:Authentication,Windows 10,2004,Pro,2020/05/27,19041.264,Hotspot authentication started for interface {InterfaceGuid},{InterfaceGuid}
1001,0,Information,Microsoft-Windows-HotspotAuth/Analytic,Hotspot Authentication,Start,ut:Authentication,Windows 10,2004,Pro,2020/04/16,19041.208,Hotspot authentication started for interface {InterfaceGuid},{InterfaceGuid}
1001,0,Information,Microsoft-Windows-HotspotAuth/Analytic,Hotspot Authentication,Start,ut:Authentication,Windows 10,21H1,Pro,2022/03/15,19041.1586,Hotspot authentication started for interface {InterfaceGuid},{InterfaceGuid}
1001,0,Information,Microsoft-Windows-HotspotAuth/Analytic,Hotspot Authentication,Start,ut:Authentication,Windows 10,20H2,Pro,2022/03/15,19041.1586,Hotspot authentication started for interface {InterfaceGuid},{InterfaceGuid}
1001,0,Information,Microsoft-Windows-HotspotAuth/Analytic,Hotspot Authentication,Start,ut:Authentication,Windows 10,21H2,Pro,2022/03/15,19041.1586,Hotspot authentication started for interface {InterfaceGuid},{InterfaceGuid}
1001,0,Information,Microsoft-Windows-HotspotAuth/Analytic,Hotspot Authentication,Start,ut:Authentication,Windows 10,21H1,Pro,2022/02/15,19041.1526,Hotspot authentication started for interface {InterfaceGuid},{InterfaceGuid}
1001,0,Information,Microsoft-Windows-HotspotAuth/Analytic,Hotspot Authentication,Start,ut:Authentication,Windows 10,20H2,Pro,2022/02/15,19041.1526,Hotspot authentication started for interface {InterfaceGuid},{InterfaceGuid}
1001,0,Information,Microsoft-Windows-HotspotAuth/Analytic,Hotspot Authentication,Start,ut:Authentication,Windows 10,21H2,Pro,2022/02/15,19041.1526,Hotspot authentication started for interface {InterfaceGuid},{InterfaceGuid}
1001,0,Information,Microsoft-Windows-HotspotAuth/Analytic,Hotspot Authentication,Start,ut:Authentication,Windows 10,20H2,Pro,2021/12/14,19041.1415,Hotspot authentication started for interface {InterfaceGuid},{InterfaceGuid}
1001,0,Information,Microsoft-Windows-HotspotAuth/Analytic,Hotspot Authentication,Start,ut:Authentication,Windows 10,2004,Pro,2021/11/09,19041.1348,Hotspot authentication started for interface {InterfaceGuid},{InterfaceGuid}
1001,0,Information,Microsoft-Windows-HotspotAuth/Analytic,Hotspot Authentication,Start,ut:Authentication,Windows 10,20H2,Pro,2021/11/09,19041.1348,Hotspot authentication started for interface {InterfaceGuid},{InterfaceGuid}
1001,0,Information,Microsoft-Windows-HotspotAuth/Analytic,Hotspot Authentication,Start,ut:Authentication,Windows 10,2004,Pro,2021/10/12,19041.1288,Hotspot authentication started for interface {InterfaceGuid},{InterfaceGuid}
1001,0,Information,Microsoft-Windows-HotspotAuth/Analytic,Hotspot Authentication,Start,ut:Authentication,Windows 10,20H2,Pro,2021/10/12,19041.1288,Hotspot authentication started for interface {InterfaceGuid},{InterfaceGuid}
1001,0,Information,Microsoft-Windows-HotspotAuth/Analytic,Hotspot Authentication,Start,ut:Authentication,Windows 10,2004,Pro,2021/09/14,19041.1237,Hotspot authentication started for interface {InterfaceGuid},{InterfaceGuid}
1001,0,Information,Microsoft-Windows-HotspotAuth/Analytic,Hotspot Authentication,Start,ut:Authentication,Windows 10,20H2,Pro,2021/09/14,19041.1237,Hotspot authentication started for interface {InterfaceGuid},{InterfaceGuid}
1001,0,Information,Microsoft-Windows-HotspotAuth/Analytic,Hotspot Authentication,Start,ut:Authentication,Windows 10,2004,Pro,2021/08/10,19041.1165,Hotspot authentication started for interface {InterfaceGuid},{InterfaceGuid}
1001,0,Information,Microsoft-Windows-HotspotAuth/Analytic,Hotspot Authentication,Start,ut:Authentication,Windows 10,20H2,Pro,2021/08/10,19041.1165,Hotspot authentication started for interface {InterfaceGuid},{InterfaceGuid}
1001,0,Information,Microsoft-Windows-HotspotAuth/Analytic,Hotspot Authentication,Start,ut:Authentication,Windows 10,2004,Pro,2021/07/13,19041.111,Hotspot authentication started for interface {InterfaceGuid},{InterfaceGuid}
1001,0,Information,Microsoft-Windows-HotspotAuth/Analytic,Hotspot Authentication,Start,ut:Authentication,Windows 10,20H2,Pro,2021/07/13,19041.111,Hotspot authentication started for interface {InterfaceGuid},{InterfaceGuid}
1001,0,Information,Microsoft-Windows-HotspotAuth/Analytic,Hotspot Authentication,Start,ut:Authentication,Windows 10,2004,Pro,2021/06/08,19041.1052,Hotspot authentication started for interface {InterfaceGuid},{InterfaceGuid}
1001,0,Information,Microsoft-Windows-HotspotAuth/Analytic,Hotspot Authentication,Start,ut:Authentication,Windows 10,20H2,Pro,2021/06/08,19041.1052,Hotspot authentication started for interface {InterfaceGuid},{InterfaceGuid}
1001,0,Information,Microsoft-Windows-HotspotAuth/Analytic,Hotspot Authentication,Start,ut:Authentication,Windows 10,1909,Pro,2020/07/14,18363.959,Hotspot authentication started for interface {InterfaceGuid},{InterfaceGuid}
1001,0,Information,Microsoft-Windows-HotspotAuth/Analytic,Hotspot Authentication,Start,ut:Authentication,Windows 10,1909,Pro,2020/06/09,18363.9,Hotspot authentication started for interface {InterfaceGuid},{InterfaceGuid}
1001,0,Information,Microsoft-Windows-HotspotAuth/Analytic,Hotspot Authentication,Start,ut:Authentication,Windows 10,1909,Pro,2020/05/12,18363.836,Hotspot authentication started for interface {InterfaceGuid},{InterfaceGuid}
1001,0,Information,Microsoft-Windows-HotspotAuth/Analytic,Hotspot Authentication,Start,ut:Authentication,Windows 10,1909,Pro,2020/04/14,18363.778,Hotspot authentication started for interface {InterfaceGuid},{InterfaceGuid}
1001,0,Information,Microsoft-Windows-HotspotAuth/Analytic,Hotspot Authentication,Start,ut:Authentication,Windows 10,1909,Pro,2020/03/12,18363.72,Hotspot authentication started for interface {InterfaceGuid},{InterfaceGuid}
1001,0,Information,Microsoft-Windows-HotspotAuth/Analytic,Hotspot Authentication,Start,ut:Authentication,Windows 10,1909,Pro,2020/02/11,18363.657,Hotspot authentication started for interface {InterfaceGuid},{InterfaceGuid}
1001,0,Information,Microsoft-Windows-HotspotAuth/Analytic,Hotspot Authentication,Start,ut:Authentication,Windows 10,1909,Pro,2020/01/14,18363.592,Hotspot authentication started for interface {InterfaceGuid},{InterfaceGuid}
1001,0,Information,Microsoft-Windows-HotspotAuth/Analytic,Hotspot Authentication,Start,ut:Authentication,Windows 10,1909,Pro,2019/12/10,18363.535,Hotspot authentication started for interface {InterfaceGuid},{InterfaceGuid}
1001,0,Information,Microsoft-Windows-HotspotAuth/Analytic,Hotspot Authentication,Start,ut:Authentication,Windows 10,1909,Pro,2019/10/05,18363.418,Hotspot authentication started for interface {InterfaceGuid},{InterfaceGuid}
1001,0,Information,Microsoft-Windows-HotspotAuth/Analytic,Hotspot Authentication,Start,ut:Authentication,Windows 10,1909,Pro,2021/06/08,18363.1621,Hotspot authentication started for interface {InterfaceGuid},{InterfaceGuid}
1001,0,Information,Microsoft-Windows-HotspotAuth/Analytic,Hotspot Authentication,Start,ut:Authentication,Windows 10,1909,Pro,2021/05/11,18363.1556,Hotspot authentication started for interface {InterfaceGuid},{InterfaceGuid}
1001,0,Information,Microsoft-Windows-HotspotAuth/Analytic,Hotspot Authentication,Start,ut:Authentication,Windows 10,1909,Pro,2021/04/13,18363.15,Hotspot authentication started for interface {InterfaceGuid},{InterfaceGuid}
1001,0,Information,Microsoft-Windows-HotspotAuth/Analytic,Hotspot Authentication,Start,ut:Authentication,Windows 10,1909,Pro,2021/03/09,18363.144,Hotspot authentication started for interface {InterfaceGuid},{InterfaceGuid}
1001,0,Information,Microsoft-Windows-HotspotAuth/Analytic,Hotspot Authentication,Start,ut:Authentication,Windows 10,1909,Pro,2021/02/11,18363.1379,Hotspot authentication started for interface {InterfaceGuid},{InterfaceGuid}
1001,0,Information,Microsoft-Windows-HotspotAuth/Analytic,Hotspot Authentication,Start,ut:Authentication,Windows 10,1909,Pro,2021/01/12,18363.1316,Hotspot authentication started for interface {InterfaceGuid},{InterfaceGuid}
1001,0,Information,Microsoft-Windows-HotspotAuth/Analytic,Hotspot Authentication,Start,ut:Authentication,Windows 10,1909,Pro,2020/12/08,18363.1256,Hotspot authentication started for interface {InterfaceGuid},{InterfaceGuid}
1001,0,Information,Microsoft-Windows-HotspotAuth/Analytic,Hotspot Authentication,Start,ut:Authentication,Windows 10,1909,Pro,2020/11/10,18363.1198,Hotspot authentication started for interface {InterfaceGuid},{InterfaceGuid}
1001,0,Information,Microsoft-Windows-HotspotAuth/Analytic,Hotspot Authentication,Start,ut:Authentication,Windows 10,1909,Pro,2020/10/13,18363.1139,Hotspot authentication started for interface {InterfaceGuid},{InterfaceGuid}
1001,0,Information,Microsoft-Windows-HotspotAuth/Analytic,Hotspot Authentication,Start,ut:Authentication,Windows 10,1909,Pro,2020/09/08,18363.1082,Hotspot authentication started for interface {InterfaceGuid},{InterfaceGuid}
1001,0,Information,Microsoft-Windows-HotspotAuth/Analytic,Hotspot Authentication,Start,ut:Authentication,Windows 10,1909,Pro,2020/08/11,18363.1016,Hotspot authentication started for interface {InterfaceGuid},{InterfaceGuid}
1001,0,Information,Microsoft-Windows-HotspotAuth/Analytic,Hotspot Authentication,Start,ut:Authentication,Windows 10,1903,Pro,2020/07/14,18362.959,Hotspot authentication started for interface {InterfaceGuid},{InterfaceGuid}
1001,0,Information,Microsoft-Windows-HotspotAuth/Analytic,Hotspot Authentication,Start,ut:Authentication,Windows 10,1903,Pro,2020/05/12,18362.836,Hotspot authentication started for interface {InterfaceGuid},{InterfaceGuid}
1001,0,Information,Microsoft-Windows-HotspotAuth/Analytic,Hotspot Authentication,Start,ut:Authentication,Windows 10,1903,Pro,2020/03/12,18362.72,Hotspot authentication started for interface {InterfaceGuid},{InterfaceGuid}
1001,0,Information,Microsoft-Windows-HotspotAuth/Analytic,Hotspot Authentication,Start,ut:Authentication,Windows 10,1903,Pro,2020/02/11,18362.657,Hotspot authentication started for interface {InterfaceGuid},{InterfaceGuid}
1001,0,Information,Microsoft-Windows-HotspotAuth/Analytic,Hotspot Authentication,Start,ut:Authentication,Windows 10,1903,Pro,2019/12/10,18362.535,Hotspot authentication started for interface {InterfaceGuid},{InterfaceGuid}
1001,0,Information,Microsoft-Windows-HotspotAuth/Analytic,Hotspot Authentication,Start,ut:Authentication,Windows 10,1903,Pro,2019/11/12,18362.476,Hotspot authentication started for interface {InterfaceGuid},{InterfaceGuid}
1001,0,Information,Microsoft-Windows-HotspotAuth/Analytic,Hotspot Authentication,Start,ut:Authentication,Windows 10,1903,Pro,2019/09/10,18362.356,Hotspot authentication started for interface {InterfaceGuid},{InterfaceGuid}
1001,0,Information,Microsoft-Windows-HotspotAuth/Analytic,Hotspot Authentication,Start,ut:Authentication,Windows 10,1903,Pro,2019/03/29,18362.3,Hotspot authentication started for interface {InterfaceGuid},{InterfaceGuid}
1001,0,Information,Microsoft-Windows-HotspotAuth/Analytic,Hotspot Authentication,Start,ut:Authentication,Windows 10,1903,Pro,2019/07/09,18362.239,Hotspot authentication started for interface {InterfaceGuid},{InterfaceGuid}
1001,0,Information,Microsoft-Windows-HotspotAuth/Analytic,Hotspot Authentication,Start,ut:Authentication,Windows 10,1903,Pro,2019/06/11,18362.175,Hotspot authentication started for interface {InterfaceGuid},{InterfaceGuid}
1001,0,Information,Microsoft-Windows-HotspotAuth/Analytic,Hotspot Authentication,Start,ut:Authentication,Windows 10,1903,Pro,2020/12/08,18362.1256,Hotspot authentication started for interface {InterfaceGuid},{InterfaceGuid}
1001,0,Information,Microsoft-Windows-HotspotAuth/Analytic,Hotspot Authentication,Start,ut:Authentication,Windows 10,1903,Pro,2020/11/10,18362.1198,Hotspot authentication started for interface {InterfaceGuid},{InterfaceGuid}
1001,0,Information,Microsoft-Windows-HotspotAuth/Analytic,Hotspot Authentication,Start,ut:Authentication,Windows 10,1903,Pro,2020/10/13,18362.1139,Hotspot authentication started for interface {InterfaceGuid},{InterfaceGuid}
1001,0,Information,Microsoft-Windows-HotspotAuth/Analytic,Hotspot Authentication,Start,ut:Authentication,Windows 10,1903,Pro,2020/09/08,18362.1082,Hotspot authentication started for interface {InterfaceGuid},{InterfaceGuid}
1001,0,Information,Microsoft-Windows-HotspotAuth/Analytic,Hotspot Authentication,Start,ut:Authentication,Windows 10,1903,Pro,2019/12/10,18362.1016,Hotspot authentication started for interface {InterfaceGuid},{InterfaceGuid}
1001,0,Information,Microsoft-Windows-HotspotAuth/Analytic,Hotspot Authentication,Start,ut:Authentication,Windows 10,1809,Pro,2020/01/14,17763.973,Hotspot authentication started for interface {InterfaceGuid},{InterfaceGuid}
1001,0,Information,Microsoft-Windows-HotspotAuth/Analytic,Hotspot Authentication,Start,ut:Authentication,Windows 10,1809,Pro,2019/12/10,17763.914,Hotspot authentication started for interface {InterfaceGuid},{InterfaceGuid}
1001,0,Information,Microsoft-Windows-HotspotAuth/Analytic,Hotspot Authentication,Start,ut:Authentication,Windows 10,1809,Pro,2019/11/12,17763.864,Hotspot authentication started for interface {InterfaceGuid},{InterfaceGuid}
1001,0,Information,Microsoft-Windows-HotspotAuth/Analytic,Hotspot Authentication,Start,ut:Authentication,Windows 10,1809,Pro,2019/10/08,17763.805,Hotspot authentication started for interface {InterfaceGuid},{InterfaceGuid}
1001,0,Information,Microsoft-Windows-HotspotAuth/Analytic,Hotspot Authentication,Start,ut:Authentication,Windows 10,1809,Pro,2019/09/10,17763.737,Hotspot authentication started for interface {InterfaceGuid},{InterfaceGuid}
1001,0,Information,Microsoft-Windows-HotspotAuth/Analytic,Hotspot Authentication,Start,ut:Authentication,Windows 10,1809,Pro,2019/08/13,17763.678,Hotspot authentication started for interface {InterfaceGuid},{InterfaceGuid}
1001,0,Information,Microsoft-Windows-HotspotAuth/Analytic,Hotspot Authentication,Start,ut:Authentication,Windows 10,1809,Pro,2019/07/09,17763.615,Hotspot authentication started for interface {InterfaceGuid},{InterfaceGuid}
1001,0,Information,Microsoft-Windows-HotspotAuth/Analytic,Hotspot Authentication,Start,ut:Authentication,Windows 10,1809,Pro,2019/06/11,17763.557,Hotspot authentication started for interface {InterfaceGuid},{InterfaceGuid}
1001,0,Information,Microsoft-Windows-HotspotAuth/Analytic,Hotspot Authentication,Start,ut:Authentication,Windows 10,1809,Pro,2019/05/19,17763.504,Hotspot authentication started for interface {InterfaceGuid},{InterfaceGuid}
1001,0,Information,Microsoft-Windows-HotspotAuth/Analytic,Hotspot Authentication,Start,ut:Authentication,Windows 10,1809,Pro,2019/04/09,17763.437,Hotspot authentication started for interface {InterfaceGuid},{InterfaceGuid}
1001,0,Information,Microsoft-Windows-HotspotAuth/Analytic,Hotspot Authentication,Start,ut:Authentication,Windows 10,1809,Pro,2019/03/12,17763.379,Hotspot authentication started for interface {InterfaceGuid},{InterfaceGuid}
1001,0,Information,Microsoft-Windows-HotspotAuth/Analytic,Hotspot Authentication,Start,ut:Authentication,Windows 10,1809,Pro,2019/02/12,17763.316,Hotspot authentication started for interface {InterfaceGuid},{InterfaceGuid}
1001,0,Information,Microsoft-Windows-HotspotAuth/Analytic,Hotspot Authentication,Start,ut:Authentication,Windows 10,1803,Pro,2019/01/08,17763.253,Hotspot authentication started for interface {InterfaceGuid},{InterfaceGuid}
1001,0,Information,Microsoft-Windows-HotspotAuth/Analytic,Hotspot Authentication,Start,ut:Authentication,Windows 10,1809,Pro,2018/12/11,17763.194,Hotspot authentication started for interface {InterfaceGuid},{InterfaceGuid}
1001,0,Information,Microsoft-Windows-HotspotAuth/Analytic,Hotspot Authentication,Start,ut:Authentication,Windows 10,1809,Pro,2020/11/10,17763.1577,Hotspot authentication started for interface {InterfaceGuid},{InterfaceGuid}
1001,0,Information,Microsoft-Windows-HotspotAuth/Analytic,Hotspot Authentication,Start,ut:Authentication,Windows 10,1809,Pro,2020/10/13,17763.1518,Hotspot authentication started for interface {InterfaceGuid},{InterfaceGuid}
1001,0,Information,Microsoft-Windows-HotspotAuth/Analytic,Hotspot Authentication,Start,ut:Authentication,Windows 10,1809,Pro,2020/09/08,17763.1457,Hotspot authentication started for interface {InterfaceGuid},{InterfaceGuid}
1001,0,Information,Microsoft-Windows-HotspotAuth/Analytic,Hotspot Authentication,Start,ut:Authentication,Windows 10,1809,Pro,2020/08/11,17763.1397,Hotspot authentication started for interface {InterfaceGuid},{InterfaceGuid}
1001,0,Information,Microsoft-Windows-HotspotAuth/Analytic,Hotspot Authentication,Start,ut:Authentication,Windows 10,1809,Pro,2020/07/14,17763.1339,Hotspot authentication started for interface {InterfaceGuid},{InterfaceGuid}
1001,0,Information,Microsoft-Windows-HotspotAuth/Analytic,Hotspot Authentication,Start,ut:Authentication,Windows 10,1809,Pro,2020/06/09,17763.1282,Hotspot authentication started for interface {InterfaceGuid},{InterfaceGuid}
1001,0,Information,Microsoft-Windows-HotspotAuth/Analytic,Hotspot Authentication,Start,ut:Authentication,Windows 10,1809,Pro,2020/05/12,17763.1217,Hotspot authentication started for interface {InterfaceGuid},{InterfaceGuid}
1001,0,Information,Microsoft-Windows-HotspotAuth/Analytic,Hotspot Authentication,Start,ut:Authentication,Windows 10,1809,Pro,2020/04/14,17763.1158,Hotspot authentication started for interface {InterfaceGuid},{InterfaceGuid}
1001,0,Information,Microsoft-Windows-HotspotAuth/Analytic,Hotspot Authentication,Start,ut:Authentication,Windows 10,1809,Pro,2020/03/12,17763.1098,Hotspot authentication started for interface {InterfaceGuid},{InterfaceGuid}
1001,0,Information,Microsoft-Windows-HotspotAuth/Analytic,Hotspot Authentication,Start,ut:Authentication,Windows 10,1809,Pro,2018/11/13,17763.107,Hotspot authentication started for interface {InterfaceGuid},{InterfaceGuid}
1001,0,Information,Microsoft-Windows-HotspotAuth/Analytic,Hotspot Authentication,Start,ut:Authentication,Windows 10,1809,Pro,2020/02/11,17763.1039,Hotspot authentication started for interface {InterfaceGuid},{InterfaceGuid}
1001,0,Information,Microsoft-Windows-HotspotAuth/Analytic,Hotspot Authentication,Start,ut:Authentication,Windows 10,1803,Pro,2019/08/13,17134.95,Hotspot authentication started for interface {InterfaceGuid},{InterfaceGuid}
1001,0,Information,Microsoft-Windows-HotspotAuth/Analytic,Hotspot Authentication,Start,ut:Authentication,Windows 10,1803,Pro,2019/07/09,17134.885,Hotspot authentication started for interface {InterfaceGuid},{InterfaceGuid}
1001,0,Information,Microsoft-Windows-HotspotAuth/Analytic,Hotspot Authentication,Start,ut:Authentication,Windows 10,1803,Pro,2019/06/11,17134.829,Hotspot authentication started for interface {InterfaceGuid},{InterfaceGuid}
1001,0,Information,Microsoft-Windows-HotspotAuth/Analytic,Hotspot Authentication,Start,ut:Authentication,Windows 10,1803,Pro,2019/05/19,17134.766,Hotspot authentication started for interface {InterfaceGuid},{InterfaceGuid}
1001,0,Information,Microsoft-Windows-HotspotAuth/Analytic,Hotspot Authentication,Start,ut:Authentication,Windows 10,1803,Pro,2019/04/09,17134.706,Hotspot authentication started for interface {InterfaceGuid},{InterfaceGuid}
1001,0,Information,Microsoft-Windows-HotspotAuth/Analytic,Hotspot Authentication,Start,ut:Authentication,Windows 10,1803,Pro,2019/03/12,17134.648,Hotspot authentication started for interface {InterfaceGuid},{InterfaceGuid}
1001,0,Information,Microsoft-Windows-HotspotAuth/Analytic,Hotspot Authentication,Start,ut:Authentication,Windows 10,1803,Pro,2019/01/08,17134.523,Hotspot authentication started for interface {InterfaceGuid},{InterfaceGuid}
1001,0,Information,Microsoft-Windows-HotspotAuth/Analytic,Hotspot Authentication,Start,ut:Authentication,Windows 10,1803,Pro,2018/09/11,17134.285,Hotspot authentication started for interface {InterfaceGuid},{InterfaceGuid}
1001,0,Information,Microsoft-Windows-HotspotAuth/Analytic,Hotspot Authentication,Start,ut:Authentication,Windows 10,1803,Pro,2018/08/14,17134.228,Hotspot authentication started for interface {InterfaceGuid},{InterfaceGuid}
1001,0,Information,Microsoft-Windows-HotspotAuth/Analytic,Hotspot Authentication,Start,ut:Authentication,Windows 10,1803,Pro,2018/06/12,17134.112,Hotspot authentication started for interface {InterfaceGuid},{InterfaceGuid}
1001,0,Information,Microsoft-Windows-HotspotAuth/Analytic,Hotspot Authentication,Start,ut:Authentication,Windows 10,1803,Pro,2019/09/10,17134.1006,Hotspot authentication started for interface {InterfaceGuid},{InterfaceGuid}
1001,0,Information,Microsoft-Windows-HotspotAuth/Analytic,Hotspot Authentication,Start,ut:Authentication,Windows 10,1803,Pro,1970/01/01,17134.1,Hotspot authentication started for interface {InterfaceGuid},{InterfaceGuid}
1001,0,Information,Microsoft-Windows-HotspotAuth/Analytic,Hotspot Authentication,Start,ut:Authentication,Windows 10,1709,Pro,2017/11/14,16299.64,Hotspot authentication started for interface {InterfaceGuid},{InterfaceGuid}
1001,0,Information,Microsoft-Windows-HotspotAuth/Analytic,Hotspot Authentication,Start,ut:Authentication,Windows 10,1709,Pro,2017/11/14,16299.15,Hotspot authentication started for interface {InterfaceGuid},{InterfaceGuid}
1001,0,Information,Microsoft-Windows-HotspotAuth/Analytic,Hotspot Authentication,Start,ut:Authentication,Windows 10,1709,Pro,2017/12/12,16299.125,Hotspot authentication started for interface {InterfaceGuid},{InterfaceGuid}
1001,0,Information,Microsoft-Windows-HotspotAuth/Analytic,Hotspot Authentication,Start,ut:Authentication,Windows 10,1703,Pro,2017/07/11,15063.483,Hotspot authentication started for interface {InterfaceGuid},{InterfaceGuid}
1001,0,Information,Microsoft-Windows-HotspotAuth/Analytic,Hotspot Authentication,Start,ut:Authentication,Windows 10,1703,Pro,2017/06/13,15063.413,Hotspot authentication started for interface {InterfaceGuid},{InterfaceGuid}
1001,0,Information,Microsoft-Windows-HotspotAuth/Analytic,Hotspot Authentication,Start,ut:Authentication,Windows 10,1703,Pro,2017/03/20,15063.0,Hotspot authentication started for interface {InterfaceGuid},{InterfaceGuid}
1001,0,Information,Microsoft-Windows-HotspotAuth/Analytic,Hotspot Authentication,Start,ut:Authentication,Windows 10,1607,Pro,2016/11/08,14393.447,Hotspot authentication started for interface {InterfaceGuid},{InterfaceGuid}
1001,0,Information,Microsoft-Windows-HotspotAuth/Analytic,Hotspot Authentication,Start,ut:Authentication,Windows 10,1511,Pro,2016/03/08,10586.164,Hotspot authentication started for interface {InterfaceGuid},{InterfaceGuid}
1001,0,Information,Microsoft-Windows-HotspotAuth/Analytic,Hotspot Authentication,Start,ut:Authentication,Windows 10,1511,Enterprise,2016/02/09,10586.104,Hotspot authentication started for interface {InterfaceGuid},{InterfaceGuid}
1001,0,Information,Microsoft-Windows-HotspotAuth/Analytic,Hotspot Authentication,Start,ut:Authentication,Windows 10,1511,Pro,1970/01/01,10586.0,Hotspot authentication started for interface {InterfaceGuid},{InterfaceGuid}
1001,0,Information,Microsoft-Windows-HotspotAuth/Analytic,Hotspot Authentication,Start,ut:Authentication,Windows 10,1507,Pro,2015/07/29,10240.0,Hotspot authentication started for interface {InterfaceGuid},{InterfaceGuid}
1001,0,Information,Microsoft-Windows-HotspotAuth/Analytic,Hotspot Authentication,Start,ut:Authentication,Windows 8.1,8.1,Pro,1970/01/01,9600.0,Hotspot authentication started for interface {InterfaceGuid},{InterfaceGuid}
1001,0,Information,Microsoft-Windows-HotspotAuth/Analytic,Hotspot Authentication,Start,ut:Authentication,Windows 8,8,Pro,1970/01/01,9200.0,Hotspot authentication started for interface {InterfaceGuid},{InterfaceGuid}
1002,0,Information,Microsoft-Windows-HotspotAuth/Operational,Hotspot Authentication,Stop,ut:Authentication,Windows 11,24H2,Pro,2024/10/2,26100.1742,Hotspot authentication successfully completed for interface {InterfaceGuid},{InterfaceGuid}
1002,0,Information,Microsoft-Windows-HotspotAuth/Operational,Hotspot Authentication,Stop,ut:Authentication,Windows 11,22H2,Pro,2022/12/20,22621.963,Hotspot authentication successfully completed for interface {InterfaceGuid},{InterfaceGuid}
1002,0,Information,Microsoft-Windows-HotspotAuth/Operational,Hotspot Authentication,Stop,ut:Authentication,Windows 11,22H2,Pro,2022/11/15,22621.819,Hotspot authentication successfully completed for interface {InterfaceGuid},{InterfaceGuid}
1002,0,Information,Microsoft-Windows-HotspotAuth/Operational,Hotspot Authentication,Stop,ut:Authentication,Windows 11,22H2,Pro,2022/10/18,22621.674,Hotspot authentication successfully completed for interface {InterfaceGuid},{InterfaceGuid}
1002,0,Information,Microsoft-Windows-HotspotAuth/Operational,Hotspot Authentication,Stop,ut:Authentication,Windows 11,22H2,Pro,2022/09/20,22621.382,Hotspot authentication successfully completed for interface {InterfaceGuid},{InterfaceGuid}
1002,0,Information,Microsoft-Windows-HotspotAuth/Operational,Hotspot Authentication,Stop,ut:Authentication,Windows 11,22H2,Pro,2023/03/21,22621.1413,Hotspot authentication successfully completed for interface {InterfaceGuid},{InterfaceGuid}
1002,0,Information,Microsoft-Windows-HotspotAuth/Operational,Hotspot Authentication,Stop,ut:Authentication,Windows 11,22H2,Pro,2023/02/21,22621.1265,Hotspot authentication successfully completed for interface {InterfaceGuid},{InterfaceGuid}
1002,0,Information,Microsoft-Windows-HotspotAuth/Operational,Hotspot Authentication,Stop,ut:Authentication,Windows 11,22H2,Pro,2023/01/17,22621.1105,Hotspot authentication successfully completed for interface {InterfaceGuid},{InterfaceGuid}
1002,0,Information,Microsoft-Windows-HotspotAuth/Operational,Hotspot Authentication,Stop,ut:Authentication,Windows 11,21H2,Pro,2022/09/20,22000.978,Hotspot authentication successfully completed for interface {InterfaceGuid},{InterfaceGuid}
1002,0,Information,Microsoft-Windows-HotspotAuth/Operational,Hotspot Authentication,Stop,ut:Authentication,Windows 11,21H2,Pro,2022/08/16,22000.856,Hotspot authentication successfully completed for interface {InterfaceGuid},{InterfaceGuid}
1002,0,Information,Microsoft-Windows-HotspotAuth/Operational,Hotspot Authentication,Stop,ut:Authentication,Windows 11,21H2,Pro,2022/07/19,22000.795,Hotspot authentication successfully completed for interface {InterfaceGuid},{InterfaceGuid}
1002,0,Information,Microsoft-Windows-HotspotAuth/Operational,Hotspot Authentication,Stop,ut:Authentication,Windows 11,21H2,Pro,2022/06/21,22000.739,Hotspot authentication successfully completed for interface {InterfaceGuid},{InterfaceGuid}
1002,0,Information,Microsoft-Windows-HotspotAuth/Operational,Hotspot Authentication,Stop,ut:Authentication,Windows 11,21H2,Pro,2022/05/17,22000.675,Hotspot authentication successfully completed for interface {InterfaceGuid},{InterfaceGuid}
1002,0,Information,Microsoft-Windows-HotspotAuth/Operational,Hotspot Authentication,Stop,ut:Authentication,Windows 11,21H2,Pro,2022/04/19,22000.613,Hotspot authentication successfully completed for interface {InterfaceGuid},{InterfaceGuid}
1002,0,Information,Microsoft-Windows-HotspotAuth/Operational,Hotspot Authentication,Stop,ut:Authentication,Windows 11,21H2,Pro,2022/03/15,22000.556,Hotspot authentication successfully completed for interface {InterfaceGuid},{InterfaceGuid}
1002,0,Information,Microsoft-Windows-HotspotAuth/Operational,Hotspot Authentication,Stop,ut:Authentication,Windows 11,21H2,Pro,2022/02/15,22000.493,Hotspot authentication successfully completed for interface {InterfaceGuid},{InterfaceGuid}
1002,0,Information,Microsoft-Windows-HotspotAuth/Operational,Hotspot Authentication,Stop,ut:Authentication,Windows 11,21H2,Pro,2022/01/11,22000.434,Hotspot authentication successfully completed for interface {InterfaceGuid},{InterfaceGuid}
1002,0,Information,Microsoft-Windows-HotspotAuth/Operational,Hotspot Authentication,Stop,ut:Authentication,Windows 11,21H2,Pro,2021/12/14,22000.376,Hotspot authentication successfully completed for interface {InterfaceGuid},{InterfaceGuid}
1002,0,Information,Microsoft-Windows-HotspotAuth/Operational,Hotspot Authentication,Stop,ut:Authentication,Windows 11,21H2,Pro,2021/11/09,22000.318,Hotspot authentication successfully completed for interface {InterfaceGuid},{InterfaceGuid}
1002,0,Information,Microsoft-Windows-HotspotAuth/Operational,Hotspot Authentication,Stop,ut:Authentication,Windows 11,21H2,Pro,2021/09/16,22000.194,Hotspot authentication successfully completed for interface {InterfaceGuid},{InterfaceGuid}
1002,0,Information,Microsoft-Windows-HotspotAuth/Operational,Hotspot Authentication,Stop,ut:Authentication,Windows 11,21H2,Pro,2023/03/21,22000.1696,Hotspot authentication successfully completed for interface {InterfaceGuid},{InterfaceGuid}
1002,0,Information,Microsoft-Windows-HotspotAuth/Operational,Hotspot Authentication,Stop,ut:Authentication,Windows 11,21H2,Pro,2023/02/21,22000.1574,Hotspot authentication successfully completed for interface {InterfaceGuid},{InterfaceGuid}
1002,0,Information,Microsoft-Windows-HotspotAuth/Operational,Hotspot Authentication,Stop,ut:Authentication,Windows 11,21H2,Pro,2023/01/17,22000.1455,Hotspot authentication successfully completed for interface {InterfaceGuid},{InterfaceGuid}
1002,0,Information,Microsoft-Windows-HotspotAuth/Operational,Hotspot Authentication,Stop,ut:Authentication,Windows 11,21H2,Pro,2022/12/20,22000.1335,Hotspot authentication successfully completed for interface {InterfaceGuid},{InterfaceGuid}
1002,0,Information,Microsoft-Windows-HotspotAuth/Operational,Hotspot Authentication,Stop,ut:Authentication,Windows 11,21H2,Pro,2022/11/15,22000.1219,Hotspot authentication successfully completed for interface {InterfaceGuid},{InterfaceGuid}
1002,0,Information,Microsoft-Windows-HotspotAuth/Operational,Hotspot Authentication,Stop,ut:Authentication,Windows 11,21H2,Pro,2022/10/18,22000.1098,Hotspot authentication successfully completed for interface {InterfaceGuid},{InterfaceGuid}
1002,0,Information,Microsoft-Windows-HotspotAuth/Operational,Hotspot Authentication,Stop,ut:Authentication,Windows 11,21H2,Pro-Dev,1970/01/01,21996.1,Hotspot authentication successfully completed for interface {InterfaceGuid},{InterfaceGuid}
1002,0,Information,Microsoft-Windows-HotspotAuth/Operational,Hotspot Authentication,Stop,ut:Authentication,Windows 10,22H2,Pro,2023/03/21,19045.2728,Hotspot authentication successfully completed for interface {InterfaceGuid},{InterfaceGuid}
1002,0,Information,Microsoft-Windows-HotspotAuth/Operational,Hotspot Authentication,Stop,ut:Authentication,Windows 10,22H2,Pro,2023/02/21,19045.2604,Hotspot authentication successfully completed for interface {InterfaceGuid},{InterfaceGuid}
1002,0,Information,Microsoft-Windows-HotspotAuth/Operational,Hotspot Authentication,Stop,ut:Authentication,Windows 10,22H2,Pro,2023/01/17,19045.2486,Hotspot authentication successfully completed for interface {InterfaceGuid},{InterfaceGuid}
1002,0,Information,Microsoft-Windows-HotspotAuth/Operational,Hotspot Authentication,Stop,ut:Authentication,Windows 10,22H2,Pro,2022/12/20,19045.2364,Hotspot authentication successfully completed for interface {InterfaceGuid},{InterfaceGuid}
1002,0,Information,Microsoft-Windows-HotspotAuth/Operational,Hotspot Authentication,Stop,ut:Authentication,Windows 10,22H2,Pro,2022/11/15,19045.2251,Hotspot authentication successfully completed for interface {InterfaceGuid},{InterfaceGuid}
1002,0,Information,Microsoft-Windows-HotspotAuth/Operational,Hotspot Authentication,Stop,ut:Authentication,Windows 10,21H2,Pro,2023/03/21,19044.2728,Hotspot authentication successfully completed for interface {InterfaceGuid},{InterfaceGuid}
1002,0,Information,Microsoft-Windows-HotspotAuth/Operational,Hotspot Authentication,Stop,ut:Authentication,Windows 10,21H2,Pro,2023/02/21,19044.2604,Hotspot authentication successfully completed for interface {InterfaceGuid},{InterfaceGuid}
1002,0,Information,Microsoft-Windows-HotspotAuth/Operational,Hotspot Authentication,Stop,ut:Authentication,Windows 10,21H2,Pro,2023/01/17,19044.2486,Hotspot authentication successfully completed for interface {InterfaceGuid},{InterfaceGuid}
1002,0,Information,Microsoft-Windows-HotspotAuth/Operational,Hotspot Authentication,Stop,ut:Authentication,Windows 10,21H2,Pro,2022/12/20,19044.2364,Hotspot authentication successfully completed for interface {InterfaceGuid},{InterfaceGuid}
1002,0,Information,Microsoft-Windows-HotspotAuth/Operational,Hotspot Authentication,Stop,ut:Authentication,Windows 10,21H2,Pro,2022/11/15,19044.2251,Hotspot authentication successfully completed for interface {InterfaceGuid},{InterfaceGuid}
1002,0,Information,Microsoft-Windows-HotspotAuth/Operational,Hotspot Authentication,Stop,ut:Authentication,Windows 10,21H2,Pro,2022/10/18,19044.213,Hotspot authentication successfully completed for interface {InterfaceGuid},{InterfaceGuid}
1002,0,Information,Microsoft-Windows-HotspotAuth/Operational,Hotspot Authentication,Stop,ut:Authentication,Windows 10,21H2,Pro,2022/09/20,19044.2006,Hotspot authentication successfully completed for interface {InterfaceGuid},{InterfaceGuid}
1002,0,Information,Microsoft-Windows-HotspotAuth/Operational,Hotspot Authentication,Stop,ut:Authentication,Windows 10,21H2,Pro,2022/08/16,19044.1889,Hotspot authentication successfully completed for interface {InterfaceGuid},{InterfaceGuid}
1002,0,Information,Microsoft-Windows-HotspotAuth/Operational,Hotspot Authentication,Stop,ut:Authentication,Windows 10,21H2,Pro,2022/07/19,19044.1826,Hotspot authentication successfully completed for interface {InterfaceGuid},{InterfaceGuid}
1002,0,Information,Microsoft-Windows-HotspotAuth/Operational,Hotspot Authentication,Stop,ut:Authentication,Windows 10,21H2,Pro,2022/06/21,19044.1766,Hotspot authentication successfully completed for interface {InterfaceGuid},{InterfaceGuid}
1002,0,Information,Microsoft-Windows-HotspotAuth/Operational,Hotspot Authentication,Stop,ut:Authentication,Windows 10,21H2,Pro,2022/05/17,19044.1706,Hotspot authentication successfully completed for interface {InterfaceGuid},{InterfaceGuid}
1002,0,Information,Microsoft-Windows-HotspotAuth/Operational,Hotspot Authentication,Stop,ut:Authentication,Windows 10,21H2,Pro,2022/04/19,19044.1645,Hotspot authentication successfully completed for interface {InterfaceGuid},{InterfaceGuid}
1002,0,Information,Microsoft-Windows-HotspotAuth/Operational,Hotspot Authentication,Stop,ut:Authentication,Windows 10,21H2,Pro,2022/01/11,19044.1466,Hotspot authentication successfully completed for interface {InterfaceGuid},{InterfaceGuid}
1002,0,Information,Microsoft-Windows-HotspotAuth/Operational,Hotspot Authentication,Stop,ut:Authentication,Windows 10,21H2,Pro,2021/10/12,19044.1288,Hotspot authentication successfully completed for interface {InterfaceGuid},{InterfaceGuid}
1002,0,Information,Microsoft-Windows-HotspotAuth/Operational,Hotspot Authentication,Stop,ut:Authentication,Windows 10,21H1,Pro,2021/04/13,19043.928,Hotspot authentication successfully completed for interface {InterfaceGuid},{InterfaceGuid}
1002,0,Information,Microsoft-Windows-HotspotAuth/Operational,Hotspot Authentication,Stop,ut:Authentication,Windows 10,21H1,Pro,2022/12/20,19043.2364,Hotspot authentication successfully completed for interface {InterfaceGuid},{InterfaceGuid}
1002,0,Information,Microsoft-Windows-HotspotAuth/Operational,Hotspot Authentication,Stop,ut:Authentication,Windows 10,21H1,Pro,2022/11/15,19043.2251,Hotspot authentication successfully completed for interface {InterfaceGuid},{InterfaceGuid}
1002,0,Information,Microsoft-Windows-HotspotAuth/Operational,Hotspot Authentication,Stop,ut:Authentication,Windows 10,21H1,Pro,2022/10/18,19043.213,Hotspot authentication successfully completed for interface {InterfaceGuid},{InterfaceGuid}
1002,0,Information,Microsoft-Windows-HotspotAuth/Operational,Hotspot Authentication,Stop,ut:Authentication,Windows 10,21H1,Pro,2022/09/20,19043.2006,Hotspot authentication successfully completed for interface {InterfaceGuid},{InterfaceGuid}
1002,0,Information,Microsoft-Windows-HotspotAuth/Operational,Hotspot Authentication,Stop,ut:Authentication,Windows 10,21H1,Pro,2022/08/16,19043.1889,Hotspot authentication successfully completed for interface {InterfaceGuid},{InterfaceGuid}
1002,0,Information,Microsoft-Windows-HotspotAuth/Operational,Hotspot Authentication,Stop,ut:Authentication,Windows 10,21H1,Pro,2022/07/19,19043.1826,Hotspot authentication successfully completed for interface {InterfaceGuid},{InterfaceGuid}
1002,0,Information,Microsoft-Windows-HotspotAuth/Operational,Hotspot Authentication,Stop,ut:Authentication,Windows 10,21H1,Pro,2022/06/21,19043.1766,Hotspot authentication successfully completed for interface {InterfaceGuid},{InterfaceGuid}
1002,0,Information,Microsoft-Windows-HotspotAuth/Operational,Hotspot Authentication,Stop,ut:Authentication,Windows 10,21H1,Pro,2022/05/17,19043.1706,Hotspot authentication successfully completed for interface {InterfaceGuid},{InterfaceGuid}
1002,0,Information,Microsoft-Windows-HotspotAuth/Operational,Hotspot Authentication,Stop,ut:Authentication,Windows 10,21H1,Pro,2022/04/19,19043.1645,Hotspot authentication successfully completed for interface {InterfaceGuid},{InterfaceGuid}
1002,0,Information,Microsoft-Windows-HotspotAuth/Operational,Hotspot Authentication,Stop,ut:Authentication,Windows 10,21H1,Pro,2022/01/11,19043.1466,Hotspot authentication successfully completed for interface {InterfaceGuid},{InterfaceGuid}
1002,0,Information,Microsoft-Windows-HotspotAuth/Operational,Hotspot Authentication,Stop,ut:Authentication,Windows 10,21H1,Pro,2021/12/14,19043.1415,Hotspot authentication successfully completed for interface {InterfaceGuid},{InterfaceGuid}
1002,0,Information,Microsoft-Windows-HotspotAuth/Operational,Hotspot Authentication,Stop,ut:Authentication,Windows 10,21H2,Pro,2021/12/14,19043.1415,Hotspot authentication successfully completed for interface {InterfaceGuid},{InterfaceGuid}
1002,0,Information,Microsoft-Windows-HotspotAuth/Operational,Hotspot Authentication,Stop,ut:Authentication,Windows 10,21H1,Pro,2021/11/09,19043.1348,Hotspot authentication successfully completed for interface {InterfaceGuid},{InterfaceGuid}
1002,0,Information,Microsoft-Windows-HotspotAuth/Operational,Hotspot Authentication,Stop,ut:Authentication,Windows 10,21H1,Pro,2021/10/12,19043.1288,Hotspot authentication successfully completed for interface {InterfaceGuid},{InterfaceGuid}
1002,0,Information,Microsoft-Windows-HotspotAuth/Operational,Hotspot Authentication,Stop,ut:Authentication,Windows 10,21H1,Pro,2021/09/14,19043.1237,Hotspot authentication successfully completed for interface {InterfaceGuid},{InterfaceGuid}
1002,0,Information,Microsoft-Windows-HotspotAuth/Operational,Hotspot Authentication,Stop,ut:Authentication,Windows 10,21H1,Pro,2021/08/10,19043.1165,Hotspot authentication successfully completed for interface {InterfaceGuid},{InterfaceGuid}
1002,0,Information,Microsoft-Windows-HotspotAuth/Operational,Hotspot Authentication,Stop,ut:Authentication,Windows 10,21H1,Pro,2021/07/13,19043.111,Hotspot authentication successfully completed for interface {InterfaceGuid},{InterfaceGuid}
1002,0,Information,Microsoft-Windows-HotspotAuth/Operational,Hotspot Authentication,Stop,ut:Authentication,Windows 10,21H1,Pro,2021/06/08,19043.1052,Hotspot authentication successfully completed for interface {InterfaceGuid},{InterfaceGuid}
1002,0,Information,Microsoft-Windows-HotspotAuth/Operational,Hotspot Authentication,Stop,ut:Authentication,Windows 10,20H2,Pro,2022/04/19,19042.1645,Hotspot authentication successfully completed for interface {InterfaceGuid},{InterfaceGuid}
1002,0,Information,Microsoft-Windows-HotspotAuth/Operational,Hotspot Authentication,Stop,ut:Authentication,Windows 10,20H2,Pro,2022/01/11,19042.1466,Hotspot authentication successfully completed for interface {InterfaceGuid},{InterfaceGuid}
1002,0,Information,Microsoft-Windows-HotspotAuth/Operational,Hotspot Authentication,Stop,ut:Authentication,Windows 10,2004,Pro,2021/05/11,19041.985,Hotspot authentication successfully completed for interface {InterfaceGuid},{InterfaceGuid}
1002,0,Information,Microsoft-Windows-HotspotAuth/Operational,Hotspot Authentication,Stop,ut:Authentication,Windows 10,20H2,Pro,2021/05/11,19041.985,Hotspot authentication successfully completed for interface {InterfaceGuid},{InterfaceGuid}
1002,0,Information,Microsoft-Windows-HotspotAuth/Operational,Hotspot Authentication,Stop,ut:Authentication,Windows 10,2004,Pro,2021/04/13,19041.928,Hotspot authentication successfully completed for interface {InterfaceGuid},{InterfaceGuid}
1002,0,Information,Microsoft-Windows-HotspotAuth/Operational,Hotspot Authentication,Stop,ut:Authentication,Windows 10,20H2,Pro,2021/04/13,19041.928,Hotspot authentication successfully completed for interface {InterfaceGuid},{InterfaceGuid}
1002,0,Information,Microsoft-Windows-HotspotAuth/Operational,Hotspot Authentication,Stop,ut:Authentication,Windows 10,2004,Pro,2021/03/09,19041.867,Hotspot authentication successfully completed for interface {InterfaceGuid},{InterfaceGuid}
1002,0,Information,Microsoft-Windows-HotspotAuth/Operational,Hotspot Authentication,Stop,ut:Authentication,Windows 10,20H2,Pro,2021/03/09,19041.867,Hotspot authentication successfully completed for interface {InterfaceGuid},{InterfaceGuid}
1002,0,Information,Microsoft-Windows-HotspotAuth/Operational,Hotspot Authentication,Stop,ut:Authentication,Windows 10,2004,Pro,2021/02/09,19041.804,Hotspot authentication successfully completed for interface {InterfaceGuid},{InterfaceGuid}
1002,0,Information,Microsoft-Windows-HotspotAuth/Operational,Hotspot Authentication,Stop,ut:Authentication,Windows 10,20H2,Pro,2021/02/09,19041.804,Hotspot authentication successfully completed for interface {InterfaceGuid},{InterfaceGuid}
1002,0,Information,Microsoft-Windows-HotspotAuth/Operational,Hotspot Authentication,Stop,ut:Authentication,Windows 10,2004,Pro,2021/01/12,19041.746,Hotspot authentication successfully completed for interface {InterfaceGuid},{InterfaceGuid}
1002,0,Information,Microsoft-Windows-HotspotAuth/Operational,Hotspot Authentication,Stop,ut:Authentication,Windows 10,20H2,Pro,2021/01/12,19041.746,Hotspot authentication successfully completed for interface {InterfaceGuid},{InterfaceGuid}
1002,0,Information,Microsoft-Windows-HotspotAuth/Operational,Hotspot Authentication,Stop,ut:Authentication,Windows 10,2004,Pro,2020/12/08,19041.685,Hotspot authentication successfully completed for interface {InterfaceGuid},{InterfaceGuid}
1002,0,Information,Microsoft-Windows-HotspotAuth/Operational,Hotspot Authentication,Stop,ut:Authentication,Windows 10,20H2,Pro,2020/12/08,19041.685,Hotspot authentication successfully completed for interface {InterfaceGuid},{InterfaceGuid}
1002,0,Information,Microsoft-Windows-HotspotAuth/Operational,Hotspot Authentication,Stop,ut:Authentication,Windows 10,20H2,Pro,2020/11/19,19041.631,Hotspot authentication successfully completed for interface {InterfaceGuid},{InterfaceGuid}
1002,0,Information,Microsoft-Windows-HotspotAuth/Operational,Hotspot Authentication,Stop,ut:Authentication,Windows 10,2004,Pro,2020/11/10,19041.63,Hotspot authentication successfully completed for interface {InterfaceGuid},{InterfaceGuid}
1002,0,Information,Microsoft-Windows-HotspotAuth/Operational,Hotspot Authentication,Stop,ut:Authentication,Windows 10,2004,Pro,2020/10/13,19041.572,Hotspot authentication successfully completed for interface {InterfaceGuid},{InterfaceGuid}
1002,0,Information,Microsoft-Windows-HotspotAuth/Operational,Hotspot Authentication,Stop,ut:Authentication,Windows 10,2004,Pro,2020/09/08,19041.508,Hotspot authentication successfully completed for interface {InterfaceGuid},{InterfaceGuid}
1002,0,Information,Microsoft-Windows-HotspotAuth/Operational,Hotspot Authentication,Stop,ut:Authentication,Windows 10,2004,Pro,2020/08/11,19041.45,Hotspot authentication successfully completed for interface {InterfaceGuid},{InterfaceGuid}
1002,0,Information,Microsoft-Windows-HotspotAuth/Operational,Hotspot Authentication,Stop,ut:Authentication,Windows 10,2004,Pro,2020/07/14,19041.388,Hotspot authentication successfully completed for interface {InterfaceGuid},{InterfaceGuid}
1002,0,Information,Microsoft-Windows-HotspotAuth/Operational,Hotspot Authentication,Stop,ut:Authentication,Windows 10,2004,Pro,2020/06/09,19041.329,Hotspot authentication successfully completed for interface {InterfaceGuid},{InterfaceGuid}
1002,0,Information,Microsoft-Windows-HotspotAuth/Operational,Hotspot Authentication,Stop,ut:Authentication,Windows 10,2004,Pro,2020/05/27,19041.264,Hotspot authentication successfully completed for interface {InterfaceGuid},{InterfaceGuid}
1002,0,Information,Microsoft-Windows-HotspotAuth/Operational,Hotspot Authentication,Stop,ut:Authentication,Windows 10,2004,Pro,2020/04/16,19041.208,Hotspot authentication successfully completed for interface {InterfaceGuid},{InterfaceGuid}
1002,0,Information,Microsoft-Windows-HotspotAuth/Operational,Hotspot Authentication,Stop,ut:Authentication,Windows 10,21H1,Pro,2022/03/15,19041.1586,Hotspot authentication successfully completed for interface {InterfaceGuid},{InterfaceGuid}
1002,0,Information,Microsoft-Windows-HotspotAuth/Operational,Hotspot Authentication,Stop,ut:Authentication,Windows 10,20H2,Pro,2022/03/15,19041.1586,Hotspot authentication successfully completed for interface {InterfaceGuid},{InterfaceGuid}
1002,0,Information,Microsoft-Windows-HotspotAuth/Operational,Hotspot Authentication,Stop,ut:Authentication,Windows 10,21H2,Pro,2022/03/15,19041.1586,Hotspot authentication successfully completed for interface {InterfaceGuid},{InterfaceGuid}
1002,0,Information,Microsoft-Windows-HotspotAuth/Operational,Hotspot Authentication,Stop,ut:Authentication,Windows 10,21H1,Pro,2022/02/15,19041.1526,Hotspot authentication successfully completed for interface {InterfaceGuid},{InterfaceGuid}
1002,0,Information,Microsoft-Windows-HotspotAuth/Operational,Hotspot Authentication,Stop,ut:Authentication,Windows 10,20H2,Pro,2022/02/15,19041.1526,Hotspot authentication successfully completed for interface {InterfaceGuid},{InterfaceGuid}
1002,0,Information,Microsoft-Windows-HotspotAuth/Operational,Hotspot Authentication,Stop,ut:Authentication,Windows 10,21H2,Pro,2022/02/15,19041.1526,Hotspot authentication successfully completed for interface {InterfaceGuid},{InterfaceGuid}
1002,0,Information,Microsoft-Windows-HotspotAuth/Operational,Hotspot Authentication,Stop,ut:Authentication,Windows 10,20H2,Pro,2021/12/14,19041.1415,Hotspot authentication successfully completed for interface {InterfaceGuid},{InterfaceGuid}
1002,0,Information,Microsoft-Windows-HotspotAuth/Operational,Hotspot Authentication,Stop,ut:Authentication,Windows 10,2004,Pro,2021/11/09,19041.1348,Hotspot authentication successfully completed for interface {InterfaceGuid},{InterfaceGuid}
1002,0,Information,Microsoft-Windows-HotspotAuth/Operational,Hotspot Authentication,Stop,ut:Authentication,Windows 10,20H2,Pro,2021/11/09,19041.1348,Hotspot authentication successfully completed for interface {InterfaceGuid},{InterfaceGuid}
1002,0,Information,Microsoft-Windows-HotspotAuth/Operational,Hotspot Authentication,Stop,ut:Authentication,Windows 10,2004,Pro,2021/10/12,19041.1288,Hotspot authentication successfully completed for interface {InterfaceGuid},{InterfaceGuid}
1002,0,Information,Microsoft-Windows-HotspotAuth/Operational,Hotspot Authentication,Stop,ut:Authentication,Windows 10,20H2,Pro,2021/10/12,19041.1288,Hotspot authentication successfully completed for interface {InterfaceGuid},{InterfaceGuid}
1002,0,Information,Microsoft-Windows-HotspotAuth/Operational,Hotspot Authentication,Stop,ut:Authentication,Windows 10,2004,Pro,2021/09/14,19041.1237,Hotspot authentication successfully completed for interface {InterfaceGuid},{InterfaceGuid}
1002,0,Information,Microsoft-Windows-HotspotAuth/Operational,Hotspot Authentication,Stop,ut:Authentication,Windows 10,20H2,Pro,2021/09/14,19041.1237,Hotspot authentication successfully completed for interface {InterfaceGuid},{InterfaceGuid}
1002,0,Information,Microsoft-Windows-HotspotAuth/Operational,Hotspot Authentication,Stop,ut:Authentication,Windows 10,2004,Pro,2021/08/10,19041.1165,Hotspot authentication successfully completed for interface {InterfaceGuid},{InterfaceGuid}
1002,0,Information,Microsoft-Windows-HotspotAuth/Operational,Hotspot Authentication,Stop,ut:Authentication,Windows 10,20H2,Pro,2021/08/10,19041.1165,Hotspot authentication successfully completed for interface {InterfaceGuid},{InterfaceGuid}
1002,0,Information,Microsoft-Windows-HotspotAuth/Operational,Hotspot Authentication,Stop,ut:Authentication,Windows 10,2004,Pro,2021/07/13,19041.111,Hotspot authentication successfully completed for interface {InterfaceGuid},{InterfaceGuid}
1002,0,Information,Microsoft-Windows-HotspotAuth/Operational,Hotspot Authentication,Stop,ut:Authentication,Windows 10,20H2,Pro,2021/07/13,19041.111,Hotspot authentication successfully completed for interface {InterfaceGuid},{InterfaceGuid}
1002,0,Information,Microsoft-Windows-HotspotAuth/Operational,Hotspot Authentication,Stop,ut:Authentication,Windows 10,2004,Pro,2021/06/08,19041.1052,Hotspot authentication successfully completed for interface {InterfaceGuid},{InterfaceGuid}
1002,0,Information,Microsoft-Windows-HotspotAuth/Operational,Hotspot Authentication,Stop,ut:Authentication,Windows 10,20H2,Pro,2021/06/08,19041.1052,Hotspot authentication successfully completed for interface {InterfaceGuid},{InterfaceGuid}
1002,0,Information,Microsoft-Windows-HotspotAuth/Operational,Hotspot Authentication,Stop,ut:Authentication,Windows 10,1909,Pro,2020/07/14,18363.959,Hotspot authentication successfully completed for interface {InterfaceGuid},{InterfaceGuid}
1002,0,Information,Microsoft-Windows-HotspotAuth/Operational,Hotspot Authentication,Stop,ut:Authentication,Windows 10,1909,Pro,2020/06/09,18363.9,Hotspot authentication successfully completed for interface {InterfaceGuid},{InterfaceGuid}
1002,0,Information,Microsoft-Windows-HotspotAuth/Operational,Hotspot Authentication,Stop,ut:Authentication,Windows 10,1909,Pro,2020/05/12,18363.836,Hotspot authentication successfully completed for interface {InterfaceGuid},{InterfaceGuid}
1002,0,Information,Microsoft-Windows-HotspotAuth/Operational,Hotspot Authentication,Stop,ut:Authentication,Windows 10,1909,Pro,2020/04/14,18363.778,Hotspot authentication successfully completed for interface {InterfaceGuid},{InterfaceGuid}
1002,0,Information,Microsoft-Windows-HotspotAuth/Operational,Hotspot Authentication,Stop,ut:Authentication,Windows 10,1909,Pro,2020/03/12,18363.72,Hotspot authentication successfully completed for interface {InterfaceGuid},{InterfaceGuid}
1002,0,Information,Microsoft-Windows-HotspotAuth/Operational,Hotspot Authentication,Stop,ut:Authentication,Windows 10,1909,Pro,2020/02/11,18363.657,Hotspot authentication successfully completed for interface {InterfaceGuid},{InterfaceGuid}
1002,0,Information,Microsoft-Windows-HotspotAuth/Operational,Hotspot Authentication,Stop,ut:Authentication,Windows 10,1909,Pro,2020/01/14,18363.592,Hotspot authentication successfully completed for interface {InterfaceGuid},{InterfaceGuid}
1002,0,Information,Microsoft-Windows-HotspotAuth/Operational,Hotspot Authentication,Stop,ut:Authentication,Windows 10,1909,Pro,2019/12/10,18363.535,Hotspot authentication successfully completed for interface {InterfaceGuid},{InterfaceGuid}
1002,0,Information,Microsoft-Windows-HotspotAuth/Operational,Hotspot Authentication,Stop,ut:Authentication,Windows 10,1909,Pro,2019/10/05,18363.418,Hotspot authentication successfully completed for interface {InterfaceGuid},{InterfaceGuid}
1002,0,Information,Microsoft-Windows-HotspotAuth/Operational,Hotspot Authentication,Stop,ut:Authentication,Windows 10,1909,Pro,2021/06/08,18363.1621,Hotspot authentication successfully completed for interface {InterfaceGuid},{InterfaceGuid}
1002,0,Information,Microsoft-Windows-HotspotAuth/Operational,Hotspot Authentication,Stop,ut:Authentication,Windows 10,1909,Pro,2021/05/11,18363.1556,Hotspot authentication successfully completed for interface {InterfaceGuid},{InterfaceGuid}
1002,0,Information,Microsoft-Windows-HotspotAuth/Operational,Hotspot Authentication,Stop,ut:Authentication,Windows 10,1909,Pro,2021/04/13,18363.15,Hotspot authentication successfully completed for interface {InterfaceGuid},{InterfaceGuid}
1002,0,Information,Microsoft-Windows-HotspotAuth/Operational,Hotspot Authentication,Stop,ut:Authentication,Windows 10,1909,Pro,2021/03/09,18363.144,Hotspot authentication successfully completed for interface {InterfaceGuid},{InterfaceGuid}
1002,0,Information,Microsoft-Windows-HotspotAuth/Operational,Hotspot Authentication,Stop,ut:Authentication,Windows 10,1909,Pro,2021/02/11,18363.1379,Hotspot authentication successfully completed for interface {InterfaceGuid},{InterfaceGuid}
1002,0,Information,Microsoft-Windows-HotspotAuth/Operational,Hotspot Authentication,Stop,ut:Authentication,Windows 10,1909,Pro,2021/01/12,18363.1316,Hotspot authentication successfully completed for interface {InterfaceGuid},{InterfaceGuid}
1002,0,Information,Microsoft-Windows-HotspotAuth/Operational,Hotspot Authentication,Stop,ut:Authentication,Windows 10,1909,Pro,2020/12/08,18363.1256,Hotspot authentication successfully completed for interface {InterfaceGuid},{InterfaceGuid}
1002,0,Information,Microsoft-Windows-HotspotAuth/Operational,Hotspot Authentication,Stop,ut:Authentication,Windows 10,1909,Pro,2020/11/10,18363.1198,Hotspot authentication successfully completed for interface {InterfaceGuid},{InterfaceGuid}
1002,0,Information,Microsoft-Windows-HotspotAuth/Operational,Hotspot Authentication,Stop,ut:Authentication,Windows 10,1909,Pro,2020/10/13,18363.1139,Hotspot authentication successfully completed for interface {InterfaceGuid},{InterfaceGuid}
1002,0,Information,Microsoft-Windows-HotspotAuth/Operational,Hotspot Authentication,Stop,ut:Authentication,Windows 10,1909,Pro,2020/09/08,18363.1082,Hotspot authentication successfully completed for interface {InterfaceGuid},{InterfaceGuid}
1002,0,Information,Microsoft-Windows-HotspotAuth/Operational,Hotspot Authentication,Stop,ut:Authentication,Windows 10,1909,Pro,2020/08/11,18363.1016,Hotspot authentication successfully completed for interface {InterfaceGuid},{InterfaceGuid}
1002,0,Information,Microsoft-Windows-HotspotAuth/Operational,Hotspot Authentication,Stop,ut:Authentication,Windows 10,1903,Pro,2020/07/14,18362.959,Hotspot authentication successfully completed for interface {InterfaceGuid},{InterfaceGuid}
1002,0,Information,Microsoft-Windows-HotspotAuth/Operational,Hotspot Authentication,Stop,ut:Authentication,Windows 10,1903,Pro,2020/05/12,18362.836,Hotspot authentication successfully completed for interface {InterfaceGuid},{InterfaceGuid}
1002,0,Information,Microsoft-Windows-HotspotAuth/Operational,Hotspot Authentication,Stop,ut:Authentication,Windows 10,1903,Pro,2020/03/12,18362.72,Hotspot authentication successfully completed for interface {InterfaceGuid},{InterfaceGuid}
1002,0,Information,Microsoft-Windows-HotspotAuth/Operational,Hotspot Authentication,Stop,ut:Authentication,Windows 10,1903,Pro,2020/02/11,18362.657,Hotspot authentication successfully completed for interface {InterfaceGuid},{InterfaceGuid}
1002,0,Information,Microsoft-Windows-HotspotAuth/Operational,Hotspot Authentication,Stop,ut:Authentication,Windows 10,1903,Pro,2019/12/10,18362.535,Hotspot authentication successfully completed for interface {InterfaceGuid},{InterfaceGuid}
1002,0,Information,Microsoft-Windows-HotspotAuth/Operational,Hotspot Authentication,Stop,ut:Authentication,Windows 10,1903,Pro,2019/11/12,18362.476,Hotspot authentication successfully completed for interface {InterfaceGuid},{InterfaceGuid}
1002,0,Information,Microsoft-Windows-HotspotAuth/Operational,Hotspot Authentication,Stop,ut:Authentication,Windows 10,1903,Pro,2019/09/10,18362.356,Hotspot authentication successfully completed for interface {InterfaceGuid},{InterfaceGuid}
1002,0,Information,Microsoft-Windows-HotspotAuth/Operational,Hotspot Authentication,Stop,ut:Authentication,Windows 10,1903,Pro,2019/03/29,18362.3,Hotspot authentication successfully completed for interface {InterfaceGuid},{InterfaceGuid}
1002,0,Information,Microsoft-Windows-HotspotAuth/Operational,Hotspot Authentication,Stop,ut:Authentication,Windows 10,1903,Pro,2019/07/09,18362.239,Hotspot authentication successfully completed for interface {InterfaceGuid},{InterfaceGuid}
1002,0,Information,Microsoft-Windows-HotspotAuth/Operational,Hotspot Authentication,Stop,ut:Authentication,Windows 10,1903,Pro,2019/06/11,18362.175,Hotspot authentication successfully completed for interface {InterfaceGuid},{InterfaceGuid}
1002,0,Information,Microsoft-Windows-HotspotAuth/Operational,Hotspot Authentication,Stop,ut:Authentication,Windows 10,1903,Pro,2020/12/08,18362.1256,Hotspot authentication successfully completed for interface {InterfaceGuid},{InterfaceGuid}
1002,0,Information,Microsoft-Windows-HotspotAuth/Operational,Hotspot Authentication,Stop,ut:Authentication,Windows 10,1903,Pro,2020/11/10,18362.1198,Hotspot authentication successfully completed for interface {InterfaceGuid},{InterfaceGuid}
1002,0,Information,Microsoft-Windows-HotspotAuth/Operational,Hotspot Authentication,Stop,ut:Authentication,Windows 10,1903,Pro,2020/10/13,18362.1139,Hotspot authentication successfully completed for interface {InterfaceGuid},{InterfaceGuid}
1002,0,Information,Microsoft-Windows-HotspotAuth/Operational,Hotspot Authentication,Stop,ut:Authentication,Windows 10,1903,Pro,2020/09/08,18362.1082,Hotspot authentication successfully completed for interface {InterfaceGuid},{InterfaceGuid}
1002,0,Information,Microsoft-Windows-HotspotAuth/Operational,Hotspot Authentication,Stop,ut:Authentication,Windows 10,1903,Pro,2019/12/10,18362.1016,Hotspot authentication successfully completed for interface {InterfaceGuid},{InterfaceGuid}
1002,0,Information,Microsoft-Windows-HotspotAuth/Operational,Hotspot Authentication,Stop,ut:Authentication,Windows 10,1809,Pro,2020/01/14,17763.973,Hotspot authentication successfully completed for interface {InterfaceGuid},{InterfaceGuid}
1002,0,Information,Microsoft-Windows-HotspotAuth/Operational,Hotspot Authentication,Stop,ut:Authentication,Windows 10,1809,Pro,2019/12/10,17763.914,Hotspot authentication successfully completed for interface {InterfaceGuid},{InterfaceGuid}
1002,0,Information,Microsoft-Windows-HotspotAuth/Operational,Hotspot Authentication,Stop,ut:Authentication,Windows 10,1809,Pro,2019/11/12,17763.864,Hotspot authentication successfully completed for interface {InterfaceGuid},{InterfaceGuid}
1002,0,Information,Microsoft-Windows-HotspotAuth/Operational,Hotspot Authentication,Stop,ut:Authentication,Windows 10,1809,Pro,2019/10/08,17763.805,Hotspot authentication successfully completed for interface {InterfaceGuid},{InterfaceGuid}
1002,0,Information,Microsoft-Windows-HotspotAuth/Operational,Hotspot Authentication,Stop,ut:Authentication,Windows 10,1809,Pro,2019/09/10,17763.737,Hotspot authentication successfully completed for interface {InterfaceGuid},{InterfaceGuid}
1002,0,Information,Microsoft-Windows-HotspotAuth/Operational,Hotspot Authentication,Stop,ut:Authentication,Windows 10,1809,Pro,2019/08/13,17763.678,Hotspot authentication successfully completed for interface {InterfaceGuid},{InterfaceGuid}
1002,0,Information,Microsoft-Windows-HotspotAuth/Operational,Hotspot Authentication,Stop,ut:Authentication,Windows 10,1809,Pro,2019/07/09,17763.615,Hotspot authentication successfully completed for interface {InterfaceGuid},{InterfaceGuid}
1002,0,Information,Microsoft-Windows-HotspotAuth/Operational,Hotspot Authentication,Stop,ut:Authentication,Windows 10,1809,Pro,2019/06/11,17763.557,Hotspot authentication successfully completed for interface {InterfaceGuid},{InterfaceGuid}
1002,0,Information,Microsoft-Windows-HotspotAuth/Operational,Hotspot Authentication,Stop,ut:Authentication,Windows 10,1809,Pro,2019/05/19,17763.504,Hotspot authentication successfully completed for interface {InterfaceGuid},{InterfaceGuid}
1002,0,Information,Microsoft-Windows-HotspotAuth/Operational,Hotspot Authentication,Stop,ut:Authentication,Windows 10,1809,Pro,2019/04/09,17763.437,Hotspot authentication successfully completed for interface {InterfaceGuid},{InterfaceGuid}
1002,0,Information,Microsoft-Windows-HotspotAuth/Operational,Hotspot Authentication,Stop,ut:Authentication,Windows 10,1809,Pro,2019/03/12,17763.379,Hotspot authentication successfully completed for interface {InterfaceGuid},{InterfaceGuid}
1002,0,Information,Microsoft-Windows-HotspotAuth/Operational,Hotspot Authentication,Stop,ut:Authentication,Windows 10,1809,Pro,2019/02/12,17763.316,Hotspot authentication successfully completed for interface {InterfaceGuid},{InterfaceGuid}
1002,0,Information,Microsoft-Windows-HotspotAuth/Operational,Hotspot Authentication,Stop,ut:Authentication,Windows 10,1803,Pro,2019/01/08,17763.253,Hotspot authentication successfully completed for interface {InterfaceGuid},{InterfaceGuid}
1002,0,Information,Microsoft-Windows-HotspotAuth/Operational,Hotspot Authentication,Stop,ut:Authentication,Windows 10,1809,Pro,2018/12/11,17763.194,Hotspot authentication successfully completed for interface {InterfaceGuid},{InterfaceGuid}
1002,0,Information,Microsoft-Windows-HotspotAuth/Operational,Hotspot Authentication,Stop,ut:Authentication,Windows 10,1809,Pro,2020/11/10,17763.1577,Hotspot authentication successfully completed for interface {InterfaceGuid},{InterfaceGuid}
1002,0,Information,Microsoft-Windows-HotspotAuth/Operational,Hotspot Authentication,Stop,ut:Authentication,Windows 10,1809,Pro,2020/10/13,17763.1518,Hotspot authentication successfully completed for interface {InterfaceGuid},{InterfaceGuid}
1002,0,Information,Microsoft-Windows-HotspotAuth/Operational,Hotspot Authentication,Stop,ut:Authentication,Windows 10,1809,Pro,2020/09/08,17763.1457,Hotspot authentication successfully completed for interface {InterfaceGuid},{InterfaceGuid}
1002,0,Information,Microsoft-Windows-HotspotAuth/Operational,Hotspot Authentication,Stop,ut:Authentication,Windows 10,1809,Pro,2020/08/11,17763.1397,Hotspot authentication successfully completed for interface {InterfaceGuid},{InterfaceGuid}
1002,0,Information,Microsoft-Windows-HotspotAuth/Operational,Hotspot Authentication,Stop,ut:Authentication,Windows 10,1809,Pro,2020/07/14,17763.1339,Hotspot authentication successfully completed for interface {InterfaceGuid},{InterfaceGuid}
1002,0,Information,Microsoft-Windows-HotspotAuth/Operational,Hotspot Authentication,Stop,ut:Authentication,Windows 10,1809,Pro,2020/06/09,17763.1282,Hotspot authentication successfully completed for interface {InterfaceGuid},{InterfaceGuid}
1002,0,Information,Microsoft-Windows-HotspotAuth/Operational,Hotspot Authentication,Stop,ut:Authentication,Windows 10,1809,Pro,2020/05/12,17763.1217,Hotspot authentication successfully completed for interface {InterfaceGuid},{InterfaceGuid}
1002,0,Information,Microsoft-Windows-HotspotAuth/Operational,Hotspot Authentication,Stop,ut:Authentication,Windows 10,1809,Pro,2020/04/14,17763.1158,Hotspot authentication successfully completed for interface {InterfaceGuid},{InterfaceGuid}
1002,0,Information,Microsoft-Windows-HotspotAuth/Operational,Hotspot Authentication,Stop,ut:Authentication,Windows 10,1809,Pro,2020/03/12,17763.1098,Hotspot authentication successfully completed for interface {InterfaceGuid},{InterfaceGuid}
1002,0,Information,Microsoft-Windows-HotspotAuth/Operational,Hotspot Authentication,Stop,ut:Authentication,Windows 10,1809,Pro,2018/11/13,17763.107,Hotspot authentication successfully completed for interface {InterfaceGuid},{InterfaceGuid}
1002,0,Information,Microsoft-Windows-HotspotAuth/Operational,Hotspot Authentication,Stop,ut:Authentication,Windows 10,1809,Pro,2020/02/11,17763.1039,Hotspot authentication successfully completed for interface {InterfaceGuid},{InterfaceGuid}
1002,0,Information,Microsoft-Windows-HotspotAuth/Operational,Hotspot Authentication,Stop,ut:Authentication,Windows 10,1803,Pro,2019/08/13,17134.95,Hotspot authentication successfully completed for interface {InterfaceGuid},{InterfaceGuid}
1002,0,Information,Microsoft-Windows-HotspotAuth/Operational,Hotspot Authentication,Stop,ut:Authentication,Windows 10,1803,Pro,2019/07/09,17134.885,Hotspot authentication successfully completed for interface {InterfaceGuid},{InterfaceGuid}
1002,0,Information,Microsoft-Windows-HotspotAuth/Operational,Hotspot Authentication,Stop,ut:Authentication,Windows 10,1803,Pro,2019/06/11,17134.829,Hotspot authentication successfully completed for interface {InterfaceGuid},{InterfaceGuid}
1002,0,Information,Microsoft-Windows-HotspotAuth/Operational,Hotspot Authentication,Stop,ut:Authentication,Windows 10,1803,Pro,2019/05/19,17134.766,Hotspot authentication successfully completed for interface {InterfaceGuid},{InterfaceGuid}
1002,0,Information,Microsoft-Windows-HotspotAuth/Operational,Hotspot Authentication,Stop,ut:Authentication,Windows 10,1803,Pro,2019/04/09,17134.706,Hotspot authentication successfully completed for interface {InterfaceGuid},{InterfaceGuid}
1002,0,Information,Microsoft-Windows-HotspotAuth/Operational,Hotspot Authentication,Stop,ut:Authentication,Windows 10,1803,Pro,2019/03/12,17134.648,Hotspot authentication successfully completed for interface {InterfaceGuid},{InterfaceGuid}
1002,0,Information,Microsoft-Windows-HotspotAuth/Operational,Hotspot Authentication,Stop,ut:Authentication,Windows 10,1803,Pro,2019/01/08,17134.523,Hotspot authentication successfully completed for interface {InterfaceGuid},{InterfaceGuid}
1002,0,Information,Microsoft-Windows-HotspotAuth/Operational,Hotspot Authentication,Stop,ut:Authentication,Windows 10,1803,Pro,2018/09/11,17134.285,Hotspot authentication successfully completed for interface {InterfaceGuid},{InterfaceGuid}
1002,0,Information,Microsoft-Windows-HotspotAuth/Operational,Hotspot Authentication,Stop,ut:Authentication,Windows 10,1803,Pro,2018/08/14,17134.228,Hotspot authentication successfully completed for interface {InterfaceGuid},{InterfaceGuid}
1002,0,Information,Microsoft-Windows-HotspotAuth/Operational,Hotspot Authentication,Stop,ut:Authentication,Windows 10,1803,Pro,2018/06/12,17134.112,Hotspot authentication successfully completed for interface {InterfaceGuid},{InterfaceGuid}
1002,0,Information,Microsoft-Windows-HotspotAuth/Operational,Hotspot Authentication,Stop,ut:Authentication,Windows 10,1803,Pro,2019/09/10,17134.1006,Hotspot authentication successfully completed for interface {InterfaceGuid},{InterfaceGuid}
1002,0,Information,Microsoft-Windows-HotspotAuth/Operational,Hotspot Authentication,Stop,ut:Authentication,Windows 10,1803,Pro,1970/01/01,17134.1,Hotspot authentication successfully completed for interface {InterfaceGuid},{InterfaceGuid}
1002,0,Information,Microsoft-Windows-HotspotAuth/Operational,Hotspot Authentication,Stop,ut:Authentication,Windows 10,1709,Pro,2017/11/14,16299.64,Hotspot authentication successfully completed for interface {InterfaceGuid},{InterfaceGuid}
1002,0,Information,Microsoft-Windows-HotspotAuth/Operational,Hotspot Authentication,Stop,ut:Authentication,Windows 10,1709,Pro,2017/11/14,16299.15,Hotspot authentication successfully completed for interface {InterfaceGuid},{InterfaceGuid}
1002,0,Information,Microsoft-Windows-HotspotAuth/Operational,Hotspot Authentication,Stop,ut:Authentication,Windows 10,1709,Pro,2017/12/12,16299.125,Hotspot authentication successfully completed for interface {InterfaceGuid},{InterfaceGuid}
1002,0,Information,Microsoft-Windows-HotspotAuth/Operational,Hotspot Authentication,Stop,ut:Authentication,Windows 10,1703,Pro,2017/07/11,15063.483,Hotspot authentication successfully completed for interface {InterfaceGuid},{InterfaceGuid}
1002,0,Information,Microsoft-Windows-HotspotAuth/Operational,Hotspot Authentication,Stop,ut:Authentication,Windows 10,1703,Pro,2017/06/13,15063.413,Hotspot authentication successfully completed for interface {InterfaceGuid},{InterfaceGuid}
1002,0,Information,Microsoft-Windows-HotspotAuth/Operational,Hotspot Authentication,Stop,ut:Authentication,Windows 10,1703,Pro,2017/03/20,15063.0,Hotspot authentication successfully completed for interface {InterfaceGuid},{InterfaceGuid}
1002,0,Information,Microsoft-Windows-HotspotAuth/Operational,Hotspot Authentication,Stop,ut:Authentication,Windows 10,1607,Pro,2016/11/08,14393.447,Hotspot authentication successfully completed for interface {InterfaceGuid},{InterfaceGuid}
1002,0,Information,Microsoft-Windows-HotspotAuth/Operational,Hotspot Authentication,Stop,ut:Authentication,Windows 10,1511,Pro,2016/03/08,10586.164,Hotspot authentication successfully completed for interface {InterfaceGuid},{InterfaceGuid}
1002,0,Information,Microsoft-Windows-HotspotAuth/Operational,Hotspot Authentication,Stop,ut:Authentication,Windows 10,1511,Enterprise,2016/02/09,10586.104,Hotspot authentication successfully completed for interface {InterfaceGuid},{InterfaceGuid}
1002,0,Information,Microsoft-Windows-HotspotAuth/Operational,Hotspot Authentication,Stop,ut:Authentication,Windows 10,1511,Pro,1970/01/01,10586.0,Hotspot authentication successfully completed for interface {InterfaceGuid},{InterfaceGuid}
1002,0,Information,Microsoft-Windows-HotspotAuth/Operational,Hotspot Authentication,Stop,ut:Authentication,Windows 10,1507,Pro,2015/07/29,10240.0,Hotspot authentication successfully completed for interface {InterfaceGuid},{InterfaceGuid}
1002,0,Information,Microsoft-Windows-HotspotAuth/Operational,Hotspot Authentication,Stop,ut:Authentication,Windows 8.1,8.1,Pro,1970/01/01,9600.0,Hotspot authentication successfully completed for interface {InterfaceGuid},{InterfaceGuid}
1002,0,Information,Microsoft-Windows-HotspotAuth/Operational,Hotspot Authentication,Stop,ut:Authentication,Windows 8,8,Pro,1970/01/01,9200.0,Hotspot authentication successfully completed for interface {InterfaceGuid},{InterfaceGuid}
1003,0,Information,Microsoft-Windows-HotspotAuth/Operational,Hotspot Authentication,Stop,ut:Authentication,Windows 11,24H2,Pro,2024/10/2,26100.1742,Hotspot authentication failed for interface {InterfaceGuid} with status ({Result}) and response code ({ResponseCode}),{InterfaceGuid} | {Result} | {ResponseCode}
1003,0,Information,Microsoft-Windows-HotspotAuth/Operational,Hotspot Authentication,Stop,ut:Authentication,Windows 11,22H2,Pro,2022/12/20,22621.963,Hotspot authentication failed for interface {InterfaceGuid} with status ({Result}) and response code ({ResponseCode}),{InterfaceGuid} | {Result} | {ResponseCode}
1003,0,Information,Microsoft-Windows-HotspotAuth/Operational,Hotspot Authentication,Stop,ut:Authentication,Windows 11,22H2,Pro,2022/11/15,22621.819,Hotspot authentication failed for interface {InterfaceGuid} with status ({Result}) and response code ({ResponseCode}),{InterfaceGuid} | {Result} | {ResponseCode}
1003,0,Information,Microsoft-Windows-HotspotAuth/Operational,Hotspot Authentication,Stop,ut:Authentication,Windows 11,22H2,Pro,2022/10/18,22621.674,Hotspot authentication failed for interface {InterfaceGuid} with status ({Result}) and response code ({ResponseCode}),{InterfaceGuid} | {Result} | {ResponseCode}
1003,0,Information,Microsoft-Windows-HotspotAuth/Operational,Hotspot Authentication,Stop,ut:Authentication,Windows 11,22H2,Pro,2022/09/20,22621.382,Hotspot authentication failed for interface {InterfaceGuid} with status ({Result}) and response code ({ResponseCode}),{InterfaceGuid} | {Result} | {ResponseCode}
1003,0,Information,Microsoft-Windows-HotspotAuth/Operational,Hotspot Authentication,Stop,ut:Authentication,Windows 11,22H2,Pro,2023/03/21,22621.1413,Hotspot authentication failed for interface {InterfaceGuid} with status ({Result}) and response code ({ResponseCode}),{InterfaceGuid} | {Result} | {ResponseCode}
1003,0,Information,Microsoft-Windows-HotspotAuth/Operational,Hotspot Authentication,Stop,ut:Authentication,Windows 11,22H2,Pro,2023/02/21,22621.1265,Hotspot authentication failed for interface {InterfaceGuid} with status ({Result}) and response code ({ResponseCode}),{InterfaceGuid} | {Result} | {ResponseCode}
1003,0,Information,Microsoft-Windows-HotspotAuth/Operational,Hotspot Authentication,Stop,ut:Authentication,Windows 11,22H2,Pro,2023/01/17,22621.1105,Hotspot authentication failed for interface {InterfaceGuid} with status ({Result}) and response code ({ResponseCode}),{InterfaceGuid} | {Result} | {ResponseCode}
1003,0,Information,Microsoft-Windows-HotspotAuth/Operational,Hotspot Authentication,Stop,ut:Authentication,Windows 11,21H2,Pro,2022/09/20,22000.978,Hotspot authentication failed for interface {InterfaceGuid} with status ({Result}) and response code ({ResponseCode}),{InterfaceGuid} | {Result} | {ResponseCode}
1003,0,Information,Microsoft-Windows-HotspotAuth/Operational,Hotspot Authentication,Stop,ut:Authentication,Windows 11,21H2,Pro,2022/08/16,22000.856,Hotspot authentication failed for interface {InterfaceGuid} with status ({Result}) and response code ({ResponseCode}),{InterfaceGuid} | {Result} | {ResponseCode}
1003,0,Information,Microsoft-Windows-HotspotAuth/Operational,Hotspot Authentication,Stop,ut:Authentication,Windows 11,21H2,Pro,2022/07/19,22000.795,Hotspot authentication failed for interface {InterfaceGuid} with status ({Result}) and response code ({ResponseCode}),{InterfaceGuid} | {Result} | {ResponseCode}
1003,0,Information,Microsoft-Windows-HotspotAuth/Operational,Hotspot Authentication,Stop,ut:Authentication,Windows 11,21H2,Pro,2022/06/21,22000.739,Hotspot authentication failed for interface {InterfaceGuid} with status ({Result}) and response code ({ResponseCode}),{InterfaceGuid} | {Result} | {ResponseCode}
1003,0,Information,Microsoft-Windows-HotspotAuth/Operational,Hotspot Authentication,Stop,ut:Authentication,Windows 11,21H2,Pro,2022/05/17,22000.675,Hotspot authentication failed for interface {InterfaceGuid} with status ({Result}) and response code ({ResponseCode}),{InterfaceGuid} | {Result} | {ResponseCode}
1003,0,Information,Microsoft-Windows-HotspotAuth/Operational,Hotspot Authentication,Stop,ut:Authentication,Windows 11,21H2,Pro,2022/04/19,22000.613,Hotspot authentication failed for interface {InterfaceGuid} with status ({Result}) and response code ({ResponseCode}),{InterfaceGuid} | {Result} | {ResponseCode}
1003,0,Information,Microsoft-Windows-HotspotAuth/Operational,Hotspot Authentication,Stop,ut:Authentication,Windows 11,21H2,Pro,2022/03/15,22000.556,Hotspot authentication failed for interface {InterfaceGuid} with status ({Result}) and response code ({ResponseCode}),{InterfaceGuid} | {Result} | {ResponseCode}
1003,0,Information,Microsoft-Windows-HotspotAuth/Operational,Hotspot Authentication,Stop,ut:Authentication,Windows 11,21H2,Pro,2022/02/15,22000.493,Hotspot authentication failed for interface {InterfaceGuid} with status ({Result}) and response code ({ResponseCode}),{InterfaceGuid} | {Result} | {ResponseCode}
1003,0,Information,Microsoft-Windows-HotspotAuth/Operational,Hotspot Authentication,Stop,ut:Authentication,Windows 11,21H2,Pro,2022/01/11,22000.434,Hotspot authentication failed for interface {InterfaceGuid} with status ({Result}) and response code ({ResponseCode}),{InterfaceGuid} | {Result} | {ResponseCode}
1003,0,Information,Microsoft-Windows-HotspotAuth/Operational,Hotspot Authentication,Stop,ut:Authentication,Windows 11,21H2,Pro,2021/12/14,22000.376,Hotspot authentication failed for interface {InterfaceGuid} with status ({Result}) and response code ({ResponseCode}),{InterfaceGuid} | {Result} | {ResponseCode}
1003,0,Information,Microsoft-Windows-HotspotAuth/Operational,Hotspot Authentication,Stop,ut:Authentication,Windows 11,21H2,Pro,2021/11/09,22000.318,Hotspot authentication failed for interface {InterfaceGuid} with status ({Result}) and response code ({ResponseCode}),{InterfaceGuid} | {Result} | {ResponseCode}
1003,0,Information,Microsoft-Windows-HotspotAuth/Operational,Hotspot Authentication,Stop,ut:Authentication,Windows 11,21H2,Pro,2021/09/16,22000.194,Hotspot authentication failed for interface {InterfaceGuid} with status ({Result}) and response code ({ResponseCode}),{InterfaceGuid} | {Result} | {ResponseCode}
1003,0,Information,Microsoft-Windows-HotspotAuth/Operational,Hotspot Authentication,Stop,ut:Authentication,Windows 11,21H2,Pro,2023/03/21,22000.1696,Hotspot authentication failed for interface {InterfaceGuid} with status ({Result}) and response code ({ResponseCode}),{InterfaceGuid} | {Result} | {ResponseCode}
1003,0,Information,Microsoft-Windows-HotspotAuth/Operational,Hotspot Authentication,Stop,ut:Authentication,Windows 11,21H2,Pro,2023/02/21,22000.1574,Hotspot authentication failed for interface {InterfaceGuid} with status ({Result}) and response code ({ResponseCode}),{InterfaceGuid} | {Result} | {ResponseCode}
1003,0,Information,Microsoft-Windows-HotspotAuth/Operational,Hotspot Authentication,Stop,ut:Authentication,Windows 11,21H2,Pro,2023/01/17,22000.1455,Hotspot authentication failed for interface {InterfaceGuid} with status ({Result}) and response code ({ResponseCode}),{InterfaceGuid} | {Result} | {ResponseCode}
1003,0,Information,Microsoft-Windows-HotspotAuth/Operational,Hotspot Authentication,Stop,ut:Authentication,Windows 11,21H2,Pro,2022/12/20,22000.1335,Hotspot authentication failed for interface {InterfaceGuid} with status ({Result}) and response code ({ResponseCode}),{InterfaceGuid} | {Result} | {ResponseCode}
1003,0,Information,Microsoft-Windows-HotspotAuth/Operational,Hotspot Authentication,Stop,ut:Authentication,Windows 11,21H2,Pro,2022/11/15,22000.1219,Hotspot authentication failed for interface {InterfaceGuid} with status ({Result}) and response code ({ResponseCode}),{InterfaceGuid} | {Result} | {ResponseCode}
1003,0,Information,Microsoft-Windows-HotspotAuth/Operational,Hotspot Authentication,Stop,ut:Authentication,Windows 11,21H2,Pro,2022/10/18,22000.1098,Hotspot authentication failed for interface {InterfaceGuid} with status ({Result}) and response code ({ResponseCode}),{InterfaceGuid} | {Result} | {ResponseCode}
1003,0,Information,Microsoft-Windows-HotspotAuth/Operational,Hotspot Authentication,Stop,ut:Authentication,Windows 11,21H2,Pro-Dev,1970/01/01,21996.1,Hotspot authentication failed for interface {InterfaceGuid} with status ({Result}) and response code ({ResponseCode}),{InterfaceGuid} | {Result} | {ResponseCode}
1003,0,Information,Microsoft-Windows-HotspotAuth/Operational,Hotspot Authentication,Stop,ut:Authentication,Windows 10,22H2,Pro,2023/03/21,19045.2728,Hotspot authentication failed for interface {InterfaceGuid} with status ({Result}) and response code ({ResponseCode}),{InterfaceGuid} | {Result} | {ResponseCode}
1003,0,Information,Microsoft-Windows-HotspotAuth/Operational,Hotspot Authentication,Stop,ut:Authentication,Windows 10,22H2,Pro,2023/02/21,19045.2604,Hotspot authentication failed for interface {InterfaceGuid} with status ({Result}) and response code ({ResponseCode}),{InterfaceGuid} | {Result} | {ResponseCode}
1003,0,Information,Microsoft-Windows-HotspotAuth/Operational,Hotspot Authentication,Stop,ut:Authentication,Windows 10,22H2,Pro,2023/01/17,19045.2486,Hotspot authentication failed for interface {InterfaceGuid} with status ({Result}) and response code ({ResponseCode}),{InterfaceGuid} | {Result} | {ResponseCode}
1003,0,Information,Microsoft-Windows-HotspotAuth/Operational,Hotspot Authentication,Stop,ut:Authentication,Windows 10,22H2,Pro,2022/12/20,19045.2364,Hotspot authentication failed for interface {InterfaceGuid} with status ({Result}) and response code ({ResponseCode}),{InterfaceGuid} | {Result} | {ResponseCode}
1003,0,Information,Microsoft-Windows-HotspotAuth/Operational,Hotspot Authentication,Stop,ut:Authentication,Windows 10,22H2,Pro,2022/11/15,19045.2251,Hotspot authentication failed for interface {InterfaceGuid} with status ({Result}) and response code ({ResponseCode}),{InterfaceGuid} | {Result} | {ResponseCode}
1003,0,Information,Microsoft-Windows-HotspotAuth/Operational,Hotspot Authentication,Stop,ut:Authentication,Windows 10,21H2,Pro,2023/03/21,19044.2728,Hotspot authentication failed for interface {InterfaceGuid} with status ({Result}) and response code ({ResponseCode}),{InterfaceGuid} | {Result} | {ResponseCode}
1003,0,Information,Microsoft-Windows-HotspotAuth/Operational,Hotspot Authentication,Stop,ut:Authentication,Windows 10,21H2,Pro,2023/02/21,19044.2604,Hotspot authentication failed for interface {InterfaceGuid} with status ({Result}) and response code ({ResponseCode}),{InterfaceGuid} | {Result} | {ResponseCode}
1003,0,Information,Microsoft-Windows-HotspotAuth/Operational,Hotspot Authentication,Stop,ut:Authentication,Windows 10,21H2,Pro,2023/01/17,19044.2486,Hotspot authentication failed for interface {InterfaceGuid} with status ({Result}) and response code ({ResponseCode}),{InterfaceGuid} | {Result} | {ResponseCode}
1003,0,Information,Microsoft-Windows-HotspotAuth/Operational,Hotspot Authentication,Stop,ut:Authentication,Windows 10,21H2,Pro,2022/12/20,19044.2364,Hotspot authentication failed for interface {InterfaceGuid} with status ({Result}) and response code ({ResponseCode}),{InterfaceGuid} | {Result} | {ResponseCode}
1003,0,Information,Microsoft-Windows-HotspotAuth/Operational,Hotspot Authentication,Stop,ut:Authentication,Windows 10,21H2,Pro,2022/11/15,19044.2251,Hotspot authentication failed for interface {InterfaceGuid} with status ({Result}) and response code ({ResponseCode}),{InterfaceGuid} | {Result} | {ResponseCode}
1003,0,Information,Microsoft-Windows-HotspotAuth/Operational,Hotspot Authentication,Stop,ut:Authentication,Windows 10,21H2,Pro,2022/10/18,19044.213,Hotspot authentication failed for interface {InterfaceGuid} with status ({Result}) and response code ({ResponseCode}),{InterfaceGuid} | {Result} | {ResponseCode}
1003,0,Information,Microsoft-Windows-HotspotAuth/Operational,Hotspot Authentication,Stop,ut:Authentication,Windows 10,21H2,Pro,2022/09/20,19044.2006,Hotspot authentication failed for interface {InterfaceGuid} with status ({Result}) and response code ({ResponseCode}),{InterfaceGuid} | {Result} | {ResponseCode}
1003,0,Information,Microsoft-Windows-HotspotAuth/Operational,Hotspot Authentication,Stop,ut:Authentication,Windows 10,21H2,Pro,2022/08/16,19044.1889,Hotspot authentication failed for interface {InterfaceGuid} with status ({Result}) and response code ({ResponseCode}),{InterfaceGuid} | {Result} | {ResponseCode}
1003,0,Information,Microsoft-Windows-HotspotAuth/Operational,Hotspot Authentication,Stop,ut:Authentication,Windows 10,21H2,Pro,2022/07/19,19044.1826,Hotspot authentication failed for interface {InterfaceGuid} with status ({Result}) and response code ({ResponseCode}),{InterfaceGuid} | {Result} | {ResponseCode}
1003,0,Information,Microsoft-Windows-HotspotAuth/Operational,Hotspot Authentication,Stop,ut:Authentication,Windows 10,21H2,Pro,2022/06/21,19044.1766,Hotspot authentication failed for interface {InterfaceGuid} with status ({Result}) and response code ({ResponseCode}),{InterfaceGuid} | {Result} | {ResponseCode}
1003,0,Information,Microsoft-Windows-HotspotAuth/Operational,Hotspot Authentication,Stop,ut:Authentication,Windows 10,21H2,Pro,2022/05/17,19044.1706,Hotspot authentication failed for interface {InterfaceGuid} with status ({Result}) and response code ({ResponseCode}),{InterfaceGuid} | {Result} | {ResponseCode}
1003,0,Information,Microsoft-Windows-HotspotAuth/Operational,Hotspot Authentication,Stop,ut:Authentication,Windows 10,21H2,Pro,2022/04/19,19044.1645,Hotspot authentication failed for interface {InterfaceGuid} with status ({Result}) and response code ({ResponseCode}),{InterfaceGuid} | {Result} | {ResponseCode}
1003,0,Information,Microsoft-Windows-HotspotAuth/Operational,Hotspot Authentication,Stop,ut:Authentication,Windows 10,21H2,Pro,2022/01/11,19044.1466,Hotspot authentication failed for interface {InterfaceGuid} with status ({Result}) and response code ({ResponseCode}),{InterfaceGuid} | {Result} | {ResponseCode}
1003,0,Information,Microsoft-Windows-HotspotAuth/Operational,Hotspot Authentication,Stop,ut:Authentication,Windows 10,21H2,Pro,2021/10/12,19044.1288,Hotspot authentication failed for interface {InterfaceGuid} with status ({Result}) and response code ({ResponseCode}),{InterfaceGuid} | {Result} | {ResponseCode}
1003,0,Information,Microsoft-Windows-HotspotAuth/Operational,Hotspot Authentication,Stop,ut:Authentication,Windows 10,21H1,Pro,2021/04/13,19043.928,Hotspot authentication failed for interface {InterfaceGuid} with status ({Result}) and response code ({ResponseCode}),{InterfaceGuid} | {Result} | {ResponseCode}
1003,0,Information,Microsoft-Windows-HotspotAuth/Operational,Hotspot Authentication,Stop,ut:Authentication,Windows 10,21H1,Pro,2022/12/20,19043.2364,Hotspot authentication failed for interface {InterfaceGuid} with status ({Result}) and response code ({ResponseCode}),{InterfaceGuid} | {Result} | {ResponseCode}
1003,0,Information,Microsoft-Windows-HotspotAuth/Operational,Hotspot Authentication,Stop,ut:Authentication,Windows 10,21H1,Pro,2022/11/15,19043.2251,Hotspot authentication failed for interface {InterfaceGuid} with status ({Result}) and response code ({ResponseCode}),{InterfaceGuid} | {Result} | {ResponseCode}
1003,0,Information,Microsoft-Windows-HotspotAuth/Operational,Hotspot Authentication,Stop,ut:Authentication,Windows 10,21H1,Pro,2022/10/18,19043.213,Hotspot authentication failed for interface {InterfaceGuid} with status ({Result}) and response code ({ResponseCode}),{InterfaceGuid} | {Result} | {ResponseCode}
1003,0,Information,Microsoft-Windows-HotspotAuth/Operational,Hotspot Authentication,Stop,ut:Authentication,Windows 10,21H1,Pro,2022/09/20,19043.2006,Hotspot authentication failed for interface {InterfaceGuid} with status ({Result}) and response code ({ResponseCode}),{InterfaceGuid} | {Result} | {ResponseCode}
1003,0,Information,Microsoft-Windows-HotspotAuth/Operational,Hotspot Authentication,Stop,ut:Authentication,Windows 10,21H1,Pro,2022/08/16,19043.1889,Hotspot authentication failed for interface {InterfaceGuid} with status ({Result}) and response code ({ResponseCode}),{InterfaceGuid} | {Result} | {ResponseCode}
1003,0,Information,Microsoft-Windows-HotspotAuth/Operational,Hotspot Authentication,Stop,ut:Authentication,Windows 10,21H1,Pro,2022/07/19,19043.1826,Hotspot authentication failed for interface {InterfaceGuid} with status ({Result}) and response code ({ResponseCode}),{InterfaceGuid} | {Result} | {ResponseCode}
1003,0,Information,Microsoft-Windows-HotspotAuth/Operational,Hotspot Authentication,Stop,ut:Authentication,Windows 10,21H1,Pro,2022/06/21,19043.1766,Hotspot authentication failed for interface {InterfaceGuid} with status ({Result}) and response code ({ResponseCode}),{InterfaceGuid} | {Result} | {ResponseCode}
1003,0,Information,Microsoft-Windows-HotspotAuth/Operational,Hotspot Authentication,Stop,ut:Authentication,Windows 10,21H1,Pro,2022/05/17,19043.1706,Hotspot authentication failed for interface {InterfaceGuid} with status ({Result}) and response code ({ResponseCode}),{InterfaceGuid} | {Result} | {ResponseCode}
1003,0,Information,Microsoft-Windows-HotspotAuth/Operational,Hotspot Authentication,Stop,ut:Authentication,Windows 10,21H1,Pro,2022/04/19,19043.1645,Hotspot authentication failed for interface {InterfaceGuid} with status ({Result}) and response code ({ResponseCode}),{InterfaceGuid} | {Result} | {ResponseCode}
1003,0,Information,Microsoft-Windows-HotspotAuth/Operational,Hotspot Authentication,Stop,ut:Authentication,Windows 10,21H1,Pro,2022/01/11,19043.1466,Hotspot authentication failed for interface {InterfaceGuid} with status ({Result}) and response code ({ResponseCode}),{InterfaceGuid} | {Result} | {ResponseCode}
1003,0,Information,Microsoft-Windows-HotspotAuth/Operational,Hotspot Authentication,Stop,ut:Authentication,Windows 10,21H1,Pro,2021/12/14,19043.1415,Hotspot authentication failed for interface {InterfaceGuid} with status ({Result}) and response code ({ResponseCode}),{InterfaceGuid} | {Result} | {ResponseCode}
1003,0,Information,Microsoft-Windows-HotspotAuth/Operational,Hotspot Authentication,Stop,ut:Authentication,Windows 10,21H2,Pro,2021/12/14,19043.1415,Hotspot authentication failed for interface {InterfaceGuid} with status ({Result}) and response code ({ResponseCode}),{InterfaceGuid} | {Result} | {ResponseCode}
1003,0,Information,Microsoft-Windows-HotspotAuth/Operational,Hotspot Authentication,Stop,ut:Authentication,Windows 10,21H1,Pro,2021/11/09,19043.1348,Hotspot authentication failed for interface {InterfaceGuid} with status ({Result}) and response code ({ResponseCode}),{InterfaceGuid} | {Result} | {ResponseCode}
1003,0,Information,Microsoft-Windows-HotspotAuth/Operational,Hotspot Authentication,Stop,ut:Authentication,Windows 10,21H1,Pro,2021/10/12,19043.1288,Hotspot authentication failed for interface {InterfaceGuid} with status ({Result}) and response code ({ResponseCode}),{InterfaceGuid} | {Result} | {ResponseCode}
1003,0,Information,Microsoft-Windows-HotspotAuth/Operational,Hotspot Authentication,Stop,ut:Authentication,Windows 10,21H1,Pro,2021/09/14,19043.1237,Hotspot authentication failed for interface {InterfaceGuid} with status ({Result}) and response code ({ResponseCode}),{InterfaceGuid} | {Result} | {ResponseCode}
1003,0,Information,Microsoft-Windows-HotspotAuth/Operational,Hotspot Authentication,Stop,ut:Authentication,Windows 10,21H1,Pro,2021/08/10,19043.1165,Hotspot authentication failed for interface {InterfaceGuid} with status ({Result}) and response code ({ResponseCode}),{InterfaceGuid} | {Result} | {ResponseCode}
1003,0,Information,Microsoft-Windows-HotspotAuth/Operational,Hotspot Authentication,Stop,ut:Authentication,Windows 10,21H1,Pro,2021/07/13,19043.111,Hotspot authentication failed for interface {InterfaceGuid} with status ({Result}) and response code ({ResponseCode}),{InterfaceGuid} | {Result} | {ResponseCode}
1003,0,Information,Microsoft-Windows-HotspotAuth/Operational,Hotspot Authentication,Stop,ut:Authentication,Windows 10,21H1,Pro,2021/06/08,19043.1052,Hotspot authentication failed for interface {InterfaceGuid} with status ({Result}) and response code ({ResponseCode}),{InterfaceGuid} | {Result} | {ResponseCode}
1003,0,Information,Microsoft-Windows-HotspotAuth/Operational,Hotspot Authentication,Stop,ut:Authentication,Windows 10,20H2,Pro,2022/04/19,19042.1645,Hotspot authentication failed for interface {InterfaceGuid} with status ({Result}) and response code ({ResponseCode}),{InterfaceGuid} | {Result} | {ResponseCode}
1003,0,Information,Microsoft-Windows-HotspotAuth/Operational,Hotspot Authentication,Stop,ut:Authentication,Windows 10,20H2,Pro,2022/01/11,19042.1466,Hotspot authentication failed for interface {InterfaceGuid} with status ({Result}) and response code ({ResponseCode}),{InterfaceGuid} | {Result} | {ResponseCode}
1003,0,Information,Microsoft-Windows-HotspotAuth/Operational,Hotspot Authentication,Stop,ut:Authentication,Windows 10,2004,Pro,2021/05/11,19041.985,Hotspot authentication failed for interface {InterfaceGuid} with status ({Result}) and response code ({ResponseCode}),{InterfaceGuid} | {Result} | {ResponseCode}
1003,0,Information,Microsoft-Windows-HotspotAuth/Operational,Hotspot Authentication,Stop,ut:Authentication,Windows 10,20H2,Pro,2021/05/11,19041.985,Hotspot authentication failed for interface {InterfaceGuid} with status ({Result}) and response code ({ResponseCode}),{InterfaceGuid} | {Result} | {ResponseCode}
1003,0,Information,Microsoft-Windows-HotspotAuth/Operational,Hotspot Authentication,Stop,ut:Authentication,Windows 10,2004,Pro,2021/04/13,19041.928,Hotspot authentication failed for interface {InterfaceGuid} with status ({Result}) and response code ({ResponseCode}),{InterfaceGuid} | {Result} | {ResponseCode}
1003,0,Information,Microsoft-Windows-HotspotAuth/Operational,Hotspot Authentication,Stop,ut:Authentication,Windows 10,20H2,Pro,2021/04/13,19041.928,Hotspot authentication failed for interface {InterfaceGuid} with status ({Result}) and response code ({ResponseCode}),{InterfaceGuid} | {Result} | {ResponseCode}
1003,0,Information,Microsoft-Windows-HotspotAuth/Operational,Hotspot Authentication,Stop,ut:Authentication,Windows 10,2004,Pro,2021/03/09,19041.867,Hotspot authentication failed for interface {InterfaceGuid} with status ({Result}) and response code ({ResponseCode}),{InterfaceGuid} | {Result} | {ResponseCode}
1003,0,Information,Microsoft-Windows-HotspotAuth/Operational,Hotspot Authentication,Stop,ut:Authentication,Windows 10,20H2,Pro,2021/03/09,19041.867,Hotspot authentication failed for interface {InterfaceGuid} with status ({Result}) and response code ({ResponseCode}),{InterfaceGuid} | {Result} | {ResponseCode}
1003,0,Information,Microsoft-Windows-HotspotAuth/Operational,Hotspot Authentication,Stop,ut:Authentication,Windows 10,2004,Pro,2021/02/09,19041.804,Hotspot authentication failed for interface {InterfaceGuid} with status ({Result}) and response code ({ResponseCode}),{InterfaceGuid} | {Result} | {ResponseCode}
1003,0,Information,Microsoft-Windows-HotspotAuth/Operational,Hotspot Authentication,Stop,ut:Authentication,Windows 10,20H2,Pro,2021/02/09,19041.804,Hotspot authentication failed for interface {InterfaceGuid} with status ({Result}) and response code ({ResponseCode}),{InterfaceGuid} | {Result} | {ResponseCode}
1003,0,Information,Microsoft-Windows-HotspotAuth/Operational,Hotspot Authentication,Stop,ut:Authentication,Windows 10,2004,Pro,2021/01/12,19041.746,Hotspot authentication failed for interface {InterfaceGuid} with status ({Result}) and response code ({ResponseCode}),{InterfaceGuid} | {Result} | {ResponseCode}
1003,0,Information,Microsoft-Windows-HotspotAuth/Operational,Hotspot Authentication,Stop,ut:Authentication,Windows 10,20H2,Pro,2021/01/12,19041.746,Hotspot authentication failed for interface {InterfaceGuid} with status ({Result}) and response code ({ResponseCode}),{InterfaceGuid} | {Result} | {ResponseCode}
1003,0,Information,Microsoft-Windows-HotspotAuth/Operational,Hotspot Authentication,Stop,ut:Authentication,Windows 10,2004,Pro,2020/12/08,19041.685,Hotspot authentication failed for interface {InterfaceGuid} with status ({Result}) and response code ({ResponseCode}),{InterfaceGuid} | {Result} | {ResponseCode}
1003,0,Information,Microsoft-Windows-HotspotAuth/Operational,Hotspot Authentication,Stop,ut:Authentication,Windows 10,20H2,Pro,2020/12/08,19041.685,Hotspot authentication failed for interface {InterfaceGuid} with status ({Result}) and response code ({ResponseCode}),{InterfaceGuid} | {Result} | {ResponseCode}
1003,0,Information,Microsoft-Windows-HotspotAuth/Operational,Hotspot Authentication,Stop,ut:Authentication,Windows 10,20H2,Pro,2020/11/19,19041.631,Hotspot authentication failed for interface {InterfaceGuid} with status ({Result}) and response code ({ResponseCode}),{InterfaceGuid} | {Result} | {ResponseCode}
1003,0,Information,Microsoft-Windows-HotspotAuth/Operational,Hotspot Authentication,Stop,ut:Authentication,Windows 10,2004,Pro,2020/11/10,19041.63,Hotspot authentication failed for interface {InterfaceGuid} with status ({Result}) and response code ({ResponseCode}),{InterfaceGuid} | {Result} | {ResponseCode}
1003,0,Information,Microsoft-Windows-HotspotAuth/Operational,Hotspot Authentication,Stop,ut:Authentication,Windows 10,2004,Pro,2020/10/13,19041.572,Hotspot authentication failed for interface {InterfaceGuid} with status ({Result}) and response code ({ResponseCode}),{InterfaceGuid} | {Result} | {ResponseCode}
1003,0,Information,Microsoft-Windows-HotspotAuth/Operational,Hotspot Authentication,Stop,ut:Authentication,Windows 10,2004,Pro,2020/09/08,19041.508,Hotspot authentication failed for interface {InterfaceGuid} with status ({Result}) and response code ({ResponseCode}),{InterfaceGuid} | {Result} | {ResponseCode}
1003,0,Information,Microsoft-Windows-HotspotAuth/Operational,Hotspot Authentication,Stop,ut:Authentication,Windows 10,2004,Pro,2020/08/11,19041.45,Hotspot authentication failed for interface {InterfaceGuid} with status ({Result}) and response code ({ResponseCode}),{InterfaceGuid} | {Result} | {ResponseCode}
1003,0,Information,Microsoft-Windows-HotspotAuth/Operational,Hotspot Authentication,Stop,ut:Authentication,Windows 10,2004,Pro,2020/07/14,19041.388,Hotspot authentication failed for interface {InterfaceGuid} with status ({Result}) and response code ({ResponseCode}),{InterfaceGuid} | {Result} | {ResponseCode}
1003,0,Information,Microsoft-Windows-HotspotAuth/Operational,Hotspot Authentication,Stop,ut:Authentication,Windows 10,2004,Pro,2020/06/09,19041.329,Hotspot authentication failed for interface {InterfaceGuid} with status ({Result}) and response code ({ResponseCode}),{InterfaceGuid} | {Result} | {ResponseCode}
1003,0,Information,Microsoft-Windows-HotspotAuth/Operational,Hotspot Authentication,Stop,ut:Authentication,Windows 10,2004,Pro,2020/05/27,19041.264,Hotspot authentication failed for interface {InterfaceGuid} with status ({Result}) and response code ({ResponseCode}),{InterfaceGuid} | {Result} | {ResponseCode}
1003,0,Information,Microsoft-Windows-HotspotAuth/Operational,Hotspot Authentication,Stop,ut:Authentication,Windows 10,2004,Pro,2020/04/16,19041.208,Hotspot authentication failed for interface {InterfaceGuid} with status ({Result}) and response code ({ResponseCode}),{InterfaceGuid} | {Result} | {ResponseCode}
1003,0,Information,Microsoft-Windows-HotspotAuth/Operational,Hotspot Authentication,Stop,ut:Authentication,Windows 10,21H1,Pro,2022/03/15,19041.1586,Hotspot authentication failed for interface {InterfaceGuid} with status ({Result}) and response code ({ResponseCode}),{InterfaceGuid} | {Result} | {ResponseCode}
1003,0,Information,Microsoft-Windows-HotspotAuth/Operational,Hotspot Authentication,Stop,ut:Authentication,Windows 10,20H2,Pro,2022/03/15,19041.1586,Hotspot authentication failed for interface {InterfaceGuid} with status ({Result}) and response code ({ResponseCode}),{InterfaceGuid} | {Result} | {ResponseCode}
1003,0,Information,Microsoft-Windows-HotspotAuth/Operational,Hotspot Authentication,Stop,ut:Authentication,Windows 10,21H2,Pro,2022/03/15,19041.1586,Hotspot authentication failed for interface {InterfaceGuid} with status ({Result}) and response code ({ResponseCode}),{InterfaceGuid} | {Result} | {ResponseCode}
1003,0,Information,Microsoft-Windows-HotspotAuth/Operational,Hotspot Authentication,Stop,ut:Authentication,Windows 10,21H1,Pro,2022/02/15,19041.1526,Hotspot authentication failed for interface {InterfaceGuid} with status ({Result}) and response code ({ResponseCode}),{InterfaceGuid} | {Result} | {ResponseCode}
1003,0,Information,Microsoft-Windows-HotspotAuth/Operational,Hotspot Authentication,Stop,ut:Authentication,Windows 10,20H2,Pro,2022/02/15,19041.1526,Hotspot authentication failed for interface {InterfaceGuid} with status ({Result}) and response code ({ResponseCode}),{InterfaceGuid} | {Result} | {ResponseCode}
1003,0,Information,Microsoft-Windows-HotspotAuth/Operational,Hotspot Authentication,Stop,ut:Authentication,Windows 10,21H2,Pro,2022/02/15,19041.1526,Hotspot authentication failed for interface {InterfaceGuid} with status ({Result}) and response code ({ResponseCode}),{InterfaceGuid} | {Result} | {ResponseCode}
1003,0,Information,Microsoft-Windows-HotspotAuth/Operational,Hotspot Authentication,Stop,ut:Authentication,Windows 10,20H2,Pro,2021/12/14,19041.1415,Hotspot authentication failed for interface {InterfaceGuid} with status ({Result}) and response code ({ResponseCode}),{InterfaceGuid} | {Result} | {ResponseCode}
1003,0,Information,Microsoft-Windows-HotspotAuth/Operational,Hotspot Authentication,Stop,ut:Authentication,Windows 10,2004,Pro,2021/11/09,19041.1348,Hotspot authentication failed for interface {InterfaceGuid} with status ({Result}) and response code ({ResponseCode}),{InterfaceGuid} | {Result} | {ResponseCode}
1003,0,Information,Microsoft-Windows-HotspotAuth/Operational,Hotspot Authentication,Stop,ut:Authentication,Windows 10,20H2,Pro,2021/11/09,19041.1348,Hotspot authentication failed for interface {InterfaceGuid} with status ({Result}) and response code ({ResponseCode}),{InterfaceGuid} | {Result} | {ResponseCode}
1003,0,Information,Microsoft-Windows-HotspotAuth/Operational,Hotspot Authentication,Stop,ut:Authentication,Windows 10,2004,Pro,2021/10/12,19041.1288,Hotspot authentication failed for interface {InterfaceGuid} with status ({Result}) and response code ({ResponseCode}),{InterfaceGuid} | {Result} | {ResponseCode}
1003,0,Information,Microsoft-Windows-HotspotAuth/Operational,Hotspot Authentication,Stop,ut:Authentication,Windows 10,20H2,Pro,2021/10/12,19041.1288,Hotspot authentication failed for interface {InterfaceGuid} with status ({Result}) and response code ({ResponseCode}),{InterfaceGuid} | {Result} | {ResponseCode}
1003,0,Information,Microsoft-Windows-HotspotAuth/Operational,Hotspot Authentication,Stop,ut:Authentication,Windows 10,2004,Pro,2021/09/14,19041.1237,Hotspot authentication failed for interface {InterfaceGuid} with status ({Result}) and response code ({ResponseCode}),{InterfaceGuid} | {Result} | {ResponseCode}
1003,0,Information,Microsoft-Windows-HotspotAuth/Operational,Hotspot Authentication,Stop,ut:Authentication,Windows 10,20H2,Pro,2021/09/14,19041.1237,Hotspot authentication failed for interface {InterfaceGuid} with status ({Result}) and response code ({ResponseCode}),{InterfaceGuid} | {Result} | {ResponseCode}
1003,0,Information,Microsoft-Windows-HotspotAuth/Operational,Hotspot Authentication,Stop,ut:Authentication,Windows 10,2004,Pro,2021/08/10,19041.1165,Hotspot authentication failed for interface {InterfaceGuid} with status ({Result}) and response code ({ResponseCode}),{InterfaceGuid} | {Result} | {ResponseCode}
1003,0,Information,Microsoft-Windows-HotspotAuth/Operational,Hotspot Authentication,Stop,ut:Authentication,Windows 10,20H2,Pro,2021/08/10,19041.1165,Hotspot authentication failed for interface {InterfaceGuid} with status ({Result}) and response code ({ResponseCode}),{InterfaceGuid} | {Result} | {ResponseCode}
1003,0,Information,Microsoft-Windows-HotspotAuth/Operational,Hotspot Authentication,Stop,ut:Authentication,Windows 10,2004,Pro,2021/07/13,19041.111,Hotspot authentication failed for interface {InterfaceGuid} with status ({Result}) and response code ({ResponseCode}),{InterfaceGuid} | {Result} | {ResponseCode}
1003,0,Information,Microsoft-Windows-HotspotAuth/Operational,Hotspot Authentication,Stop,ut:Authentication,Windows 10,20H2,Pro,2021/07/13,19041.111,Hotspot authentication failed for interface {InterfaceGuid} with status ({Result}) and response code ({ResponseCode}),{InterfaceGuid} | {Result} | {ResponseCode}
1003,0,Information,Microsoft-Windows-HotspotAuth/Operational,Hotspot Authentication,Stop,ut:Authentication,Windows 10,2004,Pro,2021/06/08,19041.1052,Hotspot authentication failed for interface {InterfaceGuid} with status ({Result}) and response code ({ResponseCode}),{InterfaceGuid} | {Result} | {ResponseCode}
1003,0,Information,Microsoft-Windows-HotspotAuth/Operational,Hotspot Authentication,Stop,ut:Authentication,Windows 10,20H2,Pro,2021/06/08,19041.1052,Hotspot authentication failed for interface {InterfaceGuid} with status ({Result}) and response code ({ResponseCode}),{InterfaceGuid} | {Result} | {ResponseCode}
1003,0,Information,Microsoft-Windows-HotspotAuth/Operational,Hotspot Authentication,Stop,ut:Authentication,Windows 10,1909,Pro,2020/07/14,18363.959,Hotspot authentication failed for interface {InterfaceGuid} with status ({Result}) and response code ({ResponseCode}),{InterfaceGuid} | {Result} | {ResponseCode}
1003,0,Information,Microsoft-Windows-HotspotAuth/Operational,Hotspot Authentication,Stop,ut:Authentication,Windows 10,1909,Pro,2020/06/09,18363.9,Hotspot authentication failed for interface {InterfaceGuid} with status ({Result}) and response code ({ResponseCode}),{InterfaceGuid} | {Result} | {ResponseCode}
1003,0,Information,Microsoft-Windows-HotspotAuth/Operational,Hotspot Authentication,Stop,ut:Authentication,Windows 10,1909,Pro,2020/05/12,18363.836,Hotspot authentication failed for interface {InterfaceGuid} with status ({Result}) and response code ({ResponseCode}),{InterfaceGuid} | {Result} | {ResponseCode}
1003,0,Information,Microsoft-Windows-HotspotAuth/Operational,Hotspot Authentication,Stop,ut:Authentication,Windows 10,1909,Pro,2020/04/14,18363.778,Hotspot authentication failed for interface {InterfaceGuid} with status ({Result}) and response code ({ResponseCode}),{InterfaceGuid} | {Result} | {ResponseCode}
1003,0,Information,Microsoft-Windows-HotspotAuth/Operational,Hotspot Authentication,Stop,ut:Authentication,Windows 10,1909,Pro,2020/03/12,18363.72,Hotspot authentication failed for interface {InterfaceGuid} with status ({Result}) and response code ({ResponseCode}),{InterfaceGuid} | {Result} | {ResponseCode}
1003,0,Information,Microsoft-Windows-HotspotAuth/Operational,Hotspot Authentication,Stop,ut:Authentication,Windows 10,1909,Pro,2020/02/11,18363.657,Hotspot authentication failed for interface {InterfaceGuid} with status ({Result}) and response code ({ResponseCode}),{InterfaceGuid} | {Result} | {ResponseCode}
1003,0,Information,Microsoft-Windows-HotspotAuth/Operational,Hotspot Authentication,Stop,ut:Authentication,Windows 10,1909,Pro,2020/01/14,18363.592,Hotspot authentication failed for interface {InterfaceGuid} with status ({Result}) and response code ({ResponseCode}),{InterfaceGuid} | {Result} | {ResponseCode}
1003,0,Information,Microsoft-Windows-HotspotAuth/Operational,Hotspot Authentication,Stop,ut:Authentication,Windows 10,1909,Pro,2019/12/10,18363.535,Hotspot authentication failed for interface {InterfaceGuid} with status ({Result}) and response code ({ResponseCode}),{InterfaceGuid} | {Result} | {ResponseCode}
1003,0,Information,Microsoft-Windows-HotspotAuth/Operational,Hotspot Authentication,Stop,ut:Authentication,Windows 10,1909,Pro,2019/10/05,18363.418,Hotspot authentication failed for interface {InterfaceGuid} with status ({Result}) and response code ({ResponseCode}),{InterfaceGuid} | {Result} | {ResponseCode}
1003,0,Information,Microsoft-Windows-HotspotAuth/Operational,Hotspot Authentication,Stop,ut:Authentication,Windows 10,1909,Pro,2021/06/08,18363.1621,Hotspot authentication failed for interface {InterfaceGuid} with status ({Result}) and response code ({ResponseCode}),{InterfaceGuid} | {Result} | {ResponseCode}
1003,0,Information,Microsoft-Windows-HotspotAuth/Operational,Hotspot Authentication,Stop,ut:Authentication,Windows 10,1909,Pro,2021/05/11,18363.1556,Hotspot authentication failed for interface {InterfaceGuid} with status ({Result}) and response code ({ResponseCode}),{InterfaceGuid} | {Result} | {ResponseCode}
1003,0,Information,Microsoft-Windows-HotspotAuth/Operational,Hotspot Authentication,Stop,ut:Authentication,Windows 10,1909,Pro,2021/04/13,18363.15,Hotspot authentication failed for interface {InterfaceGuid} with status ({Result}) and response code ({ResponseCode}),{InterfaceGuid} | {Result} | {ResponseCode}
1003,0,Information,Microsoft-Windows-HotspotAuth/Operational,Hotspot Authentication,Stop,ut:Authentication,Windows 10,1909,Pro,2021/03/09,18363.144,Hotspot authentication failed for interface {InterfaceGuid} with status ({Result}) and response code ({ResponseCode}),{InterfaceGuid} | {Result} | {ResponseCode}
1003,0,Information,Microsoft-Windows-HotspotAuth/Operational,Hotspot Authentication,Stop,ut:Authentication,Windows 10,1909,Pro,2021/02/11,18363.1379,Hotspot authentication failed for interface {InterfaceGuid} with status ({Result}) and response code ({ResponseCode}),{InterfaceGuid} | {Result} | {ResponseCode}
1003,0,Information,Microsoft-Windows-HotspotAuth/Operational,Hotspot Authentication,Stop,ut:Authentication,Windows 10,1909,Pro,2021/01/12,18363.1316,Hotspot authentication failed for interface {InterfaceGuid} with status ({Result}) and response code ({ResponseCode}),{InterfaceGuid} | {Result} | {ResponseCode}
1003,0,Information,Microsoft-Windows-HotspotAuth/Operational,Hotspot Authentication,Stop,ut:Authentication,Windows 10,1909,Pro,2020/12/08,18363.1256,Hotspot authentication failed for interface {InterfaceGuid} with status ({Result}) and response code ({ResponseCode}),{InterfaceGuid} | {Result} | {ResponseCode}
1003,0,Information,Microsoft-Windows-HotspotAuth/Operational,Hotspot Authentication,Stop,ut:Authentication,Windows 10,1909,Pro,2020/11/10,18363.1198,Hotspot authentication failed for interface {InterfaceGuid} with status ({Result}) and response code ({ResponseCode}),{InterfaceGuid} | {Result} | {ResponseCode}
1003,0,Information,Microsoft-Windows-HotspotAuth/Operational,Hotspot Authentication,Stop,ut:Authentication,Windows 10,1909,Pro,2020/10/13,18363.1139,Hotspot authentication failed for interface {InterfaceGuid} with status ({Result}) and response code ({ResponseCode}),{InterfaceGuid} | {Result} | {ResponseCode}
1003,0,Information,Microsoft-Windows-HotspotAuth/Operational,Hotspot Authentication,Stop,ut:Authentication,Windows 10,1909,Pro,2020/09/08,18363.1082,Hotspot authentication failed for interface {InterfaceGuid} with status ({Result}) and response code ({ResponseCode}),{InterfaceGuid} | {Result} | {ResponseCode}
1003,0,Information,Microsoft-Windows-HotspotAuth/Operational,Hotspot Authentication,Stop,ut:Authentication,Windows 10,1909,Pro,2020/08/11,18363.1016,Hotspot authentication failed for interface {InterfaceGuid} with status ({Result}) and response code ({ResponseCode}),{InterfaceGuid} | {Result} | {ResponseCode}
1003,0,Information,Microsoft-Windows-HotspotAuth/Operational,Hotspot Authentication,Stop,ut:Authentication,Windows 10,1903,Pro,2020/07/14,18362.959,Hotspot authentication failed for interface {InterfaceGuid} with status ({Result}) and response code ({ResponseCode}),{InterfaceGuid} | {Result} | {ResponseCode}
1003,0,Information,Microsoft-Windows-HotspotAuth/Operational,Hotspot Authentication,Stop,ut:Authentication,Windows 10,1903,Pro,2020/05/12,18362.836,Hotspot authentication failed for interface {InterfaceGuid} with status ({Result}) and response code ({ResponseCode}),{InterfaceGuid} | {Result} | {ResponseCode}
1003,0,Information,Microsoft-Windows-HotspotAuth/Operational,Hotspot Authentication,Stop,ut:Authentication,Windows 10,1903,Pro,2020/03/12,18362.72,Hotspot authentication failed for interface {InterfaceGuid} with status ({Result}) and response code ({ResponseCode}),{InterfaceGuid} | {Result} | {ResponseCode}
1003,0,Information,Microsoft-Windows-HotspotAuth/Operational,Hotspot Authentication,Stop,ut:Authentication,Windows 10,1903,Pro,2020/02/11,18362.657,Hotspot authentication failed for interface {InterfaceGuid} with status ({Result}) and response code ({ResponseCode}),{InterfaceGuid} | {Result} | {ResponseCode}
1003,0,Information,Microsoft-Windows-HotspotAuth/Operational,Hotspot Authentication,Stop,ut:Authentication,Windows 10,1903,Pro,2019/12/10,18362.535,Hotspot authentication failed for interface {InterfaceGuid} with status ({Result}) and response code ({ResponseCode}),{InterfaceGuid} | {Result} | {ResponseCode}
1003,0,Information,Microsoft-Windows-HotspotAuth/Operational,Hotspot Authentication,Stop,ut:Authentication,Windows 10,1903,Pro,2019/11/12,18362.476,Hotspot authentication failed for interface {InterfaceGuid} with status ({Result}) and response code ({ResponseCode}),{InterfaceGuid} | {Result} | {ResponseCode}
1003,0,Information,Microsoft-Windows-HotspotAuth/Operational,Hotspot Authentication,Stop,ut:Authentication,Windows 10,1903,Pro,2019/09/10,18362.356,Hotspot authentication failed for interface {InterfaceGuid} with status ({Result}) and response code ({ResponseCode}),{InterfaceGuid} | {Result} | {ResponseCode}
1003,0,Information,Microsoft-Windows-HotspotAuth/Operational,Hotspot Authentication,Stop,ut:Authentication,Windows 10,1903,Pro,2019/03/29,18362.3,Hotspot authentication failed for interface {InterfaceGuid} with status ({Result}) and response code ({ResponseCode}),{InterfaceGuid} | {Result} | {ResponseCode}
1003,0,Information,Microsoft-Windows-HotspotAuth/Operational,Hotspot Authentication,Stop,ut:Authentication,Windows 10,1903,Pro,2019/07/09,18362.239,Hotspot authentication failed for interface {InterfaceGuid} with status ({Result}) and response code ({ResponseCode}),{InterfaceGuid} | {Result} | {ResponseCode}
1003,0,Information,Microsoft-Windows-HotspotAuth/Operational,Hotspot Authentication,Stop,ut:Authentication,Windows 10,1903,Pro,2019/06/11,18362.175,Hotspot authentication failed for interface {InterfaceGuid} with status ({Result}) and response code ({ResponseCode}),{InterfaceGuid} | {Result} | {ResponseCode}
1003,0,Information,Microsoft-Windows-HotspotAuth/Operational,Hotspot Authentication,Stop,ut:Authentication,Windows 10,1903,Pro,2020/12/08,18362.1256,Hotspot authentication failed for interface {InterfaceGuid} with status ({Result}) and response code ({ResponseCode}),{InterfaceGuid} | {Result} | {ResponseCode}
1003,0,Information,Microsoft-Windows-HotspotAuth/Operational,Hotspot Authentication,Stop,ut:Authentication,Windows 10,1903,Pro,2020/11/10,18362.1198,Hotspot authentication failed for interface {InterfaceGuid} with status ({Result}) and response code ({ResponseCode}),{InterfaceGuid} | {Result} | {ResponseCode}
1003,0,Information,Microsoft-Windows-HotspotAuth/Operational,Hotspot Authentication,Stop,ut:Authentication,Windows 10,1903,Pro,2020/10/13,18362.1139,Hotspot authentication failed for interface {InterfaceGuid} with status ({Result}) and response code ({ResponseCode}),{InterfaceGuid} | {Result} | {ResponseCode}
1003,0,Information,Microsoft-Windows-HotspotAuth/Operational,Hotspot Authentication,Stop,ut:Authentication,Windows 10,1903,Pro,2020/09/08,18362.1082,Hotspot authentication failed for interface {InterfaceGuid} with status ({Result}) and response code ({ResponseCode}),{InterfaceGuid} | {Result} | {ResponseCode}
1003,0,Information,Microsoft-Windows-HotspotAuth/Operational,Hotspot Authentication,Stop,ut:Authentication,Windows 10,1903,Pro,2019/12/10,18362.1016,Hotspot authentication failed for interface {InterfaceGuid} with status ({Result}) and response code ({ResponseCode}),{InterfaceGuid} | {Result} | {ResponseCode}
1003,0,Information,Microsoft-Windows-HotspotAuth/Operational,Hotspot Authentication,Stop,ut:Authentication,Windows 10,1809,Pro,2020/01/14,17763.973,Hotspot authentication failed for interface {InterfaceGuid} with status ({Result}) and response code ({ResponseCode}),{InterfaceGuid} | {Result} | {ResponseCode}
1003,0,Information,Microsoft-Windows-HotspotAuth/Operational,Hotspot Authentication,Stop,ut:Authentication,Windows 10,1809,Pro,2019/12/10,17763.914,Hotspot authentication failed for interface {InterfaceGuid} with status ({Result}) and response code ({ResponseCode}),{InterfaceGuid} | {Result} | {ResponseCode}
1003,0,Information,Microsoft-Windows-HotspotAuth/Operational,Hotspot Authentication,Stop,ut:Authentication,Windows 10,1809,Pro,2019/11/12,17763.864,Hotspot authentication failed for interface {InterfaceGuid} with status ({Result}) and response code ({ResponseCode}),{InterfaceGuid} | {Result} | {ResponseCode}
1003,0,Information,Microsoft-Windows-HotspotAuth/Operational,Hotspot Authentication,Stop,ut:Authentication,Windows 10,1809,Pro,2019/10/08,17763.805,Hotspot authentication failed for interface {InterfaceGuid} with status ({Result}) and response code ({ResponseCode}),{InterfaceGuid} | {Result} | {ResponseCode}
1003,0,Information,Microsoft-Windows-HotspotAuth/Operational,Hotspot Authentication,Stop,ut:Authentication,Windows 10,1809,Pro,2019/09/10,17763.737,Hotspot authentication failed for interface {InterfaceGuid} with status ({Result}) and response code ({ResponseCode}),{InterfaceGuid} | {Result} | {ResponseCode}
1003,0,Information,Microsoft-Windows-HotspotAuth/Operational,Hotspot Authentication,Stop,ut:Authentication,Windows 10,1809,Pro,2019/08/13,17763.678,Hotspot authentication failed for interface {InterfaceGuid} with status ({Result}) and response code ({ResponseCode}),{InterfaceGuid} | {Result} | {ResponseCode}
1003,0,Information,Microsoft-Windows-HotspotAuth/Operational,Hotspot Authentication,Stop,ut:Authentication,Windows 10,1809,Pro,2019/07/09,17763.615,Hotspot authentication failed for interface {InterfaceGuid} with status ({Result}) and response code ({ResponseCode}),{InterfaceGuid} | {Result} | {ResponseCode}
1003,0,Information,Microsoft-Windows-HotspotAuth/Operational,Hotspot Authentication,Stop,ut:Authentication,Windows 10,1809,Pro,2019/06/11,17763.557,Hotspot authentication failed for interface {InterfaceGuid} with status ({Result}) and response code ({ResponseCode}),{InterfaceGuid} | {Result} | {ResponseCode}
1003,0,Information,Microsoft-Windows-HotspotAuth/Operational,Hotspot Authentication,Stop,ut:Authentication,Windows 10,1809,Pro,2019/05/19,17763.504,Hotspot authentication failed for interface {InterfaceGuid} with status ({Result}) and response code ({ResponseCode}),{InterfaceGuid} | {Result} | {ResponseCode}
1003,0,Information,Microsoft-Windows-HotspotAuth/Operational,Hotspot Authentication,Stop,ut:Authentication,Windows 10,1809,Pro,2019/04/09,17763.437,Hotspot authentication failed for interface {InterfaceGuid} with status ({Result}) and response code ({ResponseCode}),{InterfaceGuid} | {Result} | {ResponseCode}
1003,0,Information,Microsoft-Windows-HotspotAuth/Operational,Hotspot Authentication,Stop,ut:Authentication,Windows 10,1809,Pro,2019/03/12,17763.379,Hotspot authentication failed for interface {InterfaceGuid} with status ({Result}) and response code ({ResponseCode}),{InterfaceGuid} | {Result} | {ResponseCode}
1003,0,Information,Microsoft-Windows-HotspotAuth/Operational,Hotspot Authentication,Stop,ut:Authentication,Windows 10,1809,Pro,2019/02/12,17763.316,Hotspot authentication failed for interface {InterfaceGuid} with status ({Result}) and response code ({ResponseCode}),{InterfaceGuid} | {Result} | {ResponseCode}
1003,0,Information,Microsoft-Windows-HotspotAuth/Operational,Hotspot Authentication,Stop,ut:Authentication,Windows 10,1803,Pro,2019/01/08,17763.253,Hotspot authentication failed for interface {InterfaceGuid} with status ({Result}) and response code ({ResponseCode}),{InterfaceGuid} | {Result} | {ResponseCode}
1003,0,Information,Microsoft-Windows-HotspotAuth/Operational,Hotspot Authentication,Stop,ut:Authentication,Windows 10,1809,Pro,2018/12/11,17763.194,Hotspot authentication failed for interface {InterfaceGuid} with status ({Result}) and response code ({ResponseCode}),{InterfaceGuid} | {Result} | {ResponseCode}
1003,0,Information,Microsoft-Windows-HotspotAuth/Operational,Hotspot Authentication,Stop,ut:Authentication,Windows 10,1809,Pro,2020/11/10,17763.1577,Hotspot authentication failed for interface {InterfaceGuid} with status ({Result}) and response code ({ResponseCode}),{InterfaceGuid} | {Result} | {ResponseCode}
1003,0,Information,Microsoft-Windows-HotspotAuth/Operational,Hotspot Authentication,Stop,ut:Authentication,Windows 10,1809,Pro,2020/10/13,17763.1518,Hotspot authentication failed for interface {InterfaceGuid} with status ({Result}) and response code ({ResponseCode}),{InterfaceGuid} | {Result} | {ResponseCode}
1003,0,Information,Microsoft-Windows-HotspotAuth/Operational,Hotspot Authentication,Stop,ut:Authentication,Windows 10,1809,Pro,2020/09/08,17763.1457,Hotspot authentication failed for interface {InterfaceGuid} with status ({Result}) and response code ({ResponseCode}),{InterfaceGuid} | {Result} | {ResponseCode}
1003,0,Information,Microsoft-Windows-HotspotAuth/Operational,Hotspot Authentication,Stop,ut:Authentication,Windows 10,1809,Pro,2020/08/11,17763.1397,Hotspot authentication failed for interface {InterfaceGuid} with status ({Result}) and response code ({ResponseCode}),{InterfaceGuid} | {Result} | {ResponseCode}
1003,0,Information,Microsoft-Windows-HotspotAuth/Operational,Hotspot Authentication,Stop,ut:Authentication,Windows 10,1809,Pro,2020/07/14,17763.1339,Hotspot authentication failed for interface {InterfaceGuid} with status ({Result}) and response code ({ResponseCode}),{InterfaceGuid} | {Result} | {ResponseCode}
1003,0,Information,Microsoft-Windows-HotspotAuth/Operational,Hotspot Authentication,Stop,ut:Authentication,Windows 10,1809,Pro,2020/06/09,17763.1282,Hotspot authentication failed for interface {InterfaceGuid} with status ({Result}) and response code ({ResponseCode}),{InterfaceGuid} | {Result} | {ResponseCode}
1003,0,Information,Microsoft-Windows-HotspotAuth/Operational,Hotspot Authentication,Stop,ut:Authentication,Windows 10,1809,Pro,2020/05/12,17763.1217,Hotspot authentication failed for interface {InterfaceGuid} with status ({Result}) and response code ({ResponseCode}),{InterfaceGuid} | {Result} | {ResponseCode}
1003,0,Information,Microsoft-Windows-HotspotAuth/Operational,Hotspot Authentication,Stop,ut:Authentication,Windows 10,1809,Pro,2020/04/14,17763.1158,Hotspot authentication failed for interface {InterfaceGuid} with status ({Result}) and response code ({ResponseCode}),{InterfaceGuid} | {Result} | {ResponseCode}
1003,0,Information,Microsoft-Windows-HotspotAuth/Operational,Hotspot Authentication,Stop,ut:Authentication,Windows 10,1809,Pro,2020/03/12,17763.1098,Hotspot authentication failed for interface {InterfaceGuid} with status ({Result}) and response code ({ResponseCode}),{InterfaceGuid} | {Result} | {ResponseCode}
1003,0,Information,Microsoft-Windows-HotspotAuth/Operational,Hotspot Authentication,Stop,ut:Authentication,Windows 10,1809,Pro,2018/11/13,17763.107,Hotspot authentication failed for interface {InterfaceGuid} with status ({Result}) and response code ({ResponseCode}),{InterfaceGuid} | {Result} | {ResponseCode}
1003,0,Information,Microsoft-Windows-HotspotAuth/Operational,Hotspot Authentication,Stop,ut:Authentication,Windows 10,1809,Pro,2020/02/11,17763.1039,Hotspot authentication failed for interface {InterfaceGuid} with status ({Result}) and response code ({ResponseCode}),{InterfaceGuid} | {Result} | {ResponseCode}
1003,0,Information,Microsoft-Windows-HotspotAuth/Operational,Hotspot Authentication,Stop,ut:Authentication,Windows 10,1803,Pro,2019/08/13,17134.95,Hotspot authentication failed for interface {InterfaceGuid} with status ({Result}) and response code ({ResponseCode}),{InterfaceGuid} | {Result} | {ResponseCode}
1003,0,Information,Microsoft-Windows-HotspotAuth/Operational,Hotspot Authentication,Stop,ut:Authentication,Windows 10,1803,Pro,2019/07/09,17134.885,Hotspot authentication failed for interface {InterfaceGuid} with status ({Result}) and response code ({ResponseCode}),{InterfaceGuid} | {Result} | {ResponseCode}
1003,0,Information,Microsoft-Windows-HotspotAuth/Operational,Hotspot Authentication,Stop,ut:Authentication,Windows 10,1803,Pro,2019/06/11,17134.829,Hotspot authentication failed for interface {InterfaceGuid} with status ({Result}) and response code ({ResponseCode}),{InterfaceGuid} | {Result} | {ResponseCode}
1003,0,Information,Microsoft-Windows-HotspotAuth/Operational,Hotspot Authentication,Stop,ut:Authentication,Windows 10,1803,Pro,2019/05/19,17134.766,Hotspot authentication failed for interface {InterfaceGuid} with status ({Result}) and response code ({ResponseCode}),{InterfaceGuid} | {Result} | {ResponseCode}
1003,0,Information,Microsoft-Windows-HotspotAuth/Operational,Hotspot Authentication,Stop,ut:Authentication,Windows 10,1803,Pro,2019/04/09,17134.706,Hotspot authentication failed for interface {InterfaceGuid} with status ({Result}) and response code ({ResponseCode}),{InterfaceGuid} | {Result} | {ResponseCode}
1003,0,Information,Microsoft-Windows-HotspotAuth/Operational,Hotspot Authentication,Stop,ut:Authentication,Windows 10,1803,Pro,2019/03/12,17134.648,Hotspot authentication failed for interface {InterfaceGuid} with status ({Result}) and response code ({ResponseCode}),{InterfaceGuid} | {Result} | {ResponseCode}
1003,0,Information,Microsoft-Windows-HotspotAuth/Operational,Hotspot Authentication,Stop,ut:Authentication,Windows 10,1803,Pro,2019/01/08,17134.523,Hotspot authentication failed for interface {InterfaceGuid} with status ({Result}) and response code ({ResponseCode}),{InterfaceGuid} | {Result} | {ResponseCode}
1003,0,Information,Microsoft-Windows-HotspotAuth/Operational,Hotspot Authentication,Stop,ut:Authentication,Windows 10,1803,Pro,2018/09/11,17134.285,Hotspot authentication failed for interface {InterfaceGuid} with status ({Result}) and response code ({ResponseCode}),{InterfaceGuid} | {Result} | {ResponseCode}
1003,0,Information,Microsoft-Windows-HotspotAuth/Operational,Hotspot Authentication,Stop,ut:Authentication,Windows 10,1803,Pro,2018/08/14,17134.228,Hotspot authentication failed for interface {InterfaceGuid} with status ({Result}) and response code ({ResponseCode}),{InterfaceGuid} | {Result} | {ResponseCode}
1003,0,Information,Microsoft-Windows-HotspotAuth/Operational,Hotspot Authentication,Stop,ut:Authentication,Windows 10,1803,Pro,2018/06/12,17134.112,Hotspot authentication failed for interface {InterfaceGuid} with status ({Result}) and response code ({ResponseCode}),{InterfaceGuid} | {Result} | {ResponseCode}
1003,0,Information,Microsoft-Windows-HotspotAuth/Operational,Hotspot Authentication,Stop,ut:Authentication,Windows 10,1803,Pro,2019/09/10,17134.1006,Hotspot authentication failed for interface {InterfaceGuid} with status ({Result}) and response code ({ResponseCode}),{InterfaceGuid} | {Result} | {ResponseCode}
1003,0,Information,Microsoft-Windows-HotspotAuth/Operational,Hotspot Authentication,Stop,ut:Authentication,Windows 10,1803,Pro,1970/01/01,17134.1,Hotspot authentication failed for interface {InterfaceGuid} with status ({Result}) and response code ({ResponseCode}),{InterfaceGuid} | {Result} | {ResponseCode}
1003,0,Information,Microsoft-Windows-HotspotAuth/Operational,Hotspot Authentication,Stop,ut:Authentication,Windows 10,1709,Pro,2017/11/14,16299.64,Hotspot authentication failed for interface {InterfaceGuid} with status ({Result}) and response code ({ResponseCode}),{InterfaceGuid} | {Result} | {ResponseCode}
1003,0,Information,Microsoft-Windows-HotspotAuth/Operational,Hotspot Authentication,Stop,ut:Authentication,Windows 10,1709,Pro,2017/11/14,16299.15,Hotspot authentication failed for interface {InterfaceGuid} with status ({Result}) and response code ({ResponseCode}),{InterfaceGuid} | {Result} | {ResponseCode}
1003,0,Information,Microsoft-Windows-HotspotAuth/Operational,Hotspot Authentication,Stop,ut:Authentication,Windows 10,1709,Pro,2017/12/12,16299.125,Hotspot authentication failed for interface {InterfaceGuid} with status ({Result}) and response code ({ResponseCode}),{InterfaceGuid} | {Result} | {ResponseCode}
1003,0,Information,Microsoft-Windows-HotspotAuth/Operational,Hotspot Authentication,Stop,ut:Authentication,Windows 10,1703,Pro,2017/07/11,15063.483,Hotspot authentication failed for interface {InterfaceGuid} with status ({Result}) and response code ({ResponseCode}),{InterfaceGuid} | {Result} | {ResponseCode}
1003,0,Information,Microsoft-Windows-HotspotAuth/Operational,Hotspot Authentication,Stop,ut:Authentication,Windows 10,1703,Pro,2017/06/13,15063.413,Hotspot authentication failed for interface {InterfaceGuid} with status ({Result}) and response code ({ResponseCode}),{InterfaceGuid} | {Result} | {ResponseCode}
1003,0,Information,Microsoft-Windows-HotspotAuth/Operational,Hotspot Authentication,Stop,ut:Authentication,Windows 10,1703,Pro,2017/03/20,15063.0,Hotspot authentication failed for interface {InterfaceGuid} with status ({Result}) and response code ({ResponseCode}),{InterfaceGuid} | {Result} | {ResponseCode}
1003,0,Information,Microsoft-Windows-HotspotAuth/Operational,Hotspot Authentication,Stop,ut:Authentication,Windows 10,1607,Pro,2016/11/08,14393.447,Hotspot authentication failed for interface {InterfaceGuid} with status ({Result}) and response code ({ResponseCode}),{InterfaceGuid} | {Result} | {ResponseCode}
1003,0,Information,Microsoft-Windows-HotspotAuth/Operational,Hotspot Authentication,Stop,ut:Authentication,Windows 10,1511,Pro,2016/03/08,10586.164,Hotspot authentication failed for interface {InterfaceGuid} with status ({Result}) and response code ({ResponseCode}),{InterfaceGuid} | {Result} | {ResponseCode}
1003,0,Information,Microsoft-Windows-HotspotAuth/Operational,Hotspot Authentication,Stop,ut:Authentication,Windows 10,1511,Enterprise,2016/02/09,10586.104,Hotspot authentication failed for interface {InterfaceGuid} with status ({Result}) and response code ({ResponseCode}),{InterfaceGuid} | {Result} | {ResponseCode}
1003,0,Information,Microsoft-Windows-HotspotAuth/Operational,Hotspot Authentication,Stop,ut:Authentication,Windows 10,1511,Pro,1970/01/01,10586.0,Hotspot authentication failed for interface {InterfaceGuid} with status ({Result}) and response code ({ResponseCode}),{InterfaceGuid} | {Result} | {ResponseCode}
1003,0,Information,Microsoft-Windows-HotspotAuth/Operational,Hotspot Authentication,Stop,ut:Authentication,Windows 10,1507,Pro,2015/07/29,10240.0,Hotspot authentication failed for interface {InterfaceGuid} with status ({Result}) and response code ({ResponseCode}),{InterfaceGuid} | {Result} | {ResponseCode}
1003,0,Information,Microsoft-Windows-HotspotAuth/Operational,Hotspot Authentication,Stop,ut:Authentication,Windows 8.1,8.1,Pro,1970/01/01,9600.0,Hotspot authentication failed for interface {InterfaceGuid} with status ({Result}) and response code ({ResponseCode}),{InterfaceGuid} | {Result} | {ResponseCode}
1003,0,Information,Microsoft-Windows-HotspotAuth/Operational,Hotspot Authentication,Stop,ut:Authentication,Windows 8,8,Pro,1970/01/01,9200.0,Hotspot authentication failed for interface {InterfaceGuid} with status ({Result}) and response code ({ResponseCode}),{InterfaceGuid} | {Result} | {ResponseCode}
1004,0,Information,Microsoft-Windows-HotspotAuth/Operational,Hotspot Authentication,Stop,ut:Authentication,Windows 11,24H2,Pro,2024/10/2,26100.1742,Hotspot authentication has cancelled for interface {InterfaceGuid},{InterfaceGuid}
1004,0,Information,Microsoft-Windows-HotspotAuth/Operational,Hotspot Authentication,Stop,ut:Authentication,Windows 11,22H2,Pro,2022/12/20,22621.963,Hotspot authentication has cancelled for interface {InterfaceGuid},{InterfaceGuid}
1004,0,Information,Microsoft-Windows-HotspotAuth/Operational,Hotspot Authentication,Stop,ut:Authentication,Windows 11,22H2,Pro,2022/11/15,22621.819,Hotspot authentication has cancelled for interface {InterfaceGuid},{InterfaceGuid}
1004,0,Information,Microsoft-Windows-HotspotAuth/Operational,Hotspot Authentication,Stop,ut:Authentication,Windows 11,22H2,Pro,2022/10/18,22621.674,Hotspot authentication has cancelled for interface {InterfaceGuid},{InterfaceGuid}
1004,0,Information,Microsoft-Windows-HotspotAuth/Operational,Hotspot Authentication,Stop,ut:Authentication,Windows 11,22H2,Pro,2022/09/20,22621.382,Hotspot authentication has cancelled for interface {InterfaceGuid},{InterfaceGuid}
1004,0,Information,Microsoft-Windows-HotspotAuth/Operational,Hotspot Authentication,Stop,ut:Authentication,Windows 11,22H2,Pro,2023/03/21,22621.1413,Hotspot authentication has cancelled for interface {InterfaceGuid},{InterfaceGuid}
1004,0,Information,Microsoft-Windows-HotspotAuth/Operational,Hotspot Authentication,Stop,ut:Authentication,Windows 11,22H2,Pro,2023/02/21,22621.1265,Hotspot authentication has cancelled for interface {InterfaceGuid},{InterfaceGuid}
1004,0,Information,Microsoft-Windows-HotspotAuth/Operational,Hotspot Authentication,Stop,ut:Authentication,Windows 11,22H2,Pro,2023/01/17,22621.1105,Hotspot authentication has cancelled for interface {InterfaceGuid},{InterfaceGuid}
1004,0,Information,Microsoft-Windows-HotspotAuth/Operational,Hotspot Authentication,Stop,ut:Authentication,Windows 11,21H2,Pro,2022/09/20,22000.978,Hotspot authentication has cancelled for interface {InterfaceGuid},{InterfaceGuid}
1004,0,Information,Microsoft-Windows-HotspotAuth/Operational,Hotspot Authentication,Stop,ut:Authentication,Windows 11,21H2,Pro,2022/08/16,22000.856,Hotspot authentication has cancelled for interface {InterfaceGuid},{InterfaceGuid}
1004,0,Information,Microsoft-Windows-HotspotAuth/Operational,Hotspot Authentication,Stop,ut:Authentication,Windows 11,21H2,Pro,2022/07/19,22000.795,Hotspot authentication has cancelled for interface {InterfaceGuid},{InterfaceGuid}
1004,0,Information,Microsoft-Windows-HotspotAuth/Operational,Hotspot Authentication,Stop,ut:Authentication,Windows 11,21H2,Pro,2022/06/21,22000.739,Hotspot authentication has cancelled for interface {InterfaceGuid},{InterfaceGuid}
1004,0,Information,Microsoft-Windows-HotspotAuth/Operational,Hotspot Authentication,Stop,ut:Authentication,Windows 11,21H2,Pro,2022/05/17,22000.675,Hotspot authentication has cancelled for interface {InterfaceGuid},{InterfaceGuid}
1004,0,Information,Microsoft-Windows-HotspotAuth/Operational,Hotspot Authentication,Stop,ut:Authentication,Windows 11,21H2,Pro,2022/04/19,22000.613,Hotspot authentication has cancelled for interface {InterfaceGuid},{InterfaceGuid}
1004,0,Information,Microsoft-Windows-HotspotAuth/Operational,Hotspot Authentication,Stop,ut:Authentication,Windows 11,21H2,Pro,2022/03/15,22000.556,Hotspot authentication has cancelled for interface {InterfaceGuid},{InterfaceGuid}
1004,0,Information,Microsoft-Windows-HotspotAuth/Operational,Hotspot Authentication,Stop,ut:Authentication,Windows 11,21H2,Pro,2022/02/15,22000.493,Hotspot authentication has cancelled for interface {InterfaceGuid},{InterfaceGuid}
1004,0,Information,Microsoft-Windows-HotspotAuth/Operational,Hotspot Authentication,Stop,ut:Authentication,Windows 11,21H2,Pro,2022/01/11,22000.434,Hotspot authentication has cancelled for interface {InterfaceGuid},{InterfaceGuid}
1004,0,Information,Microsoft-Windows-HotspotAuth/Operational,Hotspot Authentication,Stop,ut:Authentication,Windows 11,21H2,Pro,2021/12/14,22000.376,Hotspot authentication has cancelled for interface {InterfaceGuid},{InterfaceGuid}
1004,0,Information,Microsoft-Windows-HotspotAuth/Operational,Hotspot Authentication,Stop,ut:Authentication,Windows 11,21H2,Pro,2021/11/09,22000.318,Hotspot authentication has cancelled for interface {InterfaceGuid},{InterfaceGuid}
1004,0,Information,Microsoft-Windows-HotspotAuth/Operational,Hotspot Authentication,Stop,ut:Authentication,Windows 11,21H2,Pro,2021/09/16,22000.194,Hotspot authentication has cancelled for interface {InterfaceGuid},{InterfaceGuid}
1004,0,Information,Microsoft-Windows-HotspotAuth/Operational,Hotspot Authentication,Stop,ut:Authentication,Windows 11,21H2,Pro,2023/03/21,22000.1696,Hotspot authentication has cancelled for interface {InterfaceGuid},{InterfaceGuid}
1004,0,Information,Microsoft-Windows-HotspotAuth/Operational,Hotspot Authentication,Stop,ut:Authentication,Windows 11,21H2,Pro,2023/02/21,22000.1574,Hotspot authentication has cancelled for interface {InterfaceGuid},{InterfaceGuid}
1004,0,Information,Microsoft-Windows-HotspotAuth/Operational,Hotspot Authentication,Stop,ut:Authentication,Windows 11,21H2,Pro,2023/01/17,22000.1455,Hotspot authentication has cancelled for interface {InterfaceGuid},{InterfaceGuid}
1004,0,Information,Microsoft-Windows-HotspotAuth/Operational,Hotspot Authentication,Stop,ut:Authentication,Windows 11,21H2,Pro,2022/12/20,22000.1335,Hotspot authentication has cancelled for interface {InterfaceGuid},{InterfaceGuid}
1004,0,Information,Microsoft-Windows-HotspotAuth/Operational,Hotspot Authentication,Stop,ut:Authentication,Windows 11,21H2,Pro,2022/11/15,22000.1219,Hotspot authentication has cancelled for interface {InterfaceGuid},{InterfaceGuid}
1004,0,Information,Microsoft-Windows-HotspotAuth/Operational,Hotspot Authentication,Stop,ut:Authentication,Windows 11,21H2,Pro,2022/10/18,22000.1098,Hotspot authentication has cancelled for interface {InterfaceGuid},{InterfaceGuid}
1004,0,Information,Microsoft-Windows-HotspotAuth/Operational,Hotspot Authentication,Stop,ut:Authentication,Windows 11,21H2,Pro-Dev,1970/01/01,21996.1,Hotspot authentication has cancelled for interface {InterfaceGuid},{InterfaceGuid}
1004,0,Information,Microsoft-Windows-HotspotAuth/Operational,Hotspot Authentication,Stop,ut:Authentication,Windows 10,22H2,Pro,2023/03/21,19045.2728,Hotspot authentication has cancelled for interface {InterfaceGuid},{InterfaceGuid}
1004,0,Information,Microsoft-Windows-HotspotAuth/Operational,Hotspot Authentication,Stop,ut:Authentication,Windows 10,22H2,Pro,2023/02/21,19045.2604,Hotspot authentication has cancelled for interface {InterfaceGuid},{InterfaceGuid}
1004,0,Information,Microsoft-Windows-HotspotAuth/Operational,Hotspot Authentication,Stop,ut:Authentication,Windows 10,22H2,Pro,2023/01/17,19045.2486,Hotspot authentication has cancelled for interface {InterfaceGuid},{InterfaceGuid}
1004,0,Information,Microsoft-Windows-HotspotAuth/Operational,Hotspot Authentication,Stop,ut:Authentication,Windows 10,22H2,Pro,2022/12/20,19045.2364,Hotspot authentication has cancelled for interface {InterfaceGuid},{InterfaceGuid}
1004,0,Information,Microsoft-Windows-HotspotAuth/Operational,Hotspot Authentication,Stop,ut:Authentication,Windows 10,22H2,Pro,2022/11/15,19045.2251,Hotspot authentication has cancelled for interface {InterfaceGuid},{InterfaceGuid}
1004,0,Information,Microsoft-Windows-HotspotAuth/Operational,Hotspot Authentication,Stop,ut:Authentication,Windows 10,21H2,Pro,2023/03/21,19044.2728,Hotspot authentication has cancelled for interface {InterfaceGuid},{InterfaceGuid}
1004,0,Information,Microsoft-Windows-HotspotAuth/Operational,Hotspot Authentication,Stop,ut:Authentication,Windows 10,21H2,Pro,2023/02/21,19044.2604,Hotspot authentication has cancelled for interface {InterfaceGuid},{InterfaceGuid}
1004,0,Information,Microsoft-Windows-HotspotAuth/Operational,Hotspot Authentication,Stop,ut:Authentication,Windows 10,21H2,Pro,2023/01/17,19044.2486,Hotspot authentication has cancelled for interface {InterfaceGuid},{InterfaceGuid}
1004,0,Information,Microsoft-Windows-HotspotAuth/Operational,Hotspot Authentication,Stop,ut:Authentication,Windows 10,21H2,Pro,2022/12/20,19044.2364,Hotspot authentication has cancelled for interface {InterfaceGuid},{InterfaceGuid}
1004,0,Information,Microsoft-Windows-HotspotAuth/Operational,Hotspot Authentication,Stop,ut:Authentication,Windows 10,21H2,Pro,2022/11/15,19044.2251,Hotspot authentication has cancelled for interface {InterfaceGuid},{InterfaceGuid}
1004,0,Information,Microsoft-Windows-HotspotAuth/Operational,Hotspot Authentication,Stop,ut:Authentication,Windows 10,21H2,Pro,2022/10/18,19044.213,Hotspot authentication has cancelled for interface {InterfaceGuid},{InterfaceGuid}
1004,0,Information,Microsoft-Windows-HotspotAuth/Operational,Hotspot Authentication,Stop,ut:Authentication,Windows 10,21H2,Pro,2022/09/20,19044.2006,Hotspot authentication has cancelled for interface {InterfaceGuid},{InterfaceGuid}
1004,0,Information,Microsoft-Windows-HotspotAuth/Operational,Hotspot Authentication,Stop,ut:Authentication,Windows 10,21H2,Pro,2022/08/16,19044.1889,Hotspot authentication has cancelled for interface {InterfaceGuid},{InterfaceGuid}
1004,0,Information,Microsoft-Windows-HotspotAuth/Operational,Hotspot Authentication,Stop,ut:Authentication,Windows 10,21H2,Pro,2022/07/19,19044.1826,Hotspot authentication has cancelled for interface {InterfaceGuid},{InterfaceGuid}
1004,0,Information,Microsoft-Windows-HotspotAuth/Operational,Hotspot Authentication,Stop,ut:Authentication,Windows 10,21H2,Pro,2022/06/21,19044.1766,Hotspot authentication has cancelled for interface {InterfaceGuid},{InterfaceGuid}
1004,0,Information,Microsoft-Windows-HotspotAuth/Operational,Hotspot Authentication,Stop,ut:Authentication,Windows 10,21H2,Pro,2022/05/17,19044.1706,Hotspot authentication has cancelled for interface {InterfaceGuid},{InterfaceGuid}
1004,0,Information,Microsoft-Windows-HotspotAuth/Operational,Hotspot Authentication,Stop,ut:Authentication,Windows 10,21H2,Pro,2022/04/19,19044.1645,Hotspot authentication has cancelled for interface {InterfaceGuid},{InterfaceGuid}
1004,0,Information,Microsoft-Windows-HotspotAuth/Operational,Hotspot Authentication,Stop,ut:Authentication,Windows 10,21H2,Pro,2022/01/11,19044.1466,Hotspot authentication has cancelled for interface {InterfaceGuid},{InterfaceGuid}
1004,0,Information,Microsoft-Windows-HotspotAuth/Operational,Hotspot Authentication,Stop,ut:Authentication,Windows 10,21H2,Pro,2021/10/12,19044.1288,Hotspot authentication has cancelled for interface {InterfaceGuid},{InterfaceGuid}
1004,0,Information,Microsoft-Windows-HotspotAuth/Operational,Hotspot Authentication,Stop,ut:Authentication,Windows 10,21H1,Pro,2021/04/13,19043.928,Hotspot authentication has cancelled for interface {InterfaceGuid},{InterfaceGuid}
1004,0,Information,Microsoft-Windows-HotspotAuth/Operational,Hotspot Authentication,Stop,ut:Authentication,Windows 10,21H1,Pro,2022/12/20,19043.2364,Hotspot authentication has cancelled for interface {InterfaceGuid},{InterfaceGuid}
1004,0,Information,Microsoft-Windows-HotspotAuth/Operational,Hotspot Authentication,Stop,ut:Authentication,Windows 10,21H1,Pro,2022/11/15,19043.2251,Hotspot authentication has cancelled for interface {InterfaceGuid},{InterfaceGuid}
1004,0,Information,Microsoft-Windows-HotspotAuth/Operational,Hotspot Authentication,Stop,ut:Authentication,Windows 10,21H1,Pro,2022/10/18,19043.213,Hotspot authentication has cancelled for interface {InterfaceGuid},{InterfaceGuid}
1004,0,Information,Microsoft-Windows-HotspotAuth/Operational,Hotspot Authentication,Stop,ut:Authentication,Windows 10,21H1,Pro,2022/09/20,19043.2006,Hotspot authentication has cancelled for interface {InterfaceGuid},{InterfaceGuid}
1004,0,Information,Microsoft-Windows-HotspotAuth/Operational,Hotspot Authentication,Stop,ut:Authentication,Windows 10,21H1,Pro,2022/08/16,19043.1889,Hotspot authentication has cancelled for interface {InterfaceGuid},{InterfaceGuid}
1004,0,Information,Microsoft-Windows-HotspotAuth/Operational,Hotspot Authentication,Stop,ut:Authentication,Windows 10,21H1,Pro,2022/07/19,19043.1826,Hotspot authentication has cancelled for interface {InterfaceGuid},{InterfaceGuid}
1004,0,Information,Microsoft-Windows-HotspotAuth/Operational,Hotspot Authentication,Stop,ut:Authentication,Windows 10,21H1,Pro,2022/06/21,19043.1766,Hotspot authentication has cancelled for interface {InterfaceGuid},{InterfaceGuid}
1004,0,Information,Microsoft-Windows-HotspotAuth/Operational,Hotspot Authentication,Stop,ut:Authentication,Windows 10,21H1,Pro,2022/05/17,19043.1706,Hotspot authentication has cancelled for interface {InterfaceGuid},{InterfaceGuid}
1004,0,Information,Microsoft-Windows-HotspotAuth/Operational,Hotspot Authentication,Stop,ut:Authentication,Windows 10,21H1,Pro,2022/04/19,19043.1645,Hotspot authentication has cancelled for interface {InterfaceGuid},{InterfaceGuid}
1004,0,Information,Microsoft-Windows-HotspotAuth/Operational,Hotspot Authentication,Stop,ut:Authentication,Windows 10,21H1,Pro,2022/01/11,19043.1466,Hotspot authentication has cancelled for interface {InterfaceGuid},{InterfaceGuid}
1004,0,Information,Microsoft-Windows-HotspotAuth/Operational,Hotspot Authentication,Stop,ut:Authentication,Windows 10,21H1,Pro,2021/12/14,19043.1415,Hotspot authentication has cancelled for interface {InterfaceGuid},{InterfaceGuid}
1004,0,Information,Microsoft-Windows-HotspotAuth/Operational,Hotspot Authentication,Stop,ut:Authentication,Windows 10,21H2,Pro,2021/12/14,19043.1415,Hotspot authentication has cancelled for interface {InterfaceGuid},{InterfaceGuid}
1004,0,Information,Microsoft-Windows-HotspotAuth/Operational,Hotspot Authentication,Stop,ut:Authentication,Windows 10,21H1,Pro,2021/11/09,19043.1348,Hotspot authentication has cancelled for interface {InterfaceGuid},{InterfaceGuid}
1004,0,Information,Microsoft-Windows-HotspotAuth/Operational,Hotspot Authentication,Stop,ut:Authentication,Windows 10,21H1,Pro,2021/10/12,19043.1288,Hotspot authentication has cancelled for interface {InterfaceGuid},{InterfaceGuid}
1004,0,Information,Microsoft-Windows-HotspotAuth/Operational,Hotspot Authentication,Stop,ut:Authentication,Windows 10,21H1,Pro,2021/09/14,19043.1237,Hotspot authentication has cancelled for interface {InterfaceGuid},{InterfaceGuid}
1004,0,Information,Microsoft-Windows-HotspotAuth/Operational,Hotspot Authentication,Stop,ut:Authentication,Windows 10,21H1,Pro,2021/08/10,19043.1165,Hotspot authentication has cancelled for interface {InterfaceGuid},{InterfaceGuid}
1004,0,Information,Microsoft-Windows-HotspotAuth/Operational,Hotspot Authentication,Stop,ut:Authentication,Windows 10,21H1,Pro,2021/07/13,19043.111,Hotspot authentication has cancelled for interface {InterfaceGuid},{InterfaceGuid}
1004,0,Information,Microsoft-Windows-HotspotAuth/Operational,Hotspot Authentication,Stop,ut:Authentication,Windows 10,21H1,Pro,2021/06/08,19043.1052,Hotspot authentication has cancelled for interface {InterfaceGuid},{InterfaceGuid}
1004,0,Information,Microsoft-Windows-HotspotAuth/Operational,Hotspot Authentication,Stop,ut:Authentication,Windows 10,20H2,Pro,2022/04/19,19042.1645,Hotspot authentication has cancelled for interface {InterfaceGuid},{InterfaceGuid}
1004,0,Information,Microsoft-Windows-HotspotAuth/Operational,Hotspot Authentication,Stop,ut:Authentication,Windows 10,20H2,Pro,2022/01/11,19042.1466,Hotspot authentication has cancelled for interface {InterfaceGuid},{InterfaceGuid}
1004,0,Information,Microsoft-Windows-HotspotAuth/Operational,Hotspot Authentication,Stop,ut:Authentication,Windows 10,2004,Pro,2021/05/11,19041.985,Hotspot authentication has cancelled for interface {InterfaceGuid},{InterfaceGuid}
1004,0,Information,Microsoft-Windows-HotspotAuth/Operational,Hotspot Authentication,Stop,ut:Authentication,Windows 10,20H2,Pro,2021/05/11,19041.985,Hotspot authentication has cancelled for interface {InterfaceGuid},{InterfaceGuid}
1004,0,Information,Microsoft-Windows-HotspotAuth/Operational,Hotspot Authentication,Stop,ut:Authentication,Windows 10,2004,Pro,2021/04/13,19041.928,Hotspot authentication has cancelled for interface {InterfaceGuid},{InterfaceGuid}
1004,0,Information,Microsoft-Windows-HotspotAuth/Operational,Hotspot Authentication,Stop,ut:Authentication,Windows 10,20H2,Pro,2021/04/13,19041.928,Hotspot authentication has cancelled for interface {InterfaceGuid},{InterfaceGuid}
1004,0,Information,Microsoft-Windows-HotspotAuth/Operational,Hotspot Authentication,Stop,ut:Authentication,Windows 10,2004,Pro,2021/03/09,19041.867,Hotspot authentication has cancelled for interface {InterfaceGuid},{InterfaceGuid}
1004,0,Information,Microsoft-Windows-HotspotAuth/Operational,Hotspot Authentication,Stop,ut:Authentication,Windows 10,20H2,Pro,2021/03/09,19041.867,Hotspot authentication has cancelled for interface {InterfaceGuid},{InterfaceGuid}
1004,0,Information,Microsoft-Windows-HotspotAuth/Operational,Hotspot Authentication,Stop,ut:Authentication,Windows 10,2004,Pro,2021/02/09,19041.804,Hotspot authentication has cancelled for interface {InterfaceGuid},{InterfaceGuid}
1004,0,Information,Microsoft-Windows-HotspotAuth/Operational,Hotspot Authentication,Stop,ut:Authentication,Windows 10,20H2,Pro,2021/02/09,19041.804,Hotspot authentication has cancelled for interface {InterfaceGuid},{InterfaceGuid}
1004,0,Information,Microsoft-Windows-HotspotAuth/Operational,Hotspot Authentication,Stop,ut:Authentication,Windows 10,2004,Pro,2021/01/12,19041.746,Hotspot authentication has cancelled for interface {InterfaceGuid},{InterfaceGuid}
1004,0,Information,Microsoft-Windows-HotspotAuth/Operational,Hotspot Authentication,Stop,ut:Authentication,Windows 10,20H2,Pro,2021/01/12,19041.746,Hotspot authentication has cancelled for interface {InterfaceGuid},{InterfaceGuid}
1004,0,Information,Microsoft-Windows-HotspotAuth/Operational,Hotspot Authentication,Stop,ut:Authentication,Windows 10,2004,Pro,2020/12/08,19041.685,Hotspot authentication has cancelled for interface {InterfaceGuid},{InterfaceGuid}
1004,0,Information,Microsoft-Windows-HotspotAuth/Operational,Hotspot Authentication,Stop,ut:Authentication,Windows 10,20H2,Pro,2020/12/08,19041.685,Hotspot authentication has cancelled for interface {InterfaceGuid},{InterfaceGuid}
1004,0,Information,Microsoft-Windows-HotspotAuth/Operational,Hotspot Authentication,Stop,ut:Authentication,Windows 10,20H2,Pro,2020/11/19,19041.631,Hotspot authentication has cancelled for interface {InterfaceGuid},{InterfaceGuid}
1004,0,Information,Microsoft-Windows-HotspotAuth/Operational,Hotspot Authentication,Stop,ut:Authentication,Windows 10,2004,Pro,2020/11/10,19041.63,Hotspot authentication has cancelled for interface {InterfaceGuid},{InterfaceGuid}
1004,0,Information,Microsoft-Windows-HotspotAuth/Operational,Hotspot Authentication,Stop,ut:Authentication,Windows 10,2004,Pro,2020/10/13,19041.572,Hotspot authentication has cancelled for interface {InterfaceGuid},{InterfaceGuid}
1004,0,Information,Microsoft-Windows-HotspotAuth/Operational,Hotspot Authentication,Stop,ut:Authentication,Windows 10,2004,Pro,2020/09/08,19041.508,Hotspot authentication has cancelled for interface {InterfaceGuid},{InterfaceGuid}
1004,0,Information,Microsoft-Windows-HotspotAuth/Operational,Hotspot Authentication,Stop,ut:Authentication,Windows 10,2004,Pro,2020/08/11,19041.45,Hotspot authentication has cancelled for interface {InterfaceGuid},{InterfaceGuid}
1004,0,Information,Microsoft-Windows-HotspotAuth/Operational,Hotspot Authentication,Stop,ut:Authentication,Windows 10,2004,Pro,2020/07/14,19041.388,Hotspot authentication has cancelled for interface {InterfaceGuid},{InterfaceGuid}
1004,0,Information,Microsoft-Windows-HotspotAuth/Operational,Hotspot Authentication,Stop,ut:Authentication,Windows 10,2004,Pro,2020/06/09,19041.329,Hotspot authentication has cancelled for interface {InterfaceGuid},{InterfaceGuid}
1004,0,Information,Microsoft-Windows-HotspotAuth/Operational,Hotspot Authentication,Stop,ut:Authentication,Windows 10,2004,Pro,2020/05/27,19041.264,Hotspot authentication has cancelled for interface {InterfaceGuid},{InterfaceGuid}
1004,0,Information,Microsoft-Windows-HotspotAuth/Operational,Hotspot Authentication,Stop,ut:Authentication,Windows 10,2004,Pro,2020/04/16,19041.208,Hotspot authentication has cancelled for interface {InterfaceGuid},{InterfaceGuid}
1004,0,Information,Microsoft-Windows-HotspotAuth/Operational,Hotspot Authentication,Stop,ut:Authentication,Windows 10,21H1,Pro,2022/03/15,19041.1586,Hotspot authentication has cancelled for interface {InterfaceGuid},{InterfaceGuid}
1004,0,Information,Microsoft-Windows-HotspotAuth/Operational,Hotspot Authentication,Stop,ut:Authentication,Windows 10,20H2,Pro,2022/03/15,19041.1586,Hotspot authentication has cancelled for interface {InterfaceGuid},{InterfaceGuid}
1004,0,Information,Microsoft-Windows-HotspotAuth/Operational,Hotspot Authentication,Stop,ut:Authentication,Windows 10,21H2,Pro,2022/03/15,19041.1586,Hotspot authentication has cancelled for interface {InterfaceGuid},{InterfaceGuid}
1004,0,Information,Microsoft-Windows-HotspotAuth/Operational,Hotspot Authentication,Stop,ut:Authentication,Windows 10,21H1,Pro,2022/02/15,19041.1526,Hotspot authentication has cancelled for interface {InterfaceGuid},{InterfaceGuid}
1004,0,Information,Microsoft-Windows-HotspotAuth/Operational,Hotspot Authentication,Stop,ut:Authentication,Windows 10,20H2,Pro,2022/02/15,19041.1526,Hotspot authentication has cancelled for interface {InterfaceGuid},{InterfaceGuid}
1004,0,Information,Microsoft-Windows-HotspotAuth/Operational,Hotspot Authentication,Stop,ut:Authentication,Windows 10,21H2,Pro,2022/02/15,19041.1526,Hotspot authentication has cancelled for interface {InterfaceGuid},{InterfaceGuid}
1004,0,Information,Microsoft-Windows-HotspotAuth/Operational,Hotspot Authentication,Stop,ut:Authentication,Windows 10,20H2,Pro,2021/12/14,19041.1415,Hotspot authentication has cancelled for interface {InterfaceGuid},{InterfaceGuid}
1004,0,Information,Microsoft-Windows-HotspotAuth/Operational,Hotspot Authentication,Stop,ut:Authentication,Windows 10,2004,Pro,2021/11/09,19041.1348,Hotspot authentication has cancelled for interface {InterfaceGuid},{InterfaceGuid}
1004,0,Information,Microsoft-Windows-HotspotAuth/Operational,Hotspot Authentication,Stop,ut:Authentication,Windows 10,20H2,Pro,2021/11/09,19041.1348,Hotspot authentication has cancelled for interface {InterfaceGuid},{InterfaceGuid}
1004,0,Information,Microsoft-Windows-HotspotAuth/Operational,Hotspot Authentication,Stop,ut:Authentication,Windows 10,2004,Pro,2021/10/12,19041.1288,Hotspot authentication has cancelled for interface {InterfaceGuid},{InterfaceGuid}
1004,0,Information,Microsoft-Windows-HotspotAuth/Operational,Hotspot Authentication,Stop,ut:Authentication,Windows 10,20H2,Pro,2021/10/12,19041.1288,Hotspot authentication has cancelled for interface {InterfaceGuid},{InterfaceGuid}
1004,0,Information,Microsoft-Windows-HotspotAuth/Operational,Hotspot Authentication,Stop,ut:Authentication,Windows 10,2004,Pro,2021/09/14,19041.1237,Hotspot authentication has cancelled for interface {InterfaceGuid},{InterfaceGuid}
1004,0,Information,Microsoft-Windows-HotspotAuth/Operational,Hotspot Authentication,Stop,ut:Authentication,Windows 10,20H2,Pro,2021/09/14,19041.1237,Hotspot authentication has cancelled for interface {InterfaceGuid},{InterfaceGuid}
1004,0,Information,Microsoft-Windows-HotspotAuth/Operational,Hotspot Authentication,Stop,ut:Authentication,Windows 10,2004,Pro,2021/08/10,19041.1165,Hotspot authentication has cancelled for interface {InterfaceGuid},{InterfaceGuid}
1004,0,Information,Microsoft-Windows-HotspotAuth/Operational,Hotspot Authentication,Stop,ut:Authentication,Windows 10,20H2,Pro,2021/08/10,19041.1165,Hotspot authentication has cancelled for interface {InterfaceGuid},{InterfaceGuid}
1004,0,Information,Microsoft-Windows-HotspotAuth/Operational,Hotspot Authentication,Stop,ut:Authentication,Windows 10,2004,Pro,2021/07/13,19041.111,Hotspot authentication has cancelled for interface {InterfaceGuid},{InterfaceGuid}
1004,0,Information,Microsoft-Windows-HotspotAuth/Operational,Hotspot Authentication,Stop,ut:Authentication,Windows 10,20H2,Pro,2021/07/13,19041.111,Hotspot authentication has cancelled for interface {InterfaceGuid},{InterfaceGuid}
1004,0,Information,Microsoft-Windows-HotspotAuth/Operational,Hotspot Authentication,Stop,ut:Authentication,Windows 10,2004,Pro,2021/06/08,19041.1052,Hotspot authentication has cancelled for interface {InterfaceGuid},{InterfaceGuid}
1004,0,Information,Microsoft-Windows-HotspotAuth/Operational,Hotspot Authentication,Stop,ut:Authentication,Windows 10,20H2,Pro,2021/06/08,19041.1052,Hotspot authentication has cancelled for interface {InterfaceGuid},{InterfaceGuid}
1004,0,Information,Microsoft-Windows-HotspotAuth/Operational,Hotspot Authentication,Stop,ut:Authentication,Windows 10,1909,Pro,2020/07/14,18363.959,Hotspot authentication has cancelled for interface {InterfaceGuid},{InterfaceGuid}
1004,0,Information,Microsoft-Windows-HotspotAuth/Operational,Hotspot Authentication,Stop,ut:Authentication,Windows 10,1909,Pro,2020/06/09,18363.9,Hotspot authentication has cancelled for interface {InterfaceGuid},{InterfaceGuid}
1004,0,Information,Microsoft-Windows-HotspotAuth/Operational,Hotspot Authentication,Stop,ut:Authentication,Windows 10,1909,Pro,2020/05/12,18363.836,Hotspot authentication has cancelled for interface {InterfaceGuid},{InterfaceGuid}
1004,0,Information,Microsoft-Windows-HotspotAuth/Operational,Hotspot Authentication,Stop,ut:Authentication,Windows 10,1909,Pro,2020/04/14,18363.778,Hotspot authentication has cancelled for interface {InterfaceGuid},{InterfaceGuid}
1004,0,Information,Microsoft-Windows-HotspotAuth/Operational,Hotspot Authentication,Stop,ut:Authentication,Windows 10,1909,Pro,2020/03/12,18363.72,Hotspot authentication has cancelled for interface {InterfaceGuid},{InterfaceGuid}
1004,0,Information,Microsoft-Windows-HotspotAuth/Operational,Hotspot Authentication,Stop,ut:Authentication,Windows 10,1909,Pro,2020/02/11,18363.657,Hotspot authentication has cancelled for interface {InterfaceGuid},{InterfaceGuid}
1004,0,Information,Microsoft-Windows-HotspotAuth/Operational,Hotspot Authentication,Stop,ut:Authentication,Windows 10,1909,Pro,2020/01/14,18363.592,Hotspot authentication has cancelled for interface {InterfaceGuid},{InterfaceGuid}
1004,0,Information,Microsoft-Windows-HotspotAuth/Operational,Hotspot Authentication,Stop,ut:Authentication,Windows 10,1909,Pro,2019/12/10,18363.535,Hotspot authentication has cancelled for interface {InterfaceGuid},{InterfaceGuid}
1004,0,Information,Microsoft-Windows-HotspotAuth/Operational,Hotspot Authentication,Stop,ut:Authentication,Windows 10,1909,Pro,2019/10/05,18363.418,Hotspot authentication has cancelled for interface {InterfaceGuid},{InterfaceGuid}
1004,0,Information,Microsoft-Windows-HotspotAuth/Operational,Hotspot Authentication,Stop,ut:Authentication,Windows 10,1909,Pro,2021/06/08,18363.1621,Hotspot authentication has cancelled for interface {InterfaceGuid},{InterfaceGuid}
1004,0,Information,Microsoft-Windows-HotspotAuth/Operational,Hotspot Authentication,Stop,ut:Authentication,Windows 10,1909,Pro,2021/05/11,18363.1556,Hotspot authentication has cancelled for interface {InterfaceGuid},{InterfaceGuid}
1004,0,Information,Microsoft-Windows-HotspotAuth/Operational,Hotspot Authentication,Stop,ut:Authentication,Windows 10,1909,Pro,2021/04/13,18363.15,Hotspot authentication has cancelled for interface {InterfaceGuid},{InterfaceGuid}
1004,0,Information,Microsoft-Windows-HotspotAuth/Operational,Hotspot Authentication,Stop,ut:Authentication,Windows 10,1909,Pro,2021/03/09,18363.144,Hotspot authentication has cancelled for interface {InterfaceGuid},{InterfaceGuid}
1004,0,Information,Microsoft-Windows-HotspotAuth/Operational,Hotspot Authentication,Stop,ut:Authentication,Windows 10,1909,Pro,2021/02/11,18363.1379,Hotspot authentication has cancelled for interface {InterfaceGuid},{InterfaceGuid}
1004,0,Information,Microsoft-Windows-HotspotAuth/Operational,Hotspot Authentication,Stop,ut:Authentication,Windows 10,1909,Pro,2021/01/12,18363.1316,Hotspot authentication has cancelled for interface {InterfaceGuid},{InterfaceGuid}
1004,0,Information,Microsoft-Windows-HotspotAuth/Operational,Hotspot Authentication,Stop,ut:Authentication,Windows 10,1909,Pro,2020/12/08,18363.1256,Hotspot authentication has cancelled for interface {InterfaceGuid},{InterfaceGuid}
1004,0,Information,Microsoft-Windows-HotspotAuth/Operational,Hotspot Authentication,Stop,ut:Authentication,Windows 10,1909,Pro,2020/11/10,18363.1198,Hotspot authentication has cancelled for interface {InterfaceGuid},{InterfaceGuid}
1004,0,Information,Microsoft-Windows-HotspotAuth/Operational,Hotspot Authentication,Stop,ut:Authentication,Windows 10,1909,Pro,2020/10/13,18363.1139,Hotspot authentication has cancelled for interface {InterfaceGuid},{InterfaceGuid}
1004,0,Information,Microsoft-Windows-HotspotAuth/Operational,Hotspot Authentication,Stop,ut:Authentication,Windows 10,1909,Pro,2020/09/08,18363.1082,Hotspot authentication has cancelled for interface {InterfaceGuid},{InterfaceGuid}
1004,0,Information,Microsoft-Windows-HotspotAuth/Operational,Hotspot Authentication,Stop,ut:Authentication,Windows 10,1909,Pro,2020/08/11,18363.1016,Hotspot authentication has cancelled for interface {InterfaceGuid},{InterfaceGuid}
1004,0,Information,Microsoft-Windows-HotspotAuth/Operational,Hotspot Authentication,Stop,ut:Authentication,Windows 10,1903,Pro,2020/07/14,18362.959,Hotspot authentication has cancelled for interface {InterfaceGuid},{InterfaceGuid}
1004,0,Information,Microsoft-Windows-HotspotAuth/Operational,Hotspot Authentication,Stop,ut:Authentication,Windows 10,1903,Pro,2020/05/12,18362.836,Hotspot authentication has cancelled for interface {InterfaceGuid},{InterfaceGuid}
1004,0,Information,Microsoft-Windows-HotspotAuth/Operational,Hotspot Authentication,Stop,ut:Authentication,Windows 10,1903,Pro,2020/03/12,18362.72,Hotspot authentication has cancelled for interface {InterfaceGuid},{InterfaceGuid}
1004,0,Information,Microsoft-Windows-HotspotAuth/Operational,Hotspot Authentication,Stop,ut:Authentication,Windows 10,1903,Pro,2020/02/11,18362.657,Hotspot authentication has cancelled for interface {InterfaceGuid},{InterfaceGuid}
1004,0,Information,Microsoft-Windows-HotspotAuth/Operational,Hotspot Authentication,Stop,ut:Authentication,Windows 10,1903,Pro,2019/12/10,18362.535,Hotspot authentication has cancelled for interface {InterfaceGuid},{InterfaceGuid}
1004,0,Information,Microsoft-Windows-HotspotAuth/Operational,Hotspot Authentication,Stop,ut:Authentication,Windows 10,1903,Pro,2019/11/12,18362.476,Hotspot authentication has cancelled for interface {InterfaceGuid},{InterfaceGuid}
1004,0,Information,Microsoft-Windows-HotspotAuth/Operational,Hotspot Authentication,Stop,ut:Authentication,Windows 10,1903,Pro,2019/09/10,18362.356,Hotspot authentication has cancelled for interface {InterfaceGuid},{InterfaceGuid}
1004,0,Information,Microsoft-Windows-HotspotAuth/Operational,Hotspot Authentication,Stop,ut:Authentication,Windows 10,1903,Pro,2019/03/29,18362.3,Hotspot authentication has cancelled for interface {InterfaceGuid},{InterfaceGuid}
1004,0,Information,Microsoft-Windows-HotspotAuth/Operational,Hotspot Authentication,Stop,ut:Authentication,Windows 10,1903,Pro,2019/07/09,18362.239,Hotspot authentication has cancelled for interface {InterfaceGuid},{InterfaceGuid}
1004,0,Information,Microsoft-Windows-HotspotAuth/Operational,Hotspot Authentication,Stop,ut:Authentication,Windows 10,1903,Pro,2019/06/11,18362.175,Hotspot authentication has cancelled for interface {InterfaceGuid},{InterfaceGuid}
1004,0,Information,Microsoft-Windows-HotspotAuth/Operational,Hotspot Authentication,Stop,ut:Authentication,Windows 10,1903,Pro,2020/12/08,18362.1256,Hotspot authentication has cancelled for interface {InterfaceGuid},{InterfaceGuid}
1004,0,Information,Microsoft-Windows-HotspotAuth/Operational,Hotspot Authentication,Stop,ut:Authentication,Windows 10,1903,Pro,2020/11/10,18362.1198,Hotspot authentication has cancelled for interface {InterfaceGuid},{InterfaceGuid}
1004,0,Information,Microsoft-Windows-HotspotAuth/Operational,Hotspot Authentication,Stop,ut:Authentication,Windows 10,1903,Pro,2020/10/13,18362.1139,Hotspot authentication has cancelled for interface {InterfaceGuid},{InterfaceGuid}
1004,0,Information,Microsoft-Windows-HotspotAuth/Operational,Hotspot Authentication,Stop,ut:Authentication,Windows 10,1903,Pro,2020/09/08,18362.1082,Hotspot authentication has cancelled for interface {InterfaceGuid},{InterfaceGuid}
1004,0,Information,Microsoft-Windows-HotspotAuth/Operational,Hotspot Authentication,Stop,ut:Authentication,Windows 10,1903,Pro,2019/12/10,18362.1016,Hotspot authentication has cancelled for interface {InterfaceGuid},{InterfaceGuid}
1004,0,Information,Microsoft-Windows-HotspotAuth/Operational,Hotspot Authentication,Stop,ut:Authentication,Windows 10,1809,Pro,2020/01/14,17763.973,Hotspot authentication has cancelled for interface {InterfaceGuid},{InterfaceGuid}
1004,0,Information,Microsoft-Windows-HotspotAuth/Operational,Hotspot Authentication,Stop,ut:Authentication,Windows 10,1809,Pro,2019/12/10,17763.914,Hotspot authentication has cancelled for interface {InterfaceGuid},{InterfaceGuid}
1004,0,Information,Microsoft-Windows-HotspotAuth/Operational,Hotspot Authentication,Stop,ut:Authentication,Windows 10,1809,Pro,2019/11/12,17763.864,Hotspot authentication has cancelled for interface {InterfaceGuid},{InterfaceGuid}
1004,0,Information,Microsoft-Windows-HotspotAuth/Operational,Hotspot Authentication,Stop,ut:Authentication,Windows 10,1809,Pro,2019/10/08,17763.805,Hotspot authentication has cancelled for interface {InterfaceGuid},{InterfaceGuid}
1004,0,Information,Microsoft-Windows-HotspotAuth/Operational,Hotspot Authentication,Stop,ut:Authentication,Windows 10,1809,Pro,2019/09/10,17763.737,Hotspot authentication has cancelled for interface {InterfaceGuid},{InterfaceGuid}
1004,0,Information,Microsoft-Windows-HotspotAuth/Operational,Hotspot Authentication,Stop,ut:Authentication,Windows 10,1809,Pro,2019/08/13,17763.678,Hotspot authentication has cancelled for interface {InterfaceGuid},{InterfaceGuid}
1004,0,Information,Microsoft-Windows-HotspotAuth/Operational,Hotspot Authentication,Stop,ut:Authentication,Windows 10,1809,Pro,2019/07/09,17763.615,Hotspot authentication has cancelled for interface {InterfaceGuid},{InterfaceGuid}
1004,0,Information,Microsoft-Windows-HotspotAuth/Operational,Hotspot Authentication,Stop,ut:Authentication,Windows 10,1809,Pro,2019/06/11,17763.557,Hotspot authentication has cancelled for interface {InterfaceGuid},{InterfaceGuid}
1004,0,Information,Microsoft-Windows-HotspotAuth/Operational,Hotspot Authentication,Stop,ut:Authentication,Windows 10,1809,Pro,2019/05/19,17763.504,Hotspot authentication has cancelled for interface {InterfaceGuid},{InterfaceGuid}
1004,0,Information,Microsoft-Windows-HotspotAuth/Operational,Hotspot Authentication,Stop,ut:Authentication,Windows 10,1809,Pro,2019/04/09,17763.437,Hotspot authentication has cancelled for interface {InterfaceGuid},{InterfaceGuid}
1004,0,Information,Microsoft-Windows-HotspotAuth/Operational,Hotspot Authentication,Stop,ut:Authentication,Windows 10,1809,Pro,2019/03/12,17763.379,Hotspot authentication has cancelled for interface {InterfaceGuid},{InterfaceGuid}
1004,0,Information,Microsoft-Windows-HotspotAuth/Operational,Hotspot Authentication,Stop,ut:Authentication,Windows 10,1809,Pro,2019/02/12,17763.316,Hotspot authentication has cancelled for interface {InterfaceGuid},{InterfaceGuid}
1004,0,Information,Microsoft-Windows-HotspotAuth/Operational,Hotspot Authentication,Stop,ut:Authentication,Windows 10,1803,Pro,2019/01/08,17763.253,Hotspot authentication has cancelled for interface {InterfaceGuid},{InterfaceGuid}
1004,0,Information,Microsoft-Windows-HotspotAuth/Operational,Hotspot Authentication,Stop,ut:Authentication,Windows 10,1809,Pro,2018/12/11,17763.194,Hotspot authentication has cancelled for interface {InterfaceGuid},{InterfaceGuid}
1004,0,Information,Microsoft-Windows-HotspotAuth/Operational,Hotspot Authentication,Stop,ut:Authentication,Windows 10,1809,Pro,2020/11/10,17763.1577,Hotspot authentication has cancelled for interface {InterfaceGuid},{InterfaceGuid}
1004,0,Information,Microsoft-Windows-HotspotAuth/Operational,Hotspot Authentication,Stop,ut:Authentication,Windows 10,1809,Pro,2020/10/13,17763.1518,Hotspot authentication has cancelled for interface {InterfaceGuid},{InterfaceGuid}
1004,0,Information,Microsoft-Windows-HotspotAuth/Operational,Hotspot Authentication,Stop,ut:Authentication,Windows 10,1809,Pro,2020/09/08,17763.1457,Hotspot authentication has cancelled for interface {InterfaceGuid},{InterfaceGuid}
1004,0,Information,Microsoft-Windows-HotspotAuth/Operational,Hotspot Authentication,Stop,ut:Authentication,Windows 10,1809,Pro,2020/08/11,17763.1397,Hotspot authentication has cancelled for interface {InterfaceGuid},{InterfaceGuid}
1004,0,Information,Microsoft-Windows-HotspotAuth/Operational,Hotspot Authentication,Stop,ut:Authentication,Windows 10,1809,Pro,2020/07/14,17763.1339,Hotspot authentication has cancelled for interface {InterfaceGuid},{InterfaceGuid}
1004,0,Information,Microsoft-Windows-HotspotAuth/Operational,Hotspot Authentication,Stop,ut:Authentication,Windows 10,1809,Pro,2020/06/09,17763.1282,Hotspot authentication has cancelled for interface {InterfaceGuid},{InterfaceGuid}
1004,0,Information,Microsoft-Windows-HotspotAuth/Operational,Hotspot Authentication,Stop,ut:Authentication,Windows 10,1809,Pro,2020/05/12,17763.1217,Hotspot authentication has cancelled for interface {InterfaceGuid},{InterfaceGuid}
1004,0,Information,Microsoft-Windows-HotspotAuth/Operational,Hotspot Authentication,Stop,ut:Authentication,Windows 10,1809,Pro,2020/04/14,17763.1158,Hotspot authentication has cancelled for interface {InterfaceGuid},{InterfaceGuid}
1004,0,Information,Microsoft-Windows-HotspotAuth/Operational,Hotspot Authentication,Stop,ut:Authentication,Windows 10,1809,Pro,2020/03/12,17763.1098,Hotspot authentication has cancelled for interface {InterfaceGuid},{InterfaceGuid}
1004,0,Information,Microsoft-Windows-HotspotAuth/Operational,Hotspot Authentication,Stop,ut:Authentication,Windows 10,1809,Pro,2018/11/13,17763.107,Hotspot authentication has cancelled for interface {InterfaceGuid},{InterfaceGuid}
1004,0,Information,Microsoft-Windows-HotspotAuth/Operational,Hotspot Authentication,Stop,ut:Authentication,Windows 10,1809,Pro,2020/02/11,17763.1039,Hotspot authentication has cancelled for interface {InterfaceGuid},{InterfaceGuid}
1004,0,Information,Microsoft-Windows-HotspotAuth/Operational,Hotspot Authentication,Stop,ut:Authentication,Windows 10,1803,Pro,2019/08/13,17134.95,Hotspot authentication has cancelled for interface {InterfaceGuid},{InterfaceGuid}
1004,0,Information,Microsoft-Windows-HotspotAuth/Operational,Hotspot Authentication,Stop,ut:Authentication,Windows 10,1803,Pro,2019/07/09,17134.885,Hotspot authentication has cancelled for interface {InterfaceGuid},{InterfaceGuid}
1004,0,Information,Microsoft-Windows-HotspotAuth/Operational,Hotspot Authentication,Stop,ut:Authentication,Windows 10,1803,Pro,2019/06/11,17134.829,Hotspot authentication has cancelled for interface {InterfaceGuid},{InterfaceGuid}
1004,0,Information,Microsoft-Windows-HotspotAuth/Operational,Hotspot Authentication,Stop,ut:Authentication,Windows 10,1803,Pro,2019/05/19,17134.766,Hotspot authentication has cancelled for interface {InterfaceGuid},{InterfaceGuid}
1004,0,Information,Microsoft-Windows-HotspotAuth/Operational,Hotspot Authentication,Stop,ut:Authentication,Windows 10,1803,Pro,2019/04/09,17134.706,Hotspot authentication has cancelled for interface {InterfaceGuid},{InterfaceGuid}
1004,0,Information,Microsoft-Windows-HotspotAuth/Operational,Hotspot Authentication,Stop,ut:Authentication,Windows 10,1803,Pro,2019/03/12,17134.648,Hotspot authentication has cancelled for interface {InterfaceGuid},{InterfaceGuid}
1004,0,Information,Microsoft-Windows-HotspotAuth/Operational,Hotspot Authentication,Stop,ut:Authentication,Windows 10,1803,Pro,2019/01/08,17134.523,Hotspot authentication has cancelled for interface {InterfaceGuid},{InterfaceGuid}
1004,0,Information,Microsoft-Windows-HotspotAuth/Operational,Hotspot Authentication,Stop,ut:Authentication,Windows 10,1803,Pro,2018/09/11,17134.285,Hotspot authentication has cancelled for interface {InterfaceGuid},{InterfaceGuid}
1004,0,Information,Microsoft-Windows-HotspotAuth/Operational,Hotspot Authentication,Stop,ut:Authentication,Windows 10,1803,Pro,2018/08/14,17134.228,Hotspot authentication has cancelled for interface {InterfaceGuid},{InterfaceGuid}
1004,0,Information,Microsoft-Windows-HotspotAuth/Operational,Hotspot Authentication,Stop,ut:Authentication,Windows 10,1803,Pro,2018/06/12,17134.112,Hotspot authentication has cancelled for interface {InterfaceGuid},{InterfaceGuid}
1004,0,Information,Microsoft-Windows-HotspotAuth/Operational,Hotspot Authentication,Stop,ut:Authentication,Windows 10,1803,Pro,2019/09/10,17134.1006,Hotspot authentication has cancelled for interface {InterfaceGuid},{InterfaceGuid}
1004,0,Information,Microsoft-Windows-HotspotAuth/Operational,Hotspot Authentication,Stop,ut:Authentication,Windows 10,1803,Pro,1970/01/01,17134.1,Hotspot authentication has cancelled for interface {InterfaceGuid},{InterfaceGuid}
1004,0,Information,Microsoft-Windows-HotspotAuth/Operational,Hotspot Authentication,Stop,ut:Authentication,Windows 10,1709,Pro,2017/11/14,16299.64,Hotspot authentication has cancelled for interface {InterfaceGuid},{InterfaceGuid}
1004,0,Information,Microsoft-Windows-HotspotAuth/Operational,Hotspot Authentication,Stop,ut:Authentication,Windows 10,1709,Pro,2017/11/14,16299.15,Hotspot authentication has cancelled for interface {InterfaceGuid},{InterfaceGuid}
1004,0,Information,Microsoft-Windows-HotspotAuth/Operational,Hotspot Authentication,Stop,ut:Authentication,Windows 10,1709,Pro,2017/12/12,16299.125,Hotspot authentication has cancelled for interface {InterfaceGuid},{InterfaceGuid}
1004,0,Information,Microsoft-Windows-HotspotAuth/Operational,Hotspot Authentication,Stop,ut:Authentication,Windows 10,1703,Pro,2017/07/11,15063.483,Hotspot authentication has cancelled for interface {InterfaceGuid},{InterfaceGuid}
1004,0,Information,Microsoft-Windows-HotspotAuth/Operational,Hotspot Authentication,Stop,ut:Authentication,Windows 10,1703,Pro,2017/06/13,15063.413,Hotspot authentication has cancelled for interface {InterfaceGuid},{InterfaceGuid}
1004,0,Information,Microsoft-Windows-HotspotAuth/Operational,Hotspot Authentication,Stop,ut:Authentication,Windows 10,1703,Pro,2017/03/20,15063.0,Hotspot authentication has cancelled for interface {InterfaceGuid},{InterfaceGuid}
1004,0,Information,Microsoft-Windows-HotspotAuth/Operational,Hotspot Authentication,Stop,ut:Authentication,Windows 10,1607,Pro,2016/11/08,14393.447,Hotspot authentication has cancelled for interface {InterfaceGuid},{InterfaceGuid}
1004,0,Information,Microsoft-Windows-HotspotAuth/Operational,Hotspot Authentication,Stop,ut:Authentication,Windows 10,1511,Pro,2016/03/08,10586.164,Hotspot authentication has cancelled for interface {InterfaceGuid},{InterfaceGuid}
1004,0,Information,Microsoft-Windows-HotspotAuth/Operational,Hotspot Authentication,Stop,ut:Authentication,Windows 10,1511,Enterprise,2016/02/09,10586.104,Hotspot authentication has been cancelled for interface {InterfaceGuid},{InterfaceGuid}
1004,0,Information,Microsoft-Windows-HotspotAuth/Operational,Hotspot Authentication,Stop,ut:Authentication,Windows 10,1511,Pro,1970/01/01,10586.0,Hotspot authentication has cancelled for interface {InterfaceGuid},{InterfaceGuid}
1004,0,Information,Microsoft-Windows-HotspotAuth/Operational,Hotspot Authentication,Stop,ut:Authentication,Windows 10,1507,Pro,2015/07/29,10240.0,Hotspot authentication has cancelled for interface {InterfaceGuid},{InterfaceGuid}
1004,0,Information,Microsoft-Windows-HotspotAuth/Operational,Hotspot Authentication,Stop,ut:Authentication,Windows 8.1,8.1,Pro,1970/01/01,9600.0,Hotspot authentication has cancelled for interface {InterfaceGuid},{InterfaceGuid}
1004,0,Information,Microsoft-Windows-HotspotAuth/Operational,Hotspot Authentication,Stop,ut:Authentication,Windows 8,8,Pro,1970/01/01,9200.0,Hotspot authentication has cancelled for interface {InterfaceGuid},{InterfaceGuid}
1005,0,Information,Microsoft-Windows-HotspotAuth/Analytic,Hotspot Authentication,Stop,ut:Authentication,Windows 11,24H2,Pro,2024/10/2,26100.1742,Hotspot authentication has completed for interface {InterfaceGuid} with status ({AuthenticationScenarioType}),{InterfaceGuid} | {AuthenticationScenarioType}
1005,0,Information,Microsoft-Windows-HotspotAuth/Analytic,Hotspot Authentication,Stop,ut:Authentication,Windows 11,22H2,Pro,2022/12/20,22621.963,Hotspot authentication has completed for interface {InterfaceGuid} with status ({AuthenticationScenarioType}),{InterfaceGuid} | {AuthenticationScenarioType}
1005,0,Information,Microsoft-Windows-HotspotAuth/Analytic,Hotspot Authentication,Stop,ut:Authentication,Windows 11,22H2,Pro,2022/11/15,22621.819,Hotspot authentication has completed for interface {InterfaceGuid} with status ({AuthenticationScenarioType}),{InterfaceGuid} | {AuthenticationScenarioType}
1005,0,Information,Microsoft-Windows-HotspotAuth/Analytic,Hotspot Authentication,Stop,ut:Authentication,Windows 11,22H2,Pro,2022/10/18,22621.674,Hotspot authentication has completed for interface {InterfaceGuid} with status ({AuthenticationScenarioType}),{InterfaceGuid} | {AuthenticationScenarioType}
1005,0,Information,Microsoft-Windows-HotspotAuth/Analytic,Hotspot Authentication,Stop,ut:Authentication,Windows 11,22H2,Pro,2022/09/20,22621.382,Hotspot authentication has completed for interface {InterfaceGuid} with status ({AuthenticationScenarioType}),{InterfaceGuid} | {AuthenticationScenarioType}
1005,0,Information,Microsoft-Windows-HotspotAuth/Analytic,Hotspot Authentication,Stop,ut:Authentication,Windows 11,22H2,Pro,2023/03/21,22621.1413,Hotspot authentication has completed for interface {InterfaceGuid} with status ({AuthenticationScenarioType}),{InterfaceGuid} | {AuthenticationScenarioType}
1005,0,Information,Microsoft-Windows-HotspotAuth/Analytic,Hotspot Authentication,Stop,ut:Authentication,Windows 11,22H2,Pro,2023/02/21,22621.1265,Hotspot authentication has completed for interface {InterfaceGuid} with status ({AuthenticationScenarioType}),{InterfaceGuid} | {AuthenticationScenarioType}
1005,0,Information,Microsoft-Windows-HotspotAuth/Analytic,Hotspot Authentication,Stop,ut:Authentication,Windows 11,22H2,Pro,2023/01/17,22621.1105,Hotspot authentication has completed for interface {InterfaceGuid} with status ({AuthenticationScenarioType}),{InterfaceGuid} | {AuthenticationScenarioType}
1005,0,Information,Microsoft-Windows-HotspotAuth/Analytic,Hotspot Authentication,Stop,ut:Authentication,Windows 11,21H2,Pro,2022/09/20,22000.978,Hotspot authentication has completed for interface {InterfaceGuid} with status ({AuthenticationScenarioType}),{InterfaceGuid} | {AuthenticationScenarioType}
1005,0,Information,Microsoft-Windows-HotspotAuth/Analytic,Hotspot Authentication,Stop,ut:Authentication,Windows 11,21H2,Pro,2022/08/16,22000.856,Hotspot authentication has completed for interface {InterfaceGuid} with status ({AuthenticationScenarioType}),{InterfaceGuid} | {AuthenticationScenarioType}
1005,0,Information,Microsoft-Windows-HotspotAuth/Analytic,Hotspot Authentication,Stop,ut:Authentication,Windows 11,21H2,Pro,2022/07/19,22000.795,Hotspot authentication has completed for interface {InterfaceGuid} with status ({AuthenticationScenarioType}),{InterfaceGuid} | {AuthenticationScenarioType}
1005,0,Information,Microsoft-Windows-HotspotAuth/Analytic,Hotspot Authentication,Stop,ut:Authentication,Windows 11,21H2,Pro,2022/06/21,22000.739,Hotspot authentication has completed for interface {InterfaceGuid} with status ({AuthenticationScenarioType}),{InterfaceGuid} | {AuthenticationScenarioType}
1005,0,Information,Microsoft-Windows-HotspotAuth/Analytic,Hotspot Authentication,Stop,ut:Authentication,Windows 11,21H2,Pro,2022/05/17,22000.675,Hotspot authentication has completed for interface {InterfaceGuid} with status ({AuthenticationScenarioType}),{InterfaceGuid} | {AuthenticationScenarioType}
1005,0,Information,Microsoft-Windows-HotspotAuth/Analytic,Hotspot Authentication,Stop,ut:Authentication,Windows 11,21H2,Pro,2022/04/19,22000.613,Hotspot authentication has completed for interface {InterfaceGuid} with status ({AuthenticationScenarioType}),{InterfaceGuid} | {AuthenticationScenarioType}
1005,0,Information,Microsoft-Windows-HotspotAuth/Analytic,Hotspot Authentication,Stop,ut:Authentication,Windows 11,21H2,Pro,2022/03/15,22000.556,Hotspot authentication has completed for interface {InterfaceGuid} with status ({AuthenticationScenarioType}),{InterfaceGuid} | {AuthenticationScenarioType}
1005,0,Information,Microsoft-Windows-HotspotAuth/Analytic,Hotspot Authentication,Stop,ut:Authentication,Windows 11,21H2,Pro,2022/02/15,22000.493,Hotspot authentication has completed for interface {InterfaceGuid} with status ({AuthenticationScenarioType}),{InterfaceGuid} | {AuthenticationScenarioType}
1005,0,Information,Microsoft-Windows-HotspotAuth/Analytic,Hotspot Authentication,Stop,ut:Authentication,Windows 11,21H2,Pro,2022/01/11,22000.434,Hotspot authentication has completed for interface {InterfaceGuid} with status ({AuthenticationScenarioType}),{InterfaceGuid} | {AuthenticationScenarioType}
1005,0,Information,Microsoft-Windows-HotspotAuth/Analytic,Hotspot Authentication,Stop,ut:Authentication,Windows 11,21H2,Pro,2021/12/14,22000.376,Hotspot authentication has completed for interface {InterfaceGuid} with status ({AuthenticationScenarioType}),{InterfaceGuid} | {AuthenticationScenarioType}
1005,0,Information,Microsoft-Windows-HotspotAuth/Analytic,Hotspot Authentication,Stop,ut:Authentication,Windows 11,21H2,Pro,2021/11/09,22000.318,Hotspot authentication has completed for interface {InterfaceGuid} with status ({AuthenticationScenarioType}),{InterfaceGuid} | {AuthenticationScenarioType}
1005,0,Information,Microsoft-Windows-HotspotAuth/Analytic,Hotspot Authentication,Stop,ut:Authentication,Windows 11,21H2,Pro,2021/09/16,22000.194,Hotspot authentication has completed for interface {InterfaceGuid} with status ({AuthenticationScenarioType}),{InterfaceGuid} | {AuthenticationScenarioType}
1005,0,Information,Microsoft-Windows-HotspotAuth/Analytic,Hotspot Authentication,Stop,ut:Authentication,Windows 11,21H2,Pro,2023/03/21,22000.1696,Hotspot authentication has completed for interface {InterfaceGuid} with status ({AuthenticationScenarioType}),{InterfaceGuid} | {AuthenticationScenarioType}
1005,0,Information,Microsoft-Windows-HotspotAuth/Analytic,Hotspot Authentication,Stop,ut:Authentication,Windows 11,21H2,Pro,2023/02/21,22000.1574,Hotspot authentication has completed for interface {InterfaceGuid} with status ({AuthenticationScenarioType}),{InterfaceGuid} | {AuthenticationScenarioType}
1005,0,Information,Microsoft-Windows-HotspotAuth/Analytic,Hotspot Authentication,Stop,ut:Authentication,Windows 11,21H2,Pro,2023/01/17,22000.1455,Hotspot authentication has completed for interface {InterfaceGuid} with status ({AuthenticationScenarioType}),{InterfaceGuid} | {AuthenticationScenarioType}
1005,0,Information,Microsoft-Windows-HotspotAuth/Analytic,Hotspot Authentication,Stop,ut:Authentication,Windows 11,21H2,Pro,2022/12/20,22000.1335,Hotspot authentication has completed for interface {InterfaceGuid} with status ({AuthenticationScenarioType}),{InterfaceGuid} | {AuthenticationScenarioType}
1005,0,Information,Microsoft-Windows-HotspotAuth/Analytic,Hotspot Authentication,Stop,ut:Authentication,Windows 11,21H2,Pro,2022/11/15,22000.1219,Hotspot authentication has completed for interface {InterfaceGuid} with status ({AuthenticationScenarioType}),{InterfaceGuid} | {AuthenticationScenarioType}
1005,0,Information,Microsoft-Windows-HotspotAuth/Analytic,Hotspot Authentication,Stop,ut:Authentication,Windows 11,21H2,Pro,2022/10/18,22000.1098,Hotspot authentication has completed for interface {InterfaceGuid} with status ({AuthenticationScenarioType}),{InterfaceGuid} | {AuthenticationScenarioType}
1005,0,Information,Microsoft-Windows-HotspotAuth/Analytic,Hotspot Authentication,Stop,ut:Authentication,Windows 11,21H2,Pro-Dev,1970/01/01,21996.1,Hotspot authentication has completed for interface {InterfaceGuid} with status ({AuthenticationScenarioType}),{InterfaceGuid} | {AuthenticationScenarioType}
1005,0,Information,Microsoft-Windows-HotspotAuth/Analytic,Hotspot Authentication,Stop,ut:Authentication,Windows 10,22H2,Pro,2023/03/21,19045.2728,Hotspot authentication has completed for interface {InterfaceGuid} with status ({AuthenticationScenarioType}),{InterfaceGuid} | {AuthenticationScenarioType}
1005,0,Information,Microsoft-Windows-HotspotAuth/Analytic,Hotspot Authentication,Stop,ut:Authentication,Windows 10,22H2,Pro,2023/02/21,19045.2604,Hotspot authentication has completed for interface {InterfaceGuid} with status ({AuthenticationScenarioType}),{InterfaceGuid} | {AuthenticationScenarioType}
1005,0,Information,Microsoft-Windows-HotspotAuth/Analytic,Hotspot Authentication,Stop,ut:Authentication,Windows 10,22H2,Pro,2023/01/17,19045.2486,Hotspot authentication has completed for interface {InterfaceGuid} with status ({AuthenticationScenarioType}),{InterfaceGuid} | {AuthenticationScenarioType}
1005,0,Information,Microsoft-Windows-HotspotAuth/Analytic,Hotspot Authentication,Stop,ut:Authentication,Windows 10,22H2,Pro,2022/12/20,19045.2364,Hotspot authentication has completed for interface {InterfaceGuid} with status ({AuthenticationScenarioType}),{InterfaceGuid} | {AuthenticationScenarioType}
1005,0,Information,Microsoft-Windows-HotspotAuth/Analytic,Hotspot Authentication,Stop,ut:Authentication,Windows 10,22H2,Pro,2022/11/15,19045.2251,Hotspot authentication has completed for interface {InterfaceGuid} with status ({AuthenticationScenarioType}),{InterfaceGuid} | {AuthenticationScenarioType}
1005,0,Information,Microsoft-Windows-HotspotAuth/Analytic,Hotspot Authentication,Stop,ut:Authentication,Windows 10,21H2,Pro,2023/03/21,19044.2728,Hotspot authentication has completed for interface {InterfaceGuid} with status ({AuthenticationScenarioType}),{InterfaceGuid} | {AuthenticationScenarioType}
1005,0,Information,Microsoft-Windows-HotspotAuth/Analytic,Hotspot Authentication,Stop,ut:Authentication,Windows 10,21H2,Pro,2023/02/21,19044.2604,Hotspot authentication has completed for interface {InterfaceGuid} with status ({AuthenticationScenarioType}),{InterfaceGuid} | {AuthenticationScenarioType}
1005,0,Information,Microsoft-Windows-HotspotAuth/Analytic,Hotspot Authentication,Stop,ut:Authentication,Windows 10,21H2,Pro,2023/01/17,19044.2486,Hotspot authentication has completed for interface {InterfaceGuid} with status ({AuthenticationScenarioType}),{InterfaceGuid} | {AuthenticationScenarioType}
1005,0,Information,Microsoft-Windows-HotspotAuth/Analytic,Hotspot Authentication,Stop,ut:Authentication,Windows 10,21H2,Pro,2022/12/20,19044.2364,Hotspot authentication has completed for interface {InterfaceGuid} with status ({AuthenticationScenarioType}),{InterfaceGuid} | {AuthenticationScenarioType}
1005,0,Information,Microsoft-Windows-HotspotAuth/Analytic,Hotspot Authentication,Stop,ut:Authentication,Windows 10,21H2,Pro,2022/11/15,19044.2251,Hotspot authentication has completed for interface {InterfaceGuid} with status ({AuthenticationScenarioType}),{InterfaceGuid} | {AuthenticationScenarioType}
1005,0,Information,Microsoft-Windows-HotspotAuth/Analytic,Hotspot Authentication,Stop,ut:Authentication,Windows 10,21H2,Pro,2022/10/18,19044.213,Hotspot authentication has completed for interface {InterfaceGuid} with status ({AuthenticationScenarioType}),{InterfaceGuid} | {AuthenticationScenarioType}
1005,0,Information,Microsoft-Windows-HotspotAuth/Analytic,Hotspot Authentication,Stop,ut:Authentication,Windows 10,21H2,Pro,2022/09/20,19044.2006,Hotspot authentication has completed for interface {InterfaceGuid} with status ({AuthenticationScenarioType}),{InterfaceGuid} | {AuthenticationScenarioType}
1005,0,Information,Microsoft-Windows-HotspotAuth/Analytic,Hotspot Authentication,Stop,ut:Authentication,Windows 10,21H2,Pro,2022/08/16,19044.1889,Hotspot authentication has completed for interface {InterfaceGuid} with status ({AuthenticationScenarioType}),{InterfaceGuid} | {AuthenticationScenarioType}
1005,0,Information,Microsoft-Windows-HotspotAuth/Analytic,Hotspot Authentication,Stop,ut:Authentication,Windows 10,21H2,Pro,2022/07/19,19044.1826,Hotspot authentication has completed for interface {InterfaceGuid} with status ({AuthenticationScenarioType}),{InterfaceGuid} | {AuthenticationScenarioType}
1005,0,Information,Microsoft-Windows-HotspotAuth/Analytic,Hotspot Authentication,Stop,ut:Authentication,Windows 10,21H2,Pro,2022/06/21,19044.1766,Hotspot authentication has completed for interface {InterfaceGuid} with status ({AuthenticationScenarioType}),{InterfaceGuid} | {AuthenticationScenarioType}
1005,0,Information,Microsoft-Windows-HotspotAuth/Analytic,Hotspot Authentication,Stop,ut:Authentication,Windows 10,21H2,Pro,2022/05/17,19044.1706,Hotspot authentication has completed for interface {InterfaceGuid} with status ({AuthenticationScenarioType}),{InterfaceGuid} | {AuthenticationScenarioType}
1005,0,Information,Microsoft-Windows-HotspotAuth/Analytic,Hotspot Authentication,Stop,ut:Authentication,Windows 10,21H2,Pro,2022/04/19,19044.1645,Hotspot authentication has completed for interface {InterfaceGuid} with status ({AuthenticationScenarioType}),{InterfaceGuid} | {AuthenticationScenarioType}
1005,0,Information,Microsoft-Windows-HotspotAuth/Analytic,Hotspot Authentication,Stop,ut:Authentication,Windows 10,21H2,Pro,2022/01/11,19044.1466,Hotspot authentication has completed for interface {InterfaceGuid} with status ({AuthenticationScenarioType}),{InterfaceGuid} | {AuthenticationScenarioType}
1005,0,Information,Microsoft-Windows-HotspotAuth/Analytic,Hotspot Authentication,Stop,ut:Authentication,Windows 10,21H2,Pro,2021/10/12,19044.1288,Hotspot authentication has completed for interface {InterfaceGuid} with status ({AuthenticationScenarioType}),{InterfaceGuid} | {AuthenticationScenarioType}
1005,0,Information,Microsoft-Windows-HotspotAuth/Analytic,Hotspot Authentication,Stop,ut:Authentication,Windows 10,21H1,Pro,2021/04/13,19043.928,Hotspot authentication has completed for interface {InterfaceGuid} with status ({AuthenticationScenarioType}),{InterfaceGuid} | {AuthenticationScenarioType}
1005,0,Information,Microsoft-Windows-HotspotAuth/Analytic,Hotspot Authentication,Stop,ut:Authentication,Windows 10,21H1,Pro,2022/12/20,19043.2364,Hotspot authentication has completed for interface {InterfaceGuid} with status ({AuthenticationScenarioType}),{InterfaceGuid} | {AuthenticationScenarioType}
1005,0,Information,Microsoft-Windows-HotspotAuth/Analytic,Hotspot Authentication,Stop,ut:Authentication,Windows 10,21H1,Pro,2022/11/15,19043.2251,Hotspot authentication has completed for interface {InterfaceGuid} with status ({AuthenticationScenarioType}),{InterfaceGuid} | {AuthenticationScenarioType}
1005,0,Information,Microsoft-Windows-HotspotAuth/Analytic,Hotspot Authentication,Stop,ut:Authentication,Windows 10,21H1,Pro,2022/10/18,19043.213,Hotspot authentication has completed for interface {InterfaceGuid} with status ({AuthenticationScenarioType}),{InterfaceGuid} | {AuthenticationScenarioType}
1005,0,Information,Microsoft-Windows-HotspotAuth/Analytic,Hotspot Authentication,Stop,ut:Authentication,Windows 10,21H1,Pro,2022/09/20,19043.2006,Hotspot authentication has completed for interface {InterfaceGuid} with status ({AuthenticationScenarioType}),{InterfaceGuid} | {AuthenticationScenarioType}
1005,0,Information,Microsoft-Windows-HotspotAuth/Analytic,Hotspot Authentication,Stop,ut:Authentication,Windows 10,21H1,Pro,2022/08/16,19043.1889,Hotspot authentication has completed for interface {InterfaceGuid} with status ({AuthenticationScenarioType}),{InterfaceGuid} | {AuthenticationScenarioType}
1005,0,Information,Microsoft-Windows-HotspotAuth/Analytic,Hotspot Authentication,Stop,ut:Authentication,Windows 10,21H1,Pro,2022/07/19,19043.1826,Hotspot authentication has completed for interface {InterfaceGuid} with status ({AuthenticationScenarioType}),{InterfaceGuid} | {AuthenticationScenarioType}
1005,0,Information,Microsoft-Windows-HotspotAuth/Analytic,Hotspot Authentication,Stop,ut:Authentication,Windows 10,21H1,Pro,2022/06/21,19043.1766,Hotspot authentication has completed for interface {InterfaceGuid} with status ({AuthenticationScenarioType}),{InterfaceGuid} | {AuthenticationScenarioType}
1005,0,Information,Microsoft-Windows-HotspotAuth/Analytic,Hotspot Authentication,Stop,ut:Authentication,Windows 10,21H1,Pro,2022/05/17,19043.1706,Hotspot authentication has completed for interface {InterfaceGuid} with status ({AuthenticationScenarioType}),{InterfaceGuid} | {AuthenticationScenarioType}
1005,0,Information,Microsoft-Windows-HotspotAuth/Analytic,Hotspot Authentication,Stop,ut:Authentication,Windows 10,21H1,Pro,2022/04/19,19043.1645,Hotspot authentication has completed for interface {InterfaceGuid} with status ({AuthenticationScenarioType}),{InterfaceGuid} | {AuthenticationScenarioType}
1005,0,Information,Microsoft-Windows-HotspotAuth/Analytic,Hotspot Authentication,Stop,ut:Authentication,Windows 10,21H1,Pro,2022/01/11,19043.1466,Hotspot authentication has completed for interface {InterfaceGuid} with status ({AuthenticationScenarioType}),{InterfaceGuid} | {AuthenticationScenarioType}
1005,0,Information,Microsoft-Windows-HotspotAuth/Analytic,Hotspot Authentication,Stop,ut:Authentication,Windows 10,21H1,Pro,2021/12/14,19043.1415,Hotspot authentication has completed for interface {InterfaceGuid} with status ({AuthenticationScenarioType}),{InterfaceGuid} | {AuthenticationScenarioType}
1005,0,Information,Microsoft-Windows-HotspotAuth/Analytic,Hotspot Authentication,Stop,ut:Authentication,Windows 10,21H2,Pro,2021/12/14,19043.1415,Hotspot authentication has completed for interface {InterfaceGuid} with status ({AuthenticationScenarioType}),{InterfaceGuid} | {AuthenticationScenarioType}
1005,0,Information,Microsoft-Windows-HotspotAuth/Analytic,Hotspot Authentication,Stop,ut:Authentication,Windows 10,21H1,Pro,2021/11/09,19043.1348,Hotspot authentication has completed for interface {InterfaceGuid} with status ({AuthenticationScenarioType}),{InterfaceGuid} | {AuthenticationScenarioType}
1005,0,Information,Microsoft-Windows-HotspotAuth/Analytic,Hotspot Authentication,Stop,ut:Authentication,Windows 10,21H1,Pro,2021/10/12,19043.1288,Hotspot authentication has completed for interface {InterfaceGuid} with status ({AuthenticationScenarioType}),{InterfaceGuid} | {AuthenticationScenarioType}
1005,0,Information,Microsoft-Windows-HotspotAuth/Analytic,Hotspot Authentication,Stop,ut:Authentication,Windows 10,21H1,Pro,2021/09/14,19043.1237,Hotspot authentication has completed for interface {InterfaceGuid} with status ({AuthenticationScenarioType}),{InterfaceGuid} | {AuthenticationScenarioType}
1005,0,Information,Microsoft-Windows-HotspotAuth/Analytic,Hotspot Authentication,Stop,ut:Authentication,Windows 10,21H1,Pro,2021/08/10,19043.1165,Hotspot authentication has completed for interface {InterfaceGuid} with status ({AuthenticationScenarioType}),{InterfaceGuid} | {AuthenticationScenarioType}
1005,0,Information,Microsoft-Windows-HotspotAuth/Analytic,Hotspot Authentication,Stop,ut:Authentication,Windows 10,21H1,Pro,2021/07/13,19043.111,Hotspot authentication has completed for interface {InterfaceGuid} with status ({AuthenticationScenarioType}),{InterfaceGuid} | {AuthenticationScenarioType}
1005,0,Information,Microsoft-Windows-HotspotAuth/Analytic,Hotspot Authentication,Stop,ut:Authentication,Windows 10,21H1,Pro,2021/06/08,19043.1052,Hotspot authentication has completed for interface {InterfaceGuid} with status ({AuthenticationScenarioType}),{InterfaceGuid} | {AuthenticationScenarioType}
1005,0,Information,Microsoft-Windows-HotspotAuth/Analytic,Hotspot Authentication,Stop,ut:Authentication,Windows 10,20H2,Pro,2022/04/19,19042.1645,Hotspot authentication has completed for interface {InterfaceGuid} with status ({AuthenticationScenarioType}),{InterfaceGuid} | {AuthenticationScenarioType}
1005,0,Information,Microsoft-Windows-HotspotAuth/Analytic,Hotspot Authentication,Stop,ut:Authentication,Windows 10,20H2,Pro,2022/01/11,19042.1466,Hotspot authentication has completed for interface {InterfaceGuid} with status ({AuthenticationScenarioType}),{InterfaceGuid} | {AuthenticationScenarioType}
1005,0,Information,Microsoft-Windows-HotspotAuth/Analytic,Hotspot Authentication,Stop,ut:Authentication,Windows 10,2004,Pro,2021/05/11,19041.985,Hotspot authentication has completed for interface {InterfaceGuid} with status ({AuthenticationScenarioType}),{InterfaceGuid} | {AuthenticationScenarioType}
1005,0,Information,Microsoft-Windows-HotspotAuth/Analytic,Hotspot Authentication,Stop,ut:Authentication,Windows 10,20H2,Pro,2021/05/11,19041.985,Hotspot authentication has completed for interface {InterfaceGuid} with status ({AuthenticationScenarioType}),{InterfaceGuid} | {AuthenticationScenarioType}
1005,0,Information,Microsoft-Windows-HotspotAuth/Analytic,Hotspot Authentication,Stop,ut:Authentication,Windows 10,2004,Pro,2021/04/13,19041.928,Hotspot authentication has completed for interface {InterfaceGuid} with status ({AuthenticationScenarioType}),{InterfaceGuid} | {AuthenticationScenarioType}
1005,0,Information,Microsoft-Windows-HotspotAuth/Analytic,Hotspot Authentication,Stop,ut:Authentication,Windows 10,20H2,Pro,2021/04/13,19041.928,Hotspot authentication has completed for interface {InterfaceGuid} with status ({AuthenticationScenarioType}),{InterfaceGuid} | {AuthenticationScenarioType}
1005,0,Information,Microsoft-Windows-HotspotAuth/Analytic,Hotspot Authentication,Stop,ut:Authentication,Windows 10,2004,Pro,2021/03/09,19041.867,Hotspot authentication has completed for interface {InterfaceGuid} with status ({AuthenticationScenarioType}),{InterfaceGuid} | {AuthenticationScenarioType}
1005,0,Information,Microsoft-Windows-HotspotAuth/Analytic,Hotspot Authentication,Stop,ut:Authentication,Windows 10,20H2,Pro,2021/03/09,19041.867,Hotspot authentication has completed for interface {InterfaceGuid} with status ({AuthenticationScenarioType}),{InterfaceGuid} | {AuthenticationScenarioType}
1005,0,Information,Microsoft-Windows-HotspotAuth/Analytic,Hotspot Authentication,Stop,ut:Authentication,Windows 10,2004,Pro,2021/02/09,19041.804,Hotspot authentication has completed for interface {InterfaceGuid} with status ({AuthenticationScenarioType}),{InterfaceGuid} | {AuthenticationScenarioType}
1005,0,Information,Microsoft-Windows-HotspotAuth/Analytic,Hotspot Authentication,Stop,ut:Authentication,Windows 10,20H2,Pro,2021/02/09,19041.804,Hotspot authentication has completed for interface {InterfaceGuid} with status ({AuthenticationScenarioType}),{InterfaceGuid} | {AuthenticationScenarioType}
1005,0,Information,Microsoft-Windows-HotspotAuth/Analytic,Hotspot Authentication,Stop,ut:Authentication,Windows 10,2004,Pro,2021/01/12,19041.746,Hotspot authentication has completed for interface {InterfaceGuid} with status ({AuthenticationScenarioType}),{InterfaceGuid} | {AuthenticationScenarioType}
1005,0,Information,Microsoft-Windows-HotspotAuth/Analytic,Hotspot Authentication,Stop,ut:Authentication,Windows 10,20H2,Pro,2021/01/12,19041.746,Hotspot authentication has completed for interface {InterfaceGuid} with status ({AuthenticationScenarioType}),{InterfaceGuid} | {AuthenticationScenarioType}
1005,0,Information,Microsoft-Windows-HotspotAuth/Analytic,Hotspot Authentication,Stop,ut:Authentication,Windows 10,2004,Pro,2020/12/08,19041.685,Hotspot authentication has completed for interface {InterfaceGuid} with status ({AuthenticationScenarioType}),{InterfaceGuid} | {AuthenticationScenarioType}
1005,0,Information,Microsoft-Windows-HotspotAuth/Analytic,Hotspot Authentication,Stop,ut:Authentication,Windows 10,20H2,Pro,2020/12/08,19041.685,Hotspot authentication has completed for interface {InterfaceGuid} with status ({AuthenticationScenarioType}),{InterfaceGuid} | {AuthenticationScenarioType}
1005,0,Information,Microsoft-Windows-HotspotAuth/Analytic,Hotspot Authentication,Stop,ut:Authentication,Windows 10,20H2,Pro,2020/11/19,19041.631,Hotspot authentication has completed for interface {InterfaceGuid} with status ({AuthenticationScenarioType}),{InterfaceGuid} | {AuthenticationScenarioType}
1005,0,Information,Microsoft-Windows-HotspotAuth/Analytic,Hotspot Authentication,Stop,ut:Authentication,Windows 10,2004,Pro,2020/11/10,19041.63,Hotspot authentication has completed for interface {InterfaceGuid} with status ({AuthenticationScenarioType}),{InterfaceGuid} | {AuthenticationScenarioType}
1005,0,Information,Microsoft-Windows-HotspotAuth/Analytic,Hotspot Authentication,Stop,ut:Authentication,Windows 10,2004,Pro,2020/10/13,19041.572,Hotspot authentication has completed for interface {InterfaceGuid} with status ({AuthenticationScenarioType}),{InterfaceGuid} | {AuthenticationScenarioType}
1005,0,Information,Microsoft-Windows-HotspotAuth/Analytic,Hotspot Authentication,Stop,ut:Authentication,Windows 10,2004,Pro,2020/09/08,19041.508,Hotspot authentication has completed for interface {InterfaceGuid} with status ({AuthenticationScenarioType}),{InterfaceGuid} | {AuthenticationScenarioType}
1005,0,Information,Microsoft-Windows-HotspotAuth/Analytic,Hotspot Authentication,Stop,ut:Authentication,Windows 10,2004,Pro,2020/08/11,19041.45,Hotspot authentication has completed for interface {InterfaceGuid} with status ({AuthenticationScenarioType}),{InterfaceGuid} | {AuthenticationScenarioType}
1005,0,Information,Microsoft-Windows-HotspotAuth/Analytic,Hotspot Authentication,Stop,ut:Authentication,Windows 10,2004,Pro,2020/07/14,19041.388,Hotspot authentication has completed for interface {InterfaceGuid} with status ({AuthenticationScenarioType}),{InterfaceGuid} | {AuthenticationScenarioType}
1005,0,Information,Microsoft-Windows-HotspotAuth/Analytic,Hotspot Authentication,Stop,ut:Authentication,Windows 10,2004,Pro,2020/06/09,19041.329,Hotspot authentication has completed for interface {InterfaceGuid} with status ({AuthenticationScenarioType}),{InterfaceGuid} | {AuthenticationScenarioType}
1005,0,Information,Microsoft-Windows-HotspotAuth/Analytic,Hotspot Authentication,Stop,ut:Authentication,Windows 10,2004,Pro,2020/05/27,19041.264,Hotspot authentication has completed for interface {InterfaceGuid} with status ({AuthenticationScenarioType}),{InterfaceGuid} | {AuthenticationScenarioType}
1005,0,Information,Microsoft-Windows-HotspotAuth/Analytic,Hotspot Authentication,Stop,ut:Authentication,Windows 10,2004,Pro,2020/04/16,19041.208,Hotspot authentication has completed for interface {InterfaceGuid} with status ({AuthenticationScenarioType}),{InterfaceGuid} | {AuthenticationScenarioType}
1005,0,Information,Microsoft-Windows-HotspotAuth/Analytic,Hotspot Authentication,Stop,ut:Authentication,Windows 10,21H1,Pro,2022/03/15,19041.1586,Hotspot authentication has completed for interface {InterfaceGuid} with status ({AuthenticationScenarioType}),{InterfaceGuid} | {AuthenticationScenarioType}
1005,0,Information,Microsoft-Windows-HotspotAuth/Analytic,Hotspot Authentication,Stop,ut:Authentication,Windows 10,20H2,Pro,2022/03/15,19041.1586,Hotspot authentication has completed for interface {InterfaceGuid} with status ({AuthenticationScenarioType}),{InterfaceGuid} | {AuthenticationScenarioType}
1005,0,Information,Microsoft-Windows-HotspotAuth/Analytic,Hotspot Authentication,Stop,ut:Authentication,Windows 10,21H2,Pro,2022/03/15,19041.1586,Hotspot authentication has completed for interface {InterfaceGuid} with status ({AuthenticationScenarioType}),{InterfaceGuid} | {AuthenticationScenarioType}
1005,0,Information,Microsoft-Windows-HotspotAuth/Analytic,Hotspot Authentication,Stop,ut:Authentication,Windows 10,21H1,Pro,2022/02/15,19041.1526,Hotspot authentication has completed for interface {InterfaceGuid} with status ({AuthenticationScenarioType}),{InterfaceGuid} | {AuthenticationScenarioType}
1005,0,Information,Microsoft-Windows-HotspotAuth/Analytic,Hotspot Authentication,Stop,ut:Authentication,Windows 10,20H2,Pro,2022/02/15,19041.1526,Hotspot authentication has completed for interface {InterfaceGuid} with status ({AuthenticationScenarioType}),{InterfaceGuid} | {AuthenticationScenarioType}
1005,0,Information,Microsoft-Windows-HotspotAuth/Analytic,Hotspot Authentication,Stop,ut:Authentication,Windows 10,21H2,Pro,2022/02/15,19041.1526,Hotspot authentication has completed for interface {InterfaceGuid} with status ({AuthenticationScenarioType}),{InterfaceGuid} | {AuthenticationScenarioType}
1005,0,Information,Microsoft-Windows-HotspotAuth/Analytic,Hotspot Authentication,Stop,ut:Authentication,Windows 10,20H2,Pro,2021/12/14,19041.1415,Hotspot authentication has completed for interface {InterfaceGuid} with status ({AuthenticationScenarioType}),{InterfaceGuid} | {AuthenticationScenarioType}
1005,0,Information,Microsoft-Windows-HotspotAuth/Analytic,Hotspot Authentication,Stop,ut:Authentication,Windows 10,2004,Pro,2021/11/09,19041.1348,Hotspot authentication has completed for interface {InterfaceGuid} with status ({AuthenticationScenarioType}),{InterfaceGuid} | {AuthenticationScenarioType}
1005,0,Information,Microsoft-Windows-HotspotAuth/Analytic,Hotspot Authentication,Stop,ut:Authentication,Windows 10,20H2,Pro,2021/11/09,19041.1348,Hotspot authentication has completed for interface {InterfaceGuid} with status ({AuthenticationScenarioType}),{InterfaceGuid} | {AuthenticationScenarioType}
1005,0,Information,Microsoft-Windows-HotspotAuth/Analytic,Hotspot Authentication,Stop,ut:Authentication,Windows 10,2004,Pro,2021/10/12,19041.1288,Hotspot authentication has completed for interface {InterfaceGuid} with status ({AuthenticationScenarioType}),{InterfaceGuid} | {AuthenticationScenarioType}
1005,0,Information,Microsoft-Windows-HotspotAuth/Analytic,Hotspot Authentication,Stop,ut:Authentication,Windows 10,20H2,Pro,2021/10/12,19041.1288,Hotspot authentication has completed for interface {InterfaceGuid} with status ({AuthenticationScenarioType}),{InterfaceGuid} | {AuthenticationScenarioType}
1005,0,Information,Microsoft-Windows-HotspotAuth/Analytic,Hotspot Authentication,Stop,ut:Authentication,Windows 10,2004,Pro,2021/09/14,19041.1237,Hotspot authentication has completed for interface {InterfaceGuid} with status ({AuthenticationScenarioType}),{InterfaceGuid} | {AuthenticationScenarioType}
1005,0,Information,Microsoft-Windows-HotspotAuth/Analytic,Hotspot Authentication,Stop,ut:Authentication,Windows 10,20H2,Pro,2021/09/14,19041.1237,Hotspot authentication has completed for interface {InterfaceGuid} with status ({AuthenticationScenarioType}),{InterfaceGuid} | {AuthenticationScenarioType}
1005,0,Information,Microsoft-Windows-HotspotAuth/Analytic,Hotspot Authentication,Stop,ut:Authentication,Windows 10,2004,Pro,2021/08/10,19041.1165,Hotspot authentication has completed for interface {InterfaceGuid} with status ({AuthenticationScenarioType}),{InterfaceGuid} | {AuthenticationScenarioType}
1005,0,Information,Microsoft-Windows-HotspotAuth/Analytic,Hotspot Authentication,Stop,ut:Authentication,Windows 10,20H2,Pro,2021/08/10,19041.1165,Hotspot authentication has completed for interface {InterfaceGuid} with status ({AuthenticationScenarioType}),{InterfaceGuid} | {AuthenticationScenarioType}
1005,0,Information,Microsoft-Windows-HotspotAuth/Analytic,Hotspot Authentication,Stop,ut:Authentication,Windows 10,2004,Pro,2021/07/13,19041.111,Hotspot authentication has completed for interface {InterfaceGuid} with status ({AuthenticationScenarioType}),{InterfaceGuid} | {AuthenticationScenarioType}
1005,0,Information,Microsoft-Windows-HotspotAuth/Analytic,Hotspot Authentication,Stop,ut:Authentication,Windows 10,20H2,Pro,2021/07/13,19041.111,Hotspot authentication has completed for interface {InterfaceGuid} with status ({AuthenticationScenarioType}),{InterfaceGuid} | {AuthenticationScenarioType}
1005,0,Information,Microsoft-Windows-HotspotAuth/Analytic,Hotspot Authentication,Stop,ut:Authentication,Windows 10,2004,Pro,2021/06/08,19041.1052,Hotspot authentication has completed for interface {InterfaceGuid} with status ({AuthenticationScenarioType}),{InterfaceGuid} | {AuthenticationScenarioType}
1005,0,Information,Microsoft-Windows-HotspotAuth/Analytic,Hotspot Authentication,Stop,ut:Authentication,Windows 10,20H2,Pro,2021/06/08,19041.1052,Hotspot authentication has completed for interface {InterfaceGuid} with status ({AuthenticationScenarioType}),{InterfaceGuid} | {AuthenticationScenarioType}
1005,0,Information,Microsoft-Windows-HotspotAuth/Analytic,Hotspot Authentication,Stop,ut:Authentication,Windows 10,1909,Pro,2020/07/14,18363.959,Hotspot authentication has completed for interface {InterfaceGuid} with status ({AuthenticationScenarioType}),{InterfaceGuid} | {AuthenticationScenarioType}
1005,0,Information,Microsoft-Windows-HotspotAuth/Analytic,Hotspot Authentication,Stop,ut:Authentication,Windows 10,1909,Pro,2020/06/09,18363.9,Hotspot authentication has completed for interface {InterfaceGuid} with status ({AuthenticationScenarioType}),{InterfaceGuid} | {AuthenticationScenarioType}
1005,0,Information,Microsoft-Windows-HotspotAuth/Analytic,Hotspot Authentication,Stop,ut:Authentication,Windows 10,1909,Pro,2020/05/12,18363.836,Hotspot authentication has completed for interface {InterfaceGuid} with status ({AuthenticationScenarioType}),{InterfaceGuid} | {AuthenticationScenarioType}
1005,0,Information,Microsoft-Windows-HotspotAuth/Analytic,Hotspot Authentication,Stop,ut:Authentication,Windows 10,1909,Pro,2020/04/14,18363.778,Hotspot authentication has completed for interface {InterfaceGuid} with status ({AuthenticationScenarioType}),{InterfaceGuid} | {AuthenticationScenarioType}
1005,0,Information,Microsoft-Windows-HotspotAuth/Analytic,Hotspot Authentication,Stop,ut:Authentication,Windows 10,1909,Pro,2020/03/12,18363.72,Hotspot authentication has completed for interface {InterfaceGuid} with status ({AuthenticationScenarioType}),{InterfaceGuid} | {AuthenticationScenarioType}
1005,0,Information,Microsoft-Windows-HotspotAuth/Analytic,Hotspot Authentication,Stop,ut:Authentication,Windows 10,1909,Pro,2020/02/11,18363.657,Hotspot authentication has completed for interface {InterfaceGuid} with status ({AuthenticationScenarioType}),{InterfaceGuid} | {AuthenticationScenarioType}
1005,0,Information,Microsoft-Windows-HotspotAuth/Analytic,Hotspot Authentication,Stop,ut:Authentication,Windows 10,1909,Pro,2020/01/14,18363.592,Hotspot authentication has completed for interface {InterfaceGuid} with status ({AuthenticationScenarioType}),{InterfaceGuid} | {AuthenticationScenarioType}
1005,0,Information,Microsoft-Windows-HotspotAuth/Analytic,Hotspot Authentication,Stop,ut:Authentication,Windows 10,1909,Pro,2019/12/10,18363.535,Hotspot authentication has completed for interface {InterfaceGuid} with status ({AuthenticationScenarioType}),{InterfaceGuid} | {AuthenticationScenarioType}
1005,0,Information,Microsoft-Windows-HotspotAuth/Analytic,Hotspot Authentication,Stop,ut:Authentication,Windows 10,1909,Pro,2019/10/05,18363.418,Hotspot authentication has completed for interface {InterfaceGuid} with status ({AuthenticationScenarioType}),{InterfaceGuid} | {AuthenticationScenarioType}
1005,0,Information,Microsoft-Windows-HotspotAuth/Analytic,Hotspot Authentication,Stop,ut:Authentication,Windows 10,1909,Pro,2021/06/08,18363.1621,Hotspot authentication has completed for interface {InterfaceGuid} with status ({AuthenticationScenarioType}),{InterfaceGuid} | {AuthenticationScenarioType}
1005,0,Information,Microsoft-Windows-HotspotAuth/Analytic,Hotspot Authentication,Stop,ut:Authentication,Windows 10,1909,Pro,2021/05/11,18363.1556,Hotspot authentication has completed for interface {InterfaceGuid} with status ({AuthenticationScenarioType}),{InterfaceGuid} | {AuthenticationScenarioType}
1005,0,Information,Microsoft-Windows-HotspotAuth/Analytic,Hotspot Authentication,Stop,ut:Authentication,Windows 10,1909,Pro,2021/04/13,18363.15,Hotspot authentication has completed for interface {InterfaceGuid} with status ({AuthenticationScenarioType}),{InterfaceGuid} | {AuthenticationScenarioType}
1005,0,Information,Microsoft-Windows-HotspotAuth/Analytic,Hotspot Authentication,Stop,ut:Authentication,Windows 10,1909,Pro,2021/03/09,18363.144,Hotspot authentication has completed for interface {InterfaceGuid} with status ({AuthenticationScenarioType}),{InterfaceGuid} | {AuthenticationScenarioType}
1005,0,Information,Microsoft-Windows-HotspotAuth/Analytic,Hotspot Authentication,Stop,ut:Authentication,Windows 10,1909,Pro,2021/02/11,18363.1379,Hotspot authentication has completed for interface {InterfaceGuid} with status ({AuthenticationScenarioType}),{InterfaceGuid} | {AuthenticationScenarioType}
1005,0,Information,Microsoft-Windows-HotspotAuth/Analytic,Hotspot Authentication,Stop,ut:Authentication,Windows 10,1909,Pro,2021/01/12,18363.1316,Hotspot authentication has completed for interface {InterfaceGuid} with status ({AuthenticationScenarioType}),{InterfaceGuid} | {AuthenticationScenarioType}
1005,0,Information,Microsoft-Windows-HotspotAuth/Analytic,Hotspot Authentication,Stop,ut:Authentication,Windows 10,1909,Pro,2020/12/08,18363.1256,Hotspot authentication has completed for interface {InterfaceGuid} with status ({AuthenticationScenarioType}),{InterfaceGuid} | {AuthenticationScenarioType}
1005,0,Information,Microsoft-Windows-HotspotAuth/Analytic,Hotspot Authentication,Stop,ut:Authentication,Windows 10,1909,Pro,2020/11/10,18363.1198,Hotspot authentication has completed for interface {InterfaceGuid} with status ({AuthenticationScenarioType}),{InterfaceGuid} | {AuthenticationScenarioType}
1005,0,Information,Microsoft-Windows-HotspotAuth/Analytic,Hotspot Authentication,Stop,ut:Authentication,Windows 10,1909,Pro,2020/10/13,18363.1139,Hotspot authentication has completed for interface {InterfaceGuid} with status ({AuthenticationScenarioType}),{InterfaceGuid} | {AuthenticationScenarioType}
1005,0,Information,Microsoft-Windows-HotspotAuth/Analytic,Hotspot Authentication,Stop,ut:Authentication,Windows 10,1909,Pro,2020/09/08,18363.1082,Hotspot authentication has completed for interface {InterfaceGuid} with status ({AuthenticationScenarioType}),{InterfaceGuid} | {AuthenticationScenarioType}
1005,0,Information,Microsoft-Windows-HotspotAuth/Analytic,Hotspot Authentication,Stop,ut:Authentication,Windows 10,1909,Pro,2020/08/11,18363.1016,Hotspot authentication has completed for interface {InterfaceGuid} with status ({AuthenticationScenarioType}),{InterfaceGuid} | {AuthenticationScenarioType}
1005,0,Information,Microsoft-Windows-HotspotAuth/Analytic,Hotspot Authentication,Stop,ut:Authentication,Windows 10,1903,Pro,2020/07/14,18362.959,Hotspot authentication has completed for interface {InterfaceGuid} with status ({AuthenticationScenarioType}),{InterfaceGuid} | {AuthenticationScenarioType}
1005,0,Information,Microsoft-Windows-HotspotAuth/Analytic,Hotspot Authentication,Stop,ut:Authentication,Windows 10,1903,Pro,2020/05/12,18362.836,Hotspot authentication has completed for interface {InterfaceGuid} with status ({AuthenticationScenarioType}),{InterfaceGuid} | {AuthenticationScenarioType}
1005,0,Information,Microsoft-Windows-HotspotAuth/Analytic,Hotspot Authentication,Stop,ut:Authentication,Windows 10,1903,Pro,2020/03/12,18362.72,Hotspot authentication has completed for interface {InterfaceGuid} with status ({AuthenticationScenarioType}),{InterfaceGuid} | {AuthenticationScenarioType}
1005,0,Information,Microsoft-Windows-HotspotAuth/Analytic,Hotspot Authentication,Stop,ut:Authentication,Windows 10,1903,Pro,2020/02/11,18362.657,Hotspot authentication has completed for interface {InterfaceGuid} with status ({AuthenticationScenarioType}),{InterfaceGuid} | {AuthenticationScenarioType}
1005,0,Information,Microsoft-Windows-HotspotAuth/Analytic,Hotspot Authentication,Stop,ut:Authentication,Windows 10,1903,Pro,2019/12/10,18362.535,Hotspot authentication has completed for interface {InterfaceGuid} with status ({AuthenticationScenarioType}),{InterfaceGuid} | {AuthenticationScenarioType}
1005,0,Information,Microsoft-Windows-HotspotAuth/Analytic,Hotspot Authentication,Stop,ut:Authentication,Windows 10,1903,Pro,2019/11/12,18362.476,Hotspot authentication has completed for interface {InterfaceGuid} with status ({AuthenticationScenarioType}),{InterfaceGuid} | {AuthenticationScenarioType}
1005,0,Information,Microsoft-Windows-HotspotAuth/Analytic,Hotspot Authentication,Stop,ut:Authentication,Windows 10,1903,Pro,2019/09/10,18362.356,Hotspot authentication has completed for interface {InterfaceGuid} with status ({AuthenticationScenarioType}),{InterfaceGuid} | {AuthenticationScenarioType}
1005,0,Information,Microsoft-Windows-HotspotAuth/Analytic,Hotspot Authentication,Stop,ut:Authentication,Windows 10,1903,Pro,2019/03/29,18362.3,Hotspot authentication has completed for interface {InterfaceGuid} with status ({AuthenticationScenarioType}),{InterfaceGuid} | {AuthenticationScenarioType}
1005,0,Information,Microsoft-Windows-HotspotAuth/Analytic,Hotspot Authentication,Stop,ut:Authentication,Windows 10,1903,Pro,2019/07/09,18362.239,Hotspot authentication has completed for interface {InterfaceGuid} with status ({AuthenticationScenarioType}),{InterfaceGuid} | {AuthenticationScenarioType}
1005,0,Information,Microsoft-Windows-HotspotAuth/Analytic,Hotspot Authentication,Stop,ut:Authentication,Windows 10,1903,Pro,2019/06/11,18362.175,Hotspot authentication has completed for interface {InterfaceGuid} with status ({AuthenticationScenarioType}),{InterfaceGuid} | {AuthenticationScenarioType}
1005,0,Information,Microsoft-Windows-HotspotAuth/Analytic,Hotspot Authentication,Stop,ut:Authentication,Windows 10,1903,Pro,2020/12/08,18362.1256,Hotspot authentication has completed for interface {InterfaceGuid} with status ({AuthenticationScenarioType}),{InterfaceGuid} | {AuthenticationScenarioType}
1005,0,Information,Microsoft-Windows-HotspotAuth/Analytic,Hotspot Authentication,Stop,ut:Authentication,Windows 10,1903,Pro,2020/11/10,18362.1198,Hotspot authentication has completed for interface {InterfaceGuid} with status ({AuthenticationScenarioType}),{InterfaceGuid} | {AuthenticationScenarioType}
1005,0,Information,Microsoft-Windows-HotspotAuth/Analytic,Hotspot Authentication,Stop,ut:Authentication,Windows 10,1903,Pro,2020/10/13,18362.1139,Hotspot authentication has completed for interface {InterfaceGuid} with status ({AuthenticationScenarioType}),{InterfaceGuid} | {AuthenticationScenarioType}
1005,0,Information,Microsoft-Windows-HotspotAuth/Analytic,Hotspot Authentication,Stop,ut:Authentication,Windows 10,1903,Pro,2020/09/08,18362.1082,Hotspot authentication has completed for interface {InterfaceGuid} with status ({AuthenticationScenarioType}),{InterfaceGuid} | {AuthenticationScenarioType}
1005,0,Information,Microsoft-Windows-HotspotAuth/Analytic,Hotspot Authentication,Stop,ut:Authentication,Windows 10,1903,Pro,2019/12/10,18362.1016,Hotspot authentication has completed for interface {InterfaceGuid} with status ({AuthenticationScenarioType}),{InterfaceGuid} | {AuthenticationScenarioType}
1005,0,Information,Microsoft-Windows-HotspotAuth/Analytic,Hotspot Authentication,Stop,ut:Authentication,Windows 10,1809,Pro,2020/01/14,17763.973,Hotspot authentication has completed for interface {InterfaceGuid} with status ({AuthenticationScenarioType}),{InterfaceGuid} | {AuthenticationScenarioType}
1005,0,Information,Microsoft-Windows-HotspotAuth/Analytic,Hotspot Authentication,Stop,ut:Authentication,Windows 10,1809,Pro,2019/12/10,17763.914,Hotspot authentication has completed for interface {InterfaceGuid} with status ({AuthenticationScenarioType}),{InterfaceGuid} | {AuthenticationScenarioType}
1005,0,Information,Microsoft-Windows-HotspotAuth/Analytic,Hotspot Authentication,Stop,ut:Authentication,Windows 10,1809,Pro,2019/11/12,17763.864,Hotspot authentication has completed for interface {InterfaceGuid} with status ({AuthenticationScenarioType}),{InterfaceGuid} | {AuthenticationScenarioType}
1005,0,Information,Microsoft-Windows-HotspotAuth/Analytic,Hotspot Authentication,Stop,ut:Authentication,Windows 10,1809,Pro,2019/10/08,17763.805,Hotspot authentication has completed for interface {InterfaceGuid} with status ({AuthenticationScenarioType}),{InterfaceGuid} | {AuthenticationScenarioType}
1005,0,Information,Microsoft-Windows-HotspotAuth/Analytic,Hotspot Authentication,Stop,ut:Authentication,Windows 10,1809,Pro,2019/09/10,17763.737,Hotspot authentication has completed for interface {InterfaceGuid} with status ({AuthenticationScenarioType}),{InterfaceGuid} | {AuthenticationScenarioType}
1005,0,Information,Microsoft-Windows-HotspotAuth/Analytic,Hotspot Authentication,Stop,ut:Authentication,Windows 10,1809,Pro,2019/08/13,17763.678,Hotspot authentication has completed for interface {InterfaceGuid} with status ({AuthenticationScenarioType}),{InterfaceGuid} | {AuthenticationScenarioType}
1005,0,Information,Microsoft-Windows-HotspotAuth/Analytic,Hotspot Authentication,Stop,ut:Authentication,Windows 10,1809,Pro,2019/07/09,17763.615,Hotspot authentication has completed for interface {InterfaceGuid} with status ({AuthenticationScenarioType}),{InterfaceGuid} | {AuthenticationScenarioType}
1005,0,Information,Microsoft-Windows-HotspotAuth/Analytic,Hotspot Authentication,Stop,ut:Authentication,Windows 10,1809,Pro,2019/06/11,17763.557,Hotspot authentication has completed for interface {InterfaceGuid} with status ({AuthenticationScenarioType}),{InterfaceGuid} | {AuthenticationScenarioType}
1005,0,Information,Microsoft-Windows-HotspotAuth/Analytic,Hotspot Authentication,Stop,ut:Authentication,Windows 10,1809,Pro,2019/05/19,17763.504,Hotspot authentication has completed for interface {InterfaceGuid} with status ({AuthenticationScenarioType}),{InterfaceGuid} | {AuthenticationScenarioType}
1005,0,Information,Microsoft-Windows-HotspotAuth/Analytic,Hotspot Authentication,Stop,ut:Authentication,Windows 10,1809,Pro,2019/04/09,17763.437,Hotspot authentication has completed for interface {InterfaceGuid} with status ({AuthenticationScenarioType}),{InterfaceGuid} | {AuthenticationScenarioType}
1005,0,Information,Microsoft-Windows-HotspotAuth/Analytic,Hotspot Authentication,Stop,ut:Authentication,Windows 10,1809,Pro,2019/03/12,17763.379,Hotspot authentication has completed for interface {InterfaceGuid} with status ({AuthenticationScenarioType}),{InterfaceGuid} | {AuthenticationScenarioType}
1005,0,Information,Microsoft-Windows-HotspotAuth/Analytic,Hotspot Authentication,Stop,ut:Authentication,Windows 10,1809,Pro,2019/02/12,17763.316,Hotspot authentication has completed for interface {InterfaceGuid} with status ({AuthenticationScenarioType}),{InterfaceGuid} | {AuthenticationScenarioType}
1005,0,Information,Microsoft-Windows-HotspotAuth/Analytic,Hotspot Authentication,Stop,ut:Authentication,Windows 10,1803,Pro,2019/01/08,17763.253,Hotspot authentication has completed for interface {InterfaceGuid} with status ({AuthenticationScenarioType}),{InterfaceGuid} | {AuthenticationScenarioType}
1005,0,Information,Microsoft-Windows-HotspotAuth/Analytic,Hotspot Authentication,Stop,ut:Authentication,Windows 10,1809,Pro,2018/12/11,17763.194,Hotspot authentication has completed for interface {InterfaceGuid} with status ({AuthenticationScenarioType}),{InterfaceGuid} | {AuthenticationScenarioType}
1005,0,Information,Microsoft-Windows-HotspotAuth/Analytic,Hotspot Authentication,Stop,ut:Authentication,Windows 10,1809,Pro,2020/11/10,17763.1577,Hotspot authentication has completed for interface {InterfaceGuid} with status ({AuthenticationScenarioType}),{InterfaceGuid} | {AuthenticationScenarioType}
1005,0,Information,Microsoft-Windows-HotspotAuth/Analytic,Hotspot Authentication,Stop,ut:Authentication,Windows 10,1809,Pro,2020/10/13,17763.1518,Hotspot authentication has completed for interface {InterfaceGuid} with status ({AuthenticationScenarioType}),{InterfaceGuid} | {AuthenticationScenarioType}
1005,0,Information,Microsoft-Windows-HotspotAuth/Analytic,Hotspot Authentication,Stop,ut:Authentication,Windows 10,1809,Pro,2020/09/08,17763.1457,Hotspot authentication has completed for interface {InterfaceGuid} with status ({AuthenticationScenarioType}),{InterfaceGuid} | {AuthenticationScenarioType}
1005,0,Information,Microsoft-Windows-HotspotAuth/Analytic,Hotspot Authentication,Stop,ut:Authentication,Windows 10,1809,Pro,2020/08/11,17763.1397,Hotspot authentication has completed for interface {InterfaceGuid} with status ({AuthenticationScenarioType}),{InterfaceGuid} | {AuthenticationScenarioType}
1005,0,Information,Microsoft-Windows-HotspotAuth/Analytic,Hotspot Authentication,Stop,ut:Authentication,Windows 10,1809,Pro,2020/07/14,17763.1339,Hotspot authentication has completed for interface {InterfaceGuid} with status ({AuthenticationScenarioType}),{InterfaceGuid} | {AuthenticationScenarioType}
1005,0,Information,Microsoft-Windows-HotspotAuth/Analytic,Hotspot Authentication,Stop,ut:Authentication,Windows 10,1809,Pro,2020/06/09,17763.1282,Hotspot authentication has completed for interface {InterfaceGuid} with status ({AuthenticationScenarioType}),{InterfaceGuid} | {AuthenticationScenarioType}
1005,0,Information,Microsoft-Windows-HotspotAuth/Analytic,Hotspot Authentication,Stop,ut:Authentication,Windows 10,1809,Pro,2020/05/12,17763.1217,Hotspot authentication has completed for interface {InterfaceGuid} with status ({AuthenticationScenarioType}),{InterfaceGuid} | {AuthenticationScenarioType}
1005,0,Information,Microsoft-Windows-HotspotAuth/Analytic,Hotspot Authentication,Stop,ut:Authentication,Windows 10,1809,Pro,2020/04/14,17763.1158,Hotspot authentication has completed for interface {InterfaceGuid} with status ({AuthenticationScenarioType}),{InterfaceGuid} | {AuthenticationScenarioType}
1005,0,Information,Microsoft-Windows-HotspotAuth/Analytic,Hotspot Authentication,Stop,ut:Authentication,Windows 10,1809,Pro,2020/03/12,17763.1098,Hotspot authentication has completed for interface {InterfaceGuid} with status ({AuthenticationScenarioType}),{InterfaceGuid} | {AuthenticationScenarioType}
1005,0,Information,Microsoft-Windows-HotspotAuth/Analytic,Hotspot Authentication,Stop,ut:Authentication,Windows 10,1809,Pro,2018/11/13,17763.107,Hotspot authentication has completed for interface {InterfaceGuid} with status ({AuthenticationScenarioType}),{InterfaceGuid} | {AuthenticationScenarioType}
1005,0,Information,Microsoft-Windows-HotspotAuth/Analytic,Hotspot Authentication,Stop,ut:Authentication,Windows 10,1809,Pro,2020/02/11,17763.1039,Hotspot authentication has completed for interface {InterfaceGuid} with status ({AuthenticationScenarioType}),{InterfaceGuid} | {AuthenticationScenarioType}
1005,0,Information,Microsoft-Windows-HotspotAuth/Analytic,Hotspot Authentication,Stop,ut:Authentication,Windows 10,1803,Pro,2019/08/13,17134.95,Hotspot authentication has completed for interface {InterfaceGuid} with status ({AuthenticationScenarioType}),{InterfaceGuid} | {AuthenticationScenarioType}
1005,0,Information,Microsoft-Windows-HotspotAuth/Analytic,Hotspot Authentication,Stop,ut:Authentication,Windows 10,1803,Pro,2019/07/09,17134.885,Hotspot authentication has completed for interface {InterfaceGuid} with status ({AuthenticationScenarioType}),{InterfaceGuid} | {AuthenticationScenarioType}
1005,0,Information,Microsoft-Windows-HotspotAuth/Analytic,Hotspot Authentication,Stop,ut:Authentication,Windows 10,1803,Pro,2019/06/11,17134.829,Hotspot authentication has completed for interface {InterfaceGuid} with status ({AuthenticationScenarioType}),{InterfaceGuid} | {AuthenticationScenarioType}
1005,0,Information,Microsoft-Windows-HotspotAuth/Analytic,Hotspot Authentication,Stop,ut:Authentication,Windows 10,1803,Pro,2019/05/19,17134.766,Hotspot authentication has completed for interface {InterfaceGuid} with status ({AuthenticationScenarioType}),{InterfaceGuid} | {AuthenticationScenarioType}
1005,0,Information,Microsoft-Windows-HotspotAuth/Analytic,Hotspot Authentication,Stop,ut:Authentication,Windows 10,1803,Pro,2019/04/09,17134.706,Hotspot authentication has completed for interface {InterfaceGuid} with status ({AuthenticationScenarioType}),{InterfaceGuid} | {AuthenticationScenarioType}
1005,0,Information,Microsoft-Windows-HotspotAuth/Analytic,Hotspot Authentication,Stop,ut:Authentication,Windows 10,1803,Pro,2019/03/12,17134.648,Hotspot authentication has completed for interface {InterfaceGuid} with status ({AuthenticationScenarioType}),{InterfaceGuid} | {AuthenticationScenarioType}
1005,0,Information,Microsoft-Windows-HotspotAuth/Analytic,Hotspot Authentication,Stop,ut:Authentication,Windows 10,1803,Pro,2019/01/08,17134.523,Hotspot authentication has completed for interface {InterfaceGuid} with status ({AuthenticationScenarioType}),{InterfaceGuid} | {AuthenticationScenarioType}
1005,0,Information,Microsoft-Windows-HotspotAuth/Analytic,Hotspot Authentication,Stop,ut:Authentication,Windows 10,1803,Pro,2018/09/11,17134.285,Hotspot authentication has completed for interface {InterfaceGuid} with status ({AuthenticationScenarioType}),{InterfaceGuid} | {AuthenticationScenarioType}
1005,0,Information,Microsoft-Windows-HotspotAuth/Analytic,Hotspot Authentication,Stop,ut:Authentication,Windows 10,1803,Pro,2018/08/14,17134.228,Hotspot authentication has completed for interface {InterfaceGuid} with status ({AuthenticationScenarioType}),{InterfaceGuid} | {AuthenticationScenarioType}
1005,0,Information,Microsoft-Windows-HotspotAuth/Analytic,Hotspot Authentication,Stop,ut:Authentication,Windows 10,1803,Pro,2018/06/12,17134.112,Hotspot authentication has completed for interface {InterfaceGuid} with status ({AuthenticationScenarioType}),{InterfaceGuid} | {AuthenticationScenarioType}
1005,0,Information,Microsoft-Windows-HotspotAuth/Analytic,Hotspot Authentication,Stop,ut:Authentication,Windows 10,1803,Pro,2019/09/10,17134.1006,Hotspot authentication has completed for interface {InterfaceGuid} with status ({AuthenticationScenarioType}),{InterfaceGuid} | {AuthenticationScenarioType}
1005,0,Information,Microsoft-Windows-HotspotAuth/Analytic,Hotspot Authentication,Stop,ut:Authentication,Windows 10,1803,Pro,1970/01/01,17134.1,Hotspot authentication has completed for interface {InterfaceGuid} with status ({AuthenticationScenarioType}),{InterfaceGuid} | {AuthenticationScenarioType}
1005,0,Information,Microsoft-Windows-HotspotAuth/Analytic,Hotspot Authentication,Stop,ut:Authentication,Windows 10,1709,Pro,2017/11/14,16299.64,Hotspot authentication has completed for interface {InterfaceGuid} with status ({AuthenticationScenarioType}),{InterfaceGuid} | {AuthenticationScenarioType}
1005,0,Information,Microsoft-Windows-HotspotAuth/Analytic,Hotspot Authentication,Stop,ut:Authentication,Windows 10,1709,Pro,2017/11/14,16299.15,Hotspot authentication has completed for interface {InterfaceGuid} with status ({AuthenticationScenarioType}),{InterfaceGuid} | {AuthenticationScenarioType}
1005,0,Information,Microsoft-Windows-HotspotAuth/Analytic,Hotspot Authentication,Stop,ut:Authentication,Windows 10,1709,Pro,2017/12/12,16299.125,Hotspot authentication has completed for interface {InterfaceGuid} with status ({AuthenticationScenarioType}),{InterfaceGuid} | {AuthenticationScenarioType}
1005,0,Information,Microsoft-Windows-HotspotAuth/Analytic,Hotspot Authentication,Stop,ut:Authentication,Windows 10,1703,Pro,2017/07/11,15063.483,Hotspot authentication has completed for interface {InterfaceGuid} with status ({AuthenticationScenarioType}),{InterfaceGuid} | {AuthenticationScenarioType}
1005,0,Information,Microsoft-Windows-HotspotAuth/Analytic,Hotspot Authentication,Stop,ut:Authentication,Windows 10,1703,Pro,2017/06/13,15063.413,Hotspot authentication has completed for interface {InterfaceGuid} with status ({AuthenticationScenarioType}),{InterfaceGuid} | {AuthenticationScenarioType}
1005,0,Information,Microsoft-Windows-HotspotAuth/Analytic,Hotspot Authentication,Stop,ut:Authentication,Windows 10,1703,Pro,2017/03/20,15063.0,Hotspot authentication has completed for interface {InterfaceGuid} with status ({AuthenticationScenarioType}),{InterfaceGuid} | {AuthenticationScenarioType}
1005,0,Information,Microsoft-Windows-HotspotAuth/Analytic,Hotspot Authentication,Stop,ut:Authentication,Windows 10,1607,Pro,2016/11/08,14393.447,Hotspot authentication has completed for interface {InterfaceGuid} with status ({AuthenticationScenarioType}),{InterfaceGuid} | {AuthenticationScenarioType}
1005,0,Information,Microsoft-Windows-HotspotAuth/Analytic,Hotspot Authentication,Stop,ut:Authentication,Windows 10,1511,Pro,2016/03/08,10586.164,Hotspot authentication has completed for interface {InterfaceGuid} with status ({AuthenticationScenarioType}),{InterfaceGuid} | {AuthenticationScenarioType}
1005,0,Information,Microsoft-Windows-HotspotAuth/Analytic,Hotspot Authentication,Stop,ut:Authentication,Windows 10,1511,Enterprise,2016/02/09,10586.104,Hotspot authentication is complete for interface {InterfaceGuid} with status ({AuthenticationScenarioType}),{InterfaceGuid} | {AuthenticationScenarioType}
1005,0,Information,Microsoft-Windows-HotspotAuth/Analytic,Hotspot Authentication,Stop,ut:Authentication,Windows 10,1511,Pro,1970/01/01,10586.0,Hotspot authentication has completed for interface {InterfaceGuid} with status ({AuthenticationScenarioType}),{InterfaceGuid} | {AuthenticationScenarioType}
1005,0,Information,Microsoft-Windows-HotspotAuth/Analytic,Hotspot Authentication,Stop,ut:Authentication,Windows 10,1507,Pro,2015/07/29,10240.0,Hotspot authentication has completed for interface {InterfaceGuid} with status ({AuthenticationScenarioType}),{InterfaceGuid} | {AuthenticationScenarioType}
1005,0,Information,Microsoft-Windows-HotspotAuth/Analytic,Hotspot Authentication,Stop,ut:Authentication,Windows 8.1,8.1,Pro,1970/01/01,9600.0,Hotspot authentication has completed for interface {InterfaceGuid} with status ({AuthenticationScenarioType}),{InterfaceGuid} | {AuthenticationScenarioType}
1005,0,Information,Microsoft-Windows-HotspotAuth/Analytic,Hotspot Authentication,Stop,ut:Authentication,Windows 8,8,Pro,1970/01/01,9200.0,Hotspot authentication has completed for interface {InterfaceGuid} with status ({AuthenticationScenarioType}),{InterfaceGuid} | {AuthenticationScenarioType}
1006,0,Information,Microsoft-Windows-HotspotAuth/Analytic,Hotspot Authentication,Stop,ut:Authentication,Windows 11,24H2,Pro,2024/10/2,26100.1742,Hotspot authentication scenario has cancelled for interface {InterfaceGuid},{InterfaceGuid}
1006,0,Information,Microsoft-Windows-HotspotAuth/Analytic,Hotspot Authentication,Stop,ut:Authentication,Windows 11,22H2,Pro,2022/12/20,22621.963,Hotspot authentication scenario has cancelled for interface {InterfaceGuid},{InterfaceGuid}
1006,0,Information,Microsoft-Windows-HotspotAuth/Analytic,Hotspot Authentication,Stop,ut:Authentication,Windows 11,22H2,Pro,2022/11/15,22621.819,Hotspot authentication scenario has cancelled for interface {InterfaceGuid},{InterfaceGuid}
1006,0,Information,Microsoft-Windows-HotspotAuth/Analytic,Hotspot Authentication,Stop,ut:Authentication,Windows 11,22H2,Pro,2022/10/18,22621.674,Hotspot authentication scenario has cancelled for interface {InterfaceGuid},{InterfaceGuid}
1006,0,Information,Microsoft-Windows-HotspotAuth/Analytic,Hotspot Authentication,Stop,ut:Authentication,Windows 11,22H2,Pro,2022/09/20,22621.382,Hotspot authentication scenario has cancelled for interface {InterfaceGuid},{InterfaceGuid}
1006,0,Information,Microsoft-Windows-HotspotAuth/Analytic,Hotspot Authentication,Stop,ut:Authentication,Windows 11,22H2,Pro,2023/03/21,22621.1413,Hotspot authentication scenario has cancelled for interface {InterfaceGuid},{InterfaceGuid}
1006,0,Information,Microsoft-Windows-HotspotAuth/Analytic,Hotspot Authentication,Stop,ut:Authentication,Windows 11,22H2,Pro,2023/02/21,22621.1265,Hotspot authentication scenario has cancelled for interface {InterfaceGuid},{InterfaceGuid}
1006,0,Information,Microsoft-Windows-HotspotAuth/Analytic,Hotspot Authentication,Stop,ut:Authentication,Windows 11,22H2,Pro,2023/01/17,22621.1105,Hotspot authentication scenario has cancelled for interface {InterfaceGuid},{InterfaceGuid}
1006,0,Information,Microsoft-Windows-HotspotAuth/Analytic,Hotspot Authentication,Stop,ut:Authentication,Windows 11,21H2,Pro,2022/09/20,22000.978,Hotspot authentication scenario has cancelled for interface {InterfaceGuid},{InterfaceGuid}
1006,0,Information,Microsoft-Windows-HotspotAuth/Analytic,Hotspot Authentication,Stop,ut:Authentication,Windows 11,21H2,Pro,2022/08/16,22000.856,Hotspot authentication scenario has cancelled for interface {InterfaceGuid},{InterfaceGuid}
1006,0,Information,Microsoft-Windows-HotspotAuth/Analytic,Hotspot Authentication,Stop,ut:Authentication,Windows 11,21H2,Pro,2022/07/19,22000.795,Hotspot authentication scenario has cancelled for interface {InterfaceGuid},{InterfaceGuid}
1006,0,Information,Microsoft-Windows-HotspotAuth/Analytic,Hotspot Authentication,Stop,ut:Authentication,Windows 11,21H2,Pro,2022/06/21,22000.739,Hotspot authentication scenario has cancelled for interface {InterfaceGuid},{InterfaceGuid}
1006,0,Information,Microsoft-Windows-HotspotAuth/Analytic,Hotspot Authentication,Stop,ut:Authentication,Windows 11,21H2,Pro,2022/05/17,22000.675,Hotspot authentication scenario has cancelled for interface {InterfaceGuid},{InterfaceGuid}
1006,0,Information,Microsoft-Windows-HotspotAuth/Analytic,Hotspot Authentication,Stop,ut:Authentication,Windows 11,21H2,Pro,2022/04/19,22000.613,Hotspot authentication scenario has cancelled for interface {InterfaceGuid},{InterfaceGuid}
1006,0,Information,Microsoft-Windows-HotspotAuth/Analytic,Hotspot Authentication,Stop,ut:Authentication,Windows 11,21H2,Pro,2022/03/15,22000.556,Hotspot authentication scenario has cancelled for interface {InterfaceGuid},{InterfaceGuid}
1006,0,Information,Microsoft-Windows-HotspotAuth/Analytic,Hotspot Authentication,Stop,ut:Authentication,Windows 11,21H2,Pro,2022/02/15,22000.493,Hotspot authentication scenario has cancelled for interface {InterfaceGuid},{InterfaceGuid}
1006,0,Information,Microsoft-Windows-HotspotAuth/Analytic,Hotspot Authentication,Stop,ut:Authentication,Windows 11,21H2,Pro,2022/01/11,22000.434,Hotspot authentication scenario has cancelled for interface {InterfaceGuid},{InterfaceGuid}
1006,0,Information,Microsoft-Windows-HotspotAuth/Analytic,Hotspot Authentication,Stop,ut:Authentication,Windows 11,21H2,Pro,2021/12/14,22000.376,Hotspot authentication scenario has cancelled for interface {InterfaceGuid},{InterfaceGuid}
1006,0,Information,Microsoft-Windows-HotspotAuth/Analytic,Hotspot Authentication,Stop,ut:Authentication,Windows 11,21H2,Pro,2021/11/09,22000.318,Hotspot authentication scenario has cancelled for interface {InterfaceGuid},{InterfaceGuid}
1006,0,Information,Microsoft-Windows-HotspotAuth/Analytic,Hotspot Authentication,Stop,ut:Authentication,Windows 11,21H2,Pro,2021/09/16,22000.194,Hotspot authentication scenario has cancelled for interface {InterfaceGuid},{InterfaceGuid}
1006,0,Information,Microsoft-Windows-HotspotAuth/Analytic,Hotspot Authentication,Stop,ut:Authentication,Windows 11,21H2,Pro,2023/03/21,22000.1696,Hotspot authentication scenario has cancelled for interface {InterfaceGuid},{InterfaceGuid}
1006,0,Information,Microsoft-Windows-HotspotAuth/Analytic,Hotspot Authentication,Stop,ut:Authentication,Windows 11,21H2,Pro,2023/02/21,22000.1574,Hotspot authentication scenario has cancelled for interface {InterfaceGuid},{InterfaceGuid}
1006,0,Information,Microsoft-Windows-HotspotAuth/Analytic,Hotspot Authentication,Stop,ut:Authentication,Windows 11,21H2,Pro,2023/01/17,22000.1455,Hotspot authentication scenario has cancelled for interface {InterfaceGuid},{InterfaceGuid}
1006,0,Information,Microsoft-Windows-HotspotAuth/Analytic,Hotspot Authentication,Stop,ut:Authentication,Windows 11,21H2,Pro,2022/12/20,22000.1335,Hotspot authentication scenario has cancelled for interface {InterfaceGuid},{InterfaceGuid}
1006,0,Information,Microsoft-Windows-HotspotAuth/Analytic,Hotspot Authentication,Stop,ut:Authentication,Windows 11,21H2,Pro,2022/11/15,22000.1219,Hotspot authentication scenario has cancelled for interface {InterfaceGuid},{InterfaceGuid}
1006,0,Information,Microsoft-Windows-HotspotAuth/Analytic,Hotspot Authentication,Stop,ut:Authentication,Windows 11,21H2,Pro,2022/10/18,22000.1098,Hotspot authentication scenario has cancelled for interface {InterfaceGuid},{InterfaceGuid}
1006,0,Information,Microsoft-Windows-HotspotAuth/Analytic,Hotspot Authentication,Stop,ut:Authentication,Windows 11,21H2,Pro-Dev,1970/01/01,21996.1,Hotspot authentication scenario has cancelled for interface {InterfaceGuid},{InterfaceGuid}
1006,0,Information,Microsoft-Windows-HotspotAuth/Analytic,Hotspot Authentication,Stop,ut:Authentication,Windows 10,22H2,Pro,2023/03/21,19045.2728,Hotspot authentication scenario has cancelled for interface {InterfaceGuid},{InterfaceGuid}
1006,0,Information,Microsoft-Windows-HotspotAuth/Analytic,Hotspot Authentication,Stop,ut:Authentication,Windows 10,22H2,Pro,2023/02/21,19045.2604,Hotspot authentication scenario has cancelled for interface {InterfaceGuid},{InterfaceGuid}
1006,0,Information,Microsoft-Windows-HotspotAuth/Analytic,Hotspot Authentication,Stop,ut:Authentication,Windows 10,22H2,Pro,2023/01/17,19045.2486,Hotspot authentication scenario has cancelled for interface {InterfaceGuid},{InterfaceGuid}
1006,0,Information,Microsoft-Windows-HotspotAuth/Analytic,Hotspot Authentication,Stop,ut:Authentication,Windows 10,22H2,Pro,2022/12/20,19045.2364,Hotspot authentication scenario has cancelled for interface {InterfaceGuid},{InterfaceGuid}
1006,0,Information,Microsoft-Windows-HotspotAuth/Analytic,Hotspot Authentication,Stop,ut:Authentication,Windows 10,22H2,Pro,2022/11/15,19045.2251,Hotspot authentication scenario has cancelled for interface {InterfaceGuid},{InterfaceGuid}
1006,0,Information,Microsoft-Windows-HotspotAuth/Analytic,Hotspot Authentication,Stop,ut:Authentication,Windows 10,21H2,Pro,2023/03/21,19044.2728,Hotspot authentication scenario has cancelled for interface {InterfaceGuid},{InterfaceGuid}
1006,0,Information,Microsoft-Windows-HotspotAuth/Analytic,Hotspot Authentication,Stop,ut:Authentication,Windows 10,21H2,Pro,2023/02/21,19044.2604,Hotspot authentication scenario has cancelled for interface {InterfaceGuid},{InterfaceGuid}
1006,0,Information,Microsoft-Windows-HotspotAuth/Analytic,Hotspot Authentication,Stop,ut:Authentication,Windows 10,21H2,Pro,2023/01/17,19044.2486,Hotspot authentication scenario has cancelled for interface {InterfaceGuid},{InterfaceGuid}
1006,0,Information,Microsoft-Windows-HotspotAuth/Analytic,Hotspot Authentication,Stop,ut:Authentication,Windows 10,21H2,Pro,2022/12/20,19044.2364,Hotspot authentication scenario has cancelled for interface {InterfaceGuid},{InterfaceGuid}
1006,0,Information,Microsoft-Windows-HotspotAuth/Analytic,Hotspot Authentication,Stop,ut:Authentication,Windows 10,21H2,Pro,2022/11/15,19044.2251,Hotspot authentication scenario has cancelled for interface {InterfaceGuid},{InterfaceGuid}
1006,0,Information,Microsoft-Windows-HotspotAuth/Analytic,Hotspot Authentication,Stop,ut:Authentication,Windows 10,21H2,Pro,2022/10/18,19044.213,Hotspot authentication scenario has cancelled for interface {InterfaceGuid},{InterfaceGuid}
1006,0,Information,Microsoft-Windows-HotspotAuth/Analytic,Hotspot Authentication,Stop,ut:Authentication,Windows 10,21H2,Pro,2022/09/20,19044.2006,Hotspot authentication scenario has cancelled for interface {InterfaceGuid},{InterfaceGuid}
1006,0,Information,Microsoft-Windows-HotspotAuth/Analytic,Hotspot Authentication,Stop,ut:Authentication,Windows 10,21H2,Pro,2022/08/16,19044.1889,Hotspot authentication scenario has cancelled for interface {InterfaceGuid},{InterfaceGuid}
1006,0,Information,Microsoft-Windows-HotspotAuth/Analytic,Hotspot Authentication,Stop,ut:Authentication,Windows 10,21H2,Pro,2022/07/19,19044.1826,Hotspot authentication scenario has cancelled for interface {InterfaceGuid},{InterfaceGuid}
1006,0,Information,Microsoft-Windows-HotspotAuth/Analytic,Hotspot Authentication,Stop,ut:Authentication,Windows 10,21H2,Pro,2022/06/21,19044.1766,Hotspot authentication scenario has cancelled for interface {InterfaceGuid},{InterfaceGuid}
1006,0,Information,Microsoft-Windows-HotspotAuth/Analytic,Hotspot Authentication,Stop,ut:Authentication,Windows 10,21H2,Pro,2022/05/17,19044.1706,Hotspot authentication scenario has cancelled for interface {InterfaceGuid},{InterfaceGuid}
1006,0,Information,Microsoft-Windows-HotspotAuth/Analytic,Hotspot Authentication,Stop,ut:Authentication,Windows 10,21H2,Pro,2022/04/19,19044.1645,Hotspot authentication scenario has cancelled for interface {InterfaceGuid},{InterfaceGuid}
1006,0,Information,Microsoft-Windows-HotspotAuth/Analytic,Hotspot Authentication,Stop,ut:Authentication,Windows 10,21H2,Pro,2022/01/11,19044.1466,Hotspot authentication scenario has cancelled for interface {InterfaceGuid},{InterfaceGuid}
1006,0,Information,Microsoft-Windows-HotspotAuth/Analytic,Hotspot Authentication,Stop,ut:Authentication,Windows 10,21H2,Pro,2021/10/12,19044.1288,Hotspot authentication scenario has cancelled for interface {InterfaceGuid},{InterfaceGuid}
1006,0,Information,Microsoft-Windows-HotspotAuth/Analytic,Hotspot Authentication,Stop,ut:Authentication,Windows 10,21H1,Pro,2021/04/13,19043.928,Hotspot authentication scenario has cancelled for interface {InterfaceGuid},{InterfaceGuid}
1006,0,Information,Microsoft-Windows-HotspotAuth/Analytic,Hotspot Authentication,Stop,ut:Authentication,Windows 10,21H1,Pro,2022/12/20,19043.2364,Hotspot authentication scenario has cancelled for interface {InterfaceGuid},{InterfaceGuid}
1006,0,Information,Microsoft-Windows-HotspotAuth/Analytic,Hotspot Authentication,Stop,ut:Authentication,Windows 10,21H1,Pro,2022/11/15,19043.2251,Hotspot authentication scenario has cancelled for interface {InterfaceGuid},{InterfaceGuid}
1006,0,Information,Microsoft-Windows-HotspotAuth/Analytic,Hotspot Authentication,Stop,ut:Authentication,Windows 10,21H1,Pro,2022/10/18,19043.213,Hotspot authentication scenario has cancelled for interface {InterfaceGuid},{InterfaceGuid}
1006,0,Information,Microsoft-Windows-HotspotAuth/Analytic,Hotspot Authentication,Stop,ut:Authentication,Windows 10,21H1,Pro,2022/09/20,19043.2006,Hotspot authentication scenario has cancelled for interface {InterfaceGuid},{InterfaceGuid}
1006,0,Information,Microsoft-Windows-HotspotAuth/Analytic,Hotspot Authentication,Stop,ut:Authentication,Windows 10,21H1,Pro,2022/08/16,19043.1889,Hotspot authentication scenario has cancelled for interface {InterfaceGuid},{InterfaceGuid}
1006,0,Information,Microsoft-Windows-HotspotAuth/Analytic,Hotspot Authentication,Stop,ut:Authentication,Windows 10,21H1,Pro,2022/07/19,19043.1826,Hotspot authentication scenario has cancelled for interface {InterfaceGuid},{InterfaceGuid}
1006,0,Information,Microsoft-Windows-HotspotAuth/Analytic,Hotspot Authentication,Stop,ut:Authentication,Windows 10,21H1,Pro,2022/06/21,19043.1766,Hotspot authentication scenario has cancelled for interface {InterfaceGuid},{InterfaceGuid}
1006,0,Information,Microsoft-Windows-HotspotAuth/Analytic,Hotspot Authentication,Stop,ut:Authentication,Windows 10,21H1,Pro,2022/05/17,19043.1706,Hotspot authentication scenario has cancelled for interface {InterfaceGuid},{InterfaceGuid}
1006,0,Information,Microsoft-Windows-HotspotAuth/Analytic,Hotspot Authentication,Stop,ut:Authentication,Windows 10,21H1,Pro,2022/04/19,19043.1645,Hotspot authentication scenario has cancelled for interface {InterfaceGuid},{InterfaceGuid}
1006,0,Information,Microsoft-Windows-HotspotAuth/Analytic,Hotspot Authentication,Stop,ut:Authentication,Windows 10,21H1,Pro,2022/01/11,19043.1466,Hotspot authentication scenario has cancelled for interface {InterfaceGuid},{InterfaceGuid}
1006,0,Information,Microsoft-Windows-HotspotAuth/Analytic,Hotspot Authentication,Stop,ut:Authentication,Windows 10,21H1,Pro,2021/12/14,19043.1415,Hotspot authentication scenario has cancelled for interface {InterfaceGuid},{InterfaceGuid}
1006,0,Information,Microsoft-Windows-HotspotAuth/Analytic,Hotspot Authentication,Stop,ut:Authentication,Windows 10,21H2,Pro,2021/12/14,19043.1415,Hotspot authentication scenario has cancelled for interface {InterfaceGuid},{InterfaceGuid}
1006,0,Information,Microsoft-Windows-HotspotAuth/Analytic,Hotspot Authentication,Stop,ut:Authentication,Windows 10,21H1,Pro,2021/11/09,19043.1348,Hotspot authentication scenario has cancelled for interface {InterfaceGuid},{InterfaceGuid}
1006,0,Information,Microsoft-Windows-HotspotAuth/Analytic,Hotspot Authentication,Stop,ut:Authentication,Windows 10,21H1,Pro,2021/10/12,19043.1288,Hotspot authentication scenario has cancelled for interface {InterfaceGuid},{InterfaceGuid}
1006,0,Information,Microsoft-Windows-HotspotAuth/Analytic,Hotspot Authentication,Stop,ut:Authentication,Windows 10,21H1,Pro,2021/09/14,19043.1237,Hotspot authentication scenario has cancelled for interface {InterfaceGuid},{InterfaceGuid}
1006,0,Information,Microsoft-Windows-HotspotAuth/Analytic,Hotspot Authentication,Stop,ut:Authentication,Windows 10,21H1,Pro,2021/08/10,19043.1165,Hotspot authentication scenario has cancelled for interface {InterfaceGuid},{InterfaceGuid}
1006,0,Information,Microsoft-Windows-HotspotAuth/Analytic,Hotspot Authentication,Stop,ut:Authentication,Windows 10,21H1,Pro,2021/07/13,19043.111,Hotspot authentication scenario has cancelled for interface {InterfaceGuid},{InterfaceGuid}
1006,0,Information,Microsoft-Windows-HotspotAuth/Analytic,Hotspot Authentication,Stop,ut:Authentication,Windows 10,21H1,Pro,2021/06/08,19043.1052,Hotspot authentication scenario has cancelled for interface {InterfaceGuid},{InterfaceGuid}
1006,0,Information,Microsoft-Windows-HotspotAuth/Analytic,Hotspot Authentication,Stop,ut:Authentication,Windows 10,20H2,Pro,2022/04/19,19042.1645,Hotspot authentication scenario has cancelled for interface {InterfaceGuid},{InterfaceGuid}
1006,0,Information,Microsoft-Windows-HotspotAuth/Analytic,Hotspot Authentication,Stop,ut:Authentication,Windows 10,20H2,Pro,2022/01/11,19042.1466,Hotspot authentication scenario has cancelled for interface {InterfaceGuid},{InterfaceGuid}
1006,0,Information,Microsoft-Windows-HotspotAuth/Analytic,Hotspot Authentication,Stop,ut:Authentication,Windows 10,2004,Pro,2021/05/11,19041.985,Hotspot authentication scenario has cancelled for interface {InterfaceGuid},{InterfaceGuid}
1006,0,Information,Microsoft-Windows-HotspotAuth/Analytic,Hotspot Authentication,Stop,ut:Authentication,Windows 10,20H2,Pro,2021/05/11,19041.985,Hotspot authentication scenario has cancelled for interface {InterfaceGuid},{InterfaceGuid}
1006,0,Information,Microsoft-Windows-HotspotAuth/Analytic,Hotspot Authentication,Stop,ut:Authentication,Windows 10,2004,Pro,2021/04/13,19041.928,Hotspot authentication scenario has cancelled for interface {InterfaceGuid},{InterfaceGuid}
1006,0,Information,Microsoft-Windows-HotspotAuth/Analytic,Hotspot Authentication,Stop,ut:Authentication,Windows 10,20H2,Pro,2021/04/13,19041.928,Hotspot authentication scenario has cancelled for interface {InterfaceGuid},{InterfaceGuid}
1006,0,Information,Microsoft-Windows-HotspotAuth/Analytic,Hotspot Authentication,Stop,ut:Authentication,Windows 10,2004,Pro,2021/03/09,19041.867,Hotspot authentication scenario has cancelled for interface {InterfaceGuid},{InterfaceGuid}
1006,0,Information,Microsoft-Windows-HotspotAuth/Analytic,Hotspot Authentication,Stop,ut:Authentication,Windows 10,20H2,Pro,2021/03/09,19041.867,Hotspot authentication scenario has cancelled for interface {InterfaceGuid},{InterfaceGuid}
1006,0,Information,Microsoft-Windows-HotspotAuth/Analytic,Hotspot Authentication,Stop,ut:Authentication,Windows 10,2004,Pro,2021/02/09,19041.804,Hotspot authentication scenario has cancelled for interface {InterfaceGuid},{InterfaceGuid}
1006,0,Information,Microsoft-Windows-HotspotAuth/Analytic,Hotspot Authentication,Stop,ut:Authentication,Windows 10,20H2,Pro,2021/02/09,19041.804,Hotspot authentication scenario has cancelled for interface {InterfaceGuid},{InterfaceGuid}
1006,0,Information,Microsoft-Windows-HotspotAuth/Analytic,Hotspot Authentication,Stop,ut:Authentication,Windows 10,2004,Pro,2021/01/12,19041.746,Hotspot authentication scenario has cancelled for interface {InterfaceGuid},{InterfaceGuid}
1006,0,Information,Microsoft-Windows-HotspotAuth/Analytic,Hotspot Authentication,Stop,ut:Authentication,Windows 10,20H2,Pro,2021/01/12,19041.746,Hotspot authentication scenario has cancelled for interface {InterfaceGuid},{InterfaceGuid}
1006,0,Information,Microsoft-Windows-HotspotAuth/Analytic,Hotspot Authentication,Stop,ut:Authentication,Windows 10,2004,Pro,2020/12/08,19041.685,Hotspot authentication scenario has cancelled for interface {InterfaceGuid},{InterfaceGuid}
1006,0,Information,Microsoft-Windows-HotspotAuth/Analytic,Hotspot Authentication,Stop,ut:Authentication,Windows 10,20H2,Pro,2020/12/08,19041.685,Hotspot authentication scenario has cancelled for interface {InterfaceGuid},{InterfaceGuid}
1006,0,Information,Microsoft-Windows-HotspotAuth/Analytic,Hotspot Authentication,Stop,ut:Authentication,Windows 10,20H2,Pro,2020/11/19,19041.631,Hotspot authentication scenario has cancelled for interface {InterfaceGuid},{InterfaceGuid}
1006,0,Information,Microsoft-Windows-HotspotAuth/Analytic,Hotspot Authentication,Stop,ut:Authentication,Windows 10,2004,Pro,2020/11/10,19041.63,Hotspot authentication scenario has cancelled for interface {InterfaceGuid},{InterfaceGuid}
1006,0,Information,Microsoft-Windows-HotspotAuth/Analytic,Hotspot Authentication,Stop,ut:Authentication,Windows 10,2004,Pro,2020/10/13,19041.572,Hotspot authentication scenario has cancelled for interface {InterfaceGuid},{InterfaceGuid}
1006,0,Information,Microsoft-Windows-HotspotAuth/Analytic,Hotspot Authentication,Stop,ut:Authentication,Windows 10,2004,Pro,2020/09/08,19041.508,Hotspot authentication scenario has cancelled for interface {InterfaceGuid},{InterfaceGuid}
1006,0,Information,Microsoft-Windows-HotspotAuth/Analytic,Hotspot Authentication,Stop,ut:Authentication,Windows 10,2004,Pro,2020/08/11,19041.45,Hotspot authentication scenario has cancelled for interface {InterfaceGuid},{InterfaceGuid}
1006,0,Information,Microsoft-Windows-HotspotAuth/Analytic,Hotspot Authentication,Stop,ut:Authentication,Windows 10,2004,Pro,2020/07/14,19041.388,Hotspot authentication scenario has cancelled for interface {InterfaceGuid},{InterfaceGuid}
1006,0,Information,Microsoft-Windows-HotspotAuth/Analytic,Hotspot Authentication,Stop,ut:Authentication,Windows 10,2004,Pro,2020/06/09,19041.329,Hotspot authentication scenario has cancelled for interface {InterfaceGuid},{InterfaceGuid}
1006,0,Information,Microsoft-Windows-HotspotAuth/Analytic,Hotspot Authentication,Stop,ut:Authentication,Windows 10,2004,Pro,2020/05/27,19041.264,Hotspot authentication scenario has cancelled for interface {InterfaceGuid},{InterfaceGuid}
1006,0,Information,Microsoft-Windows-HotspotAuth/Analytic,Hotspot Authentication,Stop,ut:Authentication,Windows 10,2004,Pro,2020/04/16,19041.208,Hotspot authentication scenario has cancelled for interface {InterfaceGuid},{InterfaceGuid}
1006,0,Information,Microsoft-Windows-HotspotAuth/Analytic,Hotspot Authentication,Stop,ut:Authentication,Windows 10,21H1,Pro,2022/03/15,19041.1586,Hotspot authentication scenario has cancelled for interface {InterfaceGuid},{InterfaceGuid}
1006,0,Information,Microsoft-Windows-HotspotAuth/Analytic,Hotspot Authentication,Stop,ut:Authentication,Windows 10,20H2,Pro,2022/03/15,19041.1586,Hotspot authentication scenario has cancelled for interface {InterfaceGuid},{InterfaceGuid}
1006,0,Information,Microsoft-Windows-HotspotAuth/Analytic,Hotspot Authentication,Stop,ut:Authentication,Windows 10,21H2,Pro,2022/03/15,19041.1586,Hotspot authentication scenario has cancelled for interface {InterfaceGuid},{InterfaceGuid}
1006,0,Information,Microsoft-Windows-HotspotAuth/Analytic,Hotspot Authentication,Stop,ut:Authentication,Windows 10,21H1,Pro,2022/02/15,19041.1526,Hotspot authentication scenario has cancelled for interface {InterfaceGuid},{InterfaceGuid}
1006,0,Information,Microsoft-Windows-HotspotAuth/Analytic,Hotspot Authentication,Stop,ut:Authentication,Windows 10,20H2,Pro,2022/02/15,19041.1526,Hotspot authentication scenario has cancelled for interface {InterfaceGuid},{InterfaceGuid}
1006,0,Information,Microsoft-Windows-HotspotAuth/Analytic,Hotspot Authentication,Stop,ut:Authentication,Windows 10,21H2,Pro,2022/02/15,19041.1526,Hotspot authentication scenario has cancelled for interface {InterfaceGuid},{InterfaceGuid}
1006,0,Information,Microsoft-Windows-HotspotAuth/Analytic,Hotspot Authentication,Stop,ut:Authentication,Windows 10,20H2,Pro,2021/12/14,19041.1415,Hotspot authentication scenario has cancelled for interface {InterfaceGuid},{InterfaceGuid}
1006,0,Information,Microsoft-Windows-HotspotAuth/Analytic,Hotspot Authentication,Stop,ut:Authentication,Windows 10,2004,Pro,2021/11/09,19041.1348,Hotspot authentication scenario has cancelled for interface {InterfaceGuid},{InterfaceGuid}
1006,0,Information,Microsoft-Windows-HotspotAuth/Analytic,Hotspot Authentication,Stop,ut:Authentication,Windows 10,20H2,Pro,2021/11/09,19041.1348,Hotspot authentication scenario has cancelled for interface {InterfaceGuid},{InterfaceGuid}
1006,0,Information,Microsoft-Windows-HotspotAuth/Analytic,Hotspot Authentication,Stop,ut:Authentication,Windows 10,2004,Pro,2021/10/12,19041.1288,Hotspot authentication scenario has cancelled for interface {InterfaceGuid},{InterfaceGuid}
1006,0,Information,Microsoft-Windows-HotspotAuth/Analytic,Hotspot Authentication,Stop,ut:Authentication,Windows 10,20H2,Pro,2021/10/12,19041.1288,Hotspot authentication scenario has cancelled for interface {InterfaceGuid},{InterfaceGuid}
1006,0,Information,Microsoft-Windows-HotspotAuth/Analytic,Hotspot Authentication,Stop,ut:Authentication,Windows 10,2004,Pro,2021/09/14,19041.1237,Hotspot authentication scenario has cancelled for interface {InterfaceGuid},{InterfaceGuid}
1006,0,Information,Microsoft-Windows-HotspotAuth/Analytic,Hotspot Authentication,Stop,ut:Authentication,Windows 10,20H2,Pro,2021/09/14,19041.1237,Hotspot authentication scenario has cancelled for interface {InterfaceGuid},{InterfaceGuid}
1006,0,Information,Microsoft-Windows-HotspotAuth/Analytic,Hotspot Authentication,Stop,ut:Authentication,Windows 10,2004,Pro,2021/08/10,19041.1165,Hotspot authentication scenario has cancelled for interface {InterfaceGuid},{InterfaceGuid}
1006,0,Information,Microsoft-Windows-HotspotAuth/Analytic,Hotspot Authentication,Stop,ut:Authentication,Windows 10,20H2,Pro,2021/08/10,19041.1165,Hotspot authentication scenario has cancelled for interface {InterfaceGuid},{InterfaceGuid}
1006,0,Information,Microsoft-Windows-HotspotAuth/Analytic,Hotspot Authentication,Stop,ut:Authentication,Windows 10,2004,Pro,2021/07/13,19041.111,Hotspot authentication scenario has cancelled for interface {InterfaceGuid},{InterfaceGuid}
1006,0,Information,Microsoft-Windows-HotspotAuth/Analytic,Hotspot Authentication,Stop,ut:Authentication,Windows 10,20H2,Pro,2021/07/13,19041.111,Hotspot authentication scenario has cancelled for interface {InterfaceGuid},{InterfaceGuid}
1006,0,Information,Microsoft-Windows-HotspotAuth/Analytic,Hotspot Authentication,Stop,ut:Authentication,Windows 10,2004,Pro,2021/06/08,19041.1052,Hotspot authentication scenario has cancelled for interface {InterfaceGuid},{InterfaceGuid}
1006,0,Information,Microsoft-Windows-HotspotAuth/Analytic,Hotspot Authentication,Stop,ut:Authentication,Windows 10,20H2,Pro,2021/06/08,19041.1052,Hotspot authentication scenario has cancelled for interface {InterfaceGuid},{InterfaceGuid}
1006,0,Information,Microsoft-Windows-HotspotAuth/Analytic,Hotspot Authentication,Stop,ut:Authentication,Windows 10,1909,Pro,2020/07/14,18363.959,Hotspot authentication scenario has cancelled for interface {InterfaceGuid},{InterfaceGuid}
1006,0,Information,Microsoft-Windows-HotspotAuth/Analytic,Hotspot Authentication,Stop,ut:Authentication,Windows 10,1909,Pro,2020/06/09,18363.9,Hotspot authentication scenario has cancelled for interface {InterfaceGuid},{InterfaceGuid}
1006,0,Information,Microsoft-Windows-HotspotAuth/Analytic,Hotspot Authentication,Stop,ut:Authentication,Windows 10,1909,Pro,2020/05/12,18363.836,Hotspot authentication scenario has cancelled for interface {InterfaceGuid},{InterfaceGuid}
1006,0,Information,Microsoft-Windows-HotspotAuth/Analytic,Hotspot Authentication,Stop,ut:Authentication,Windows 10,1909,Pro,2020/04/14,18363.778,Hotspot authentication scenario has cancelled for interface {InterfaceGuid},{InterfaceGuid}
1006,0,Information,Microsoft-Windows-HotspotAuth/Analytic,Hotspot Authentication,Stop,ut:Authentication,Windows 10,1909,Pro,2020/03/12,18363.72,Hotspot authentication scenario has cancelled for interface {InterfaceGuid},{InterfaceGuid}
1006,0,Information,Microsoft-Windows-HotspotAuth/Analytic,Hotspot Authentication,Stop,ut:Authentication,Windows 10,1909,Pro,2020/02/11,18363.657,Hotspot authentication scenario has cancelled for interface {InterfaceGuid},{InterfaceGuid}
1006,0,Information,Microsoft-Windows-HotspotAuth/Analytic,Hotspot Authentication,Stop,ut:Authentication,Windows 10,1909,Pro,2020/01/14,18363.592,Hotspot authentication scenario has cancelled for interface {InterfaceGuid},{InterfaceGuid}
1006,0,Information,Microsoft-Windows-HotspotAuth/Analytic,Hotspot Authentication,Stop,ut:Authentication,Windows 10,1909,Pro,2019/12/10,18363.535,Hotspot authentication scenario has cancelled for interface {InterfaceGuid},{InterfaceGuid}
1006,0,Information,Microsoft-Windows-HotspotAuth/Analytic,Hotspot Authentication,Stop,ut:Authentication,Windows 10,1909,Pro,2019/10/05,18363.418,Hotspot authentication scenario has cancelled for interface {InterfaceGuid},{InterfaceGuid}
1006,0,Information,Microsoft-Windows-HotspotAuth/Analytic,Hotspot Authentication,Stop,ut:Authentication,Windows 10,1909,Pro,2021/06/08,18363.1621,Hotspot authentication scenario has cancelled for interface {InterfaceGuid},{InterfaceGuid}
1006,0,Information,Microsoft-Windows-HotspotAuth/Analytic,Hotspot Authentication,Stop,ut:Authentication,Windows 10,1909,Pro,2021/05/11,18363.1556,Hotspot authentication scenario has cancelled for interface {InterfaceGuid},{InterfaceGuid}
1006,0,Information,Microsoft-Windows-HotspotAuth/Analytic,Hotspot Authentication,Stop,ut:Authentication,Windows 10,1909,Pro,2021/04/13,18363.15,Hotspot authentication scenario has cancelled for interface {InterfaceGuid},{InterfaceGuid}
1006,0,Information,Microsoft-Windows-HotspotAuth/Analytic,Hotspot Authentication,Stop,ut:Authentication,Windows 10,1909,Pro,2021/03/09,18363.144,Hotspot authentication scenario has cancelled for interface {InterfaceGuid},{InterfaceGuid}
1006,0,Information,Microsoft-Windows-HotspotAuth/Analytic,Hotspot Authentication,Stop,ut:Authentication,Windows 10,1909,Pro,2021/02/11,18363.1379,Hotspot authentication scenario has cancelled for interface {InterfaceGuid},{InterfaceGuid}
1006,0,Information,Microsoft-Windows-HotspotAuth/Analytic,Hotspot Authentication,Stop,ut:Authentication,Windows 10,1909,Pro,2021/01/12,18363.1316,Hotspot authentication scenario has cancelled for interface {InterfaceGuid},{InterfaceGuid}
1006,0,Information,Microsoft-Windows-HotspotAuth/Analytic,Hotspot Authentication,Stop,ut:Authentication,Windows 10,1909,Pro,2020/12/08,18363.1256,Hotspot authentication scenario has cancelled for interface {InterfaceGuid},{InterfaceGuid}
1006,0,Information,Microsoft-Windows-HotspotAuth/Analytic,Hotspot Authentication,Stop,ut:Authentication,Windows 10,1909,Pro,2020/11/10,18363.1198,Hotspot authentication scenario has cancelled for interface {InterfaceGuid},{InterfaceGuid}
1006,0,Information,Microsoft-Windows-HotspotAuth/Analytic,Hotspot Authentication,Stop,ut:Authentication,Windows 10,1909,Pro,2020/10/13,18363.1139,Hotspot authentication scenario has cancelled for interface {InterfaceGuid},{InterfaceGuid}
1006,0,Information,Microsoft-Windows-HotspotAuth/Analytic,Hotspot Authentication,Stop,ut:Authentication,Windows 10,1909,Pro,2020/09/08,18363.1082,Hotspot authentication scenario has cancelled for interface {InterfaceGuid},{InterfaceGuid}
1006,0,Information,Microsoft-Windows-HotspotAuth/Analytic,Hotspot Authentication,Stop,ut:Authentication,Windows 10,1909,Pro,2020/08/11,18363.1016,Hotspot authentication scenario has cancelled for interface {InterfaceGuid},{InterfaceGuid}
1006,0,Information,Microsoft-Windows-HotspotAuth/Analytic,Hotspot Authentication,Stop,ut:Authentication,Windows 10,1903,Pro,2020/07/14,18362.959,Hotspot authentication scenario has cancelled for interface {InterfaceGuid},{InterfaceGuid}
1006,0,Information,Microsoft-Windows-HotspotAuth/Analytic,Hotspot Authentication,Stop,ut:Authentication,Windows 10,1903,Pro,2020/05/12,18362.836,Hotspot authentication scenario has cancelled for interface {InterfaceGuid},{InterfaceGuid}
1006,0,Information,Microsoft-Windows-HotspotAuth/Analytic,Hotspot Authentication,Stop,ut:Authentication,Windows 10,1903,Pro,2020/03/12,18362.72,Hotspot authentication scenario has cancelled for interface {InterfaceGuid},{InterfaceGuid}
1006,0,Information,Microsoft-Windows-HotspotAuth/Analytic,Hotspot Authentication,Stop,ut:Authentication,Windows 10,1903,Pro,2020/02/11,18362.657,Hotspot authentication scenario has cancelled for interface {InterfaceGuid},{InterfaceGuid}
1006,0,Information,Microsoft-Windows-HotspotAuth/Analytic,Hotspot Authentication,Stop,ut:Authentication,Windows 10,1903,Pro,2019/12/10,18362.535,Hotspot authentication scenario has cancelled for interface {InterfaceGuid},{InterfaceGuid}
1006,0,Information,Microsoft-Windows-HotspotAuth/Analytic,Hotspot Authentication,Stop,ut:Authentication,Windows 10,1903,Pro,2019/11/12,18362.476,Hotspot authentication scenario has cancelled for interface {InterfaceGuid},{InterfaceGuid}
1006,0,Information,Microsoft-Windows-HotspotAuth/Analytic,Hotspot Authentication,Stop,ut:Authentication,Windows 10,1903,Pro,2019/09/10,18362.356,Hotspot authentication scenario has cancelled for interface {InterfaceGuid},{InterfaceGuid}
1006,0,Information,Microsoft-Windows-HotspotAuth/Analytic,Hotspot Authentication,Stop,ut:Authentication,Windows 10,1903,Pro,2019/03/29,18362.3,Hotspot authentication scenario has cancelled for interface {InterfaceGuid},{InterfaceGuid}
1006,0,Information,Microsoft-Windows-HotspotAuth/Analytic,Hotspot Authentication,Stop,ut:Authentication,Windows 10,1903,Pro,2019/07/09,18362.239,Hotspot authentication scenario has cancelled for interface {InterfaceGuid},{InterfaceGuid}
1006,0,Information,Microsoft-Windows-HotspotAuth/Analytic,Hotspot Authentication,Stop,ut:Authentication,Windows 10,1903,Pro,2019/06/11,18362.175,Hotspot authentication scenario has cancelled for interface {InterfaceGuid},{InterfaceGuid}
1006,0,Information,Microsoft-Windows-HotspotAuth/Analytic,Hotspot Authentication,Stop,ut:Authentication,Windows 10,1903,Pro,2020/12/08,18362.1256,Hotspot authentication scenario has cancelled for interface {InterfaceGuid},{InterfaceGuid}
1006,0,Information,Microsoft-Windows-HotspotAuth/Analytic,Hotspot Authentication,Stop,ut:Authentication,Windows 10,1903,Pro,2020/11/10,18362.1198,Hotspot authentication scenario has cancelled for interface {InterfaceGuid},{InterfaceGuid}
1006,0,Information,Microsoft-Windows-HotspotAuth/Analytic,Hotspot Authentication,Stop,ut:Authentication,Windows 10,1903,Pro,2020/10/13,18362.1139,Hotspot authentication scenario has cancelled for interface {InterfaceGuid},{InterfaceGuid}
1006,0,Information,Microsoft-Windows-HotspotAuth/Analytic,Hotspot Authentication,Stop,ut:Authentication,Windows 10,1903,Pro,2020/09/08,18362.1082,Hotspot authentication scenario has cancelled for interface {InterfaceGuid},{InterfaceGuid}
1006,0,Information,Microsoft-Windows-HotspotAuth/Analytic,Hotspot Authentication,Stop,ut:Authentication,Windows 10,1903,Pro,2019/12/10,18362.1016,Hotspot authentication scenario has cancelled for interface {InterfaceGuid},{InterfaceGuid}
1006,0,Information,Microsoft-Windows-HotspotAuth/Analytic,Hotspot Authentication,Stop,ut:Authentication,Windows 10,1809,Pro,2020/01/14,17763.973,Hotspot authentication scenario has cancelled for interface {InterfaceGuid},{InterfaceGuid}
1006,0,Information,Microsoft-Windows-HotspotAuth/Analytic,Hotspot Authentication,Stop,ut:Authentication,Windows 10,1809,Pro,2019/12/10,17763.914,Hotspot authentication scenario has cancelled for interface {InterfaceGuid},{InterfaceGuid}
1006,0,Information,Microsoft-Windows-HotspotAuth/Analytic,Hotspot Authentication,Stop,ut:Authentication,Windows 10,1809,Pro,2019/11/12,17763.864,Hotspot authentication scenario has cancelled for interface {InterfaceGuid},{InterfaceGuid}
1006,0,Information,Microsoft-Windows-HotspotAuth/Analytic,Hotspot Authentication,Stop,ut:Authentication,Windows 10,1809,Pro,2019/10/08,17763.805,Hotspot authentication scenario has cancelled for interface {InterfaceGuid},{InterfaceGuid}
1006,0,Information,Microsoft-Windows-HotspotAuth/Analytic,Hotspot Authentication,Stop,ut:Authentication,Windows 10,1809,Pro,2019/09/10,17763.737,Hotspot authentication scenario has cancelled for interface {InterfaceGuid},{InterfaceGuid}
1006,0,Information,Microsoft-Windows-HotspotAuth/Analytic,Hotspot Authentication,Stop,ut:Authentication,Windows 10,1809,Pro,2019/08/13,17763.678,Hotspot authentication scenario has cancelled for interface {InterfaceGuid},{InterfaceGuid}
1006,0,Information,Microsoft-Windows-HotspotAuth/Analytic,Hotspot Authentication,Stop,ut:Authentication,Windows 10,1809,Pro,2019/07/09,17763.615,Hotspot authentication scenario has cancelled for interface {InterfaceGuid},{InterfaceGuid}
1006,0,Information,Microsoft-Windows-HotspotAuth/Analytic,Hotspot Authentication,Stop,ut:Authentication,Windows 10,1809,Pro,2019/06/11,17763.557,Hotspot authentication scenario has cancelled for interface {InterfaceGuid},{InterfaceGuid}
1006,0,Information,Microsoft-Windows-HotspotAuth/Analytic,Hotspot Authentication,Stop,ut:Authentication,Windows 10,1809,Pro,2019/05/19,17763.504,Hotspot authentication scenario has cancelled for interface {InterfaceGuid},{InterfaceGuid}
1006,0,Information,Microsoft-Windows-HotspotAuth/Analytic,Hotspot Authentication,Stop,ut:Authentication,Windows 10,1809,Pro,2019/04/09,17763.437,Hotspot authentication scenario has cancelled for interface {InterfaceGuid},{InterfaceGuid}
1006,0,Information,Microsoft-Windows-HotspotAuth/Analytic,Hotspot Authentication,Stop,ut:Authentication,Windows 10,1809,Pro,2019/03/12,17763.379,Hotspot authentication scenario has cancelled for interface {InterfaceGuid},{InterfaceGuid}
1006,0,Information,Microsoft-Windows-HotspotAuth/Analytic,Hotspot Authentication,Stop,ut:Authentication,Windows 10,1809,Pro,2019/02/12,17763.316,Hotspot authentication scenario has cancelled for interface {InterfaceGuid},{InterfaceGuid}
1006,0,Information,Microsoft-Windows-HotspotAuth/Analytic,Hotspot Authentication,Stop,ut:Authentication,Windows 10,1803,Pro,2019/01/08,17763.253,Hotspot authentication scenario has cancelled for interface {InterfaceGuid},{InterfaceGuid}
1006,0,Information,Microsoft-Windows-HotspotAuth/Analytic,Hotspot Authentication,Stop,ut:Authentication,Windows 10,1809,Pro,2018/12/11,17763.194,Hotspot authentication scenario has cancelled for interface {InterfaceGuid},{InterfaceGuid}
1006,0,Information,Microsoft-Windows-HotspotAuth/Analytic,Hotspot Authentication,Stop,ut:Authentication,Windows 10,1809,Pro,2020/11/10,17763.1577,Hotspot authentication scenario has cancelled for interface {InterfaceGuid},{InterfaceGuid}
1006,0,Information,Microsoft-Windows-HotspotAuth/Analytic,Hotspot Authentication,Stop,ut:Authentication,Windows 10,1809,Pro,2020/10/13,17763.1518,Hotspot authentication scenario has cancelled for interface {InterfaceGuid},{InterfaceGuid}
1006,0,Information,Microsoft-Windows-HotspotAuth/Analytic,Hotspot Authentication,Stop,ut:Authentication,Windows 10,1809,Pro,2020/09/08,17763.1457,Hotspot authentication scenario has cancelled for interface {InterfaceGuid},{InterfaceGuid}
1006,0,Information,Microsoft-Windows-HotspotAuth/Analytic,Hotspot Authentication,Stop,ut:Authentication,Windows 10,1809,Pro,2020/08/11,17763.1397,Hotspot authentication scenario has cancelled for interface {InterfaceGuid},{InterfaceGuid}
1006,0,Information,Microsoft-Windows-HotspotAuth/Analytic,Hotspot Authentication,Stop,ut:Authentication,Windows 10,1809,Pro,2020/07/14,17763.1339,Hotspot authentication scenario has cancelled for interface {InterfaceGuid},{InterfaceGuid}
1006,0,Information,Microsoft-Windows-HotspotAuth/Analytic,Hotspot Authentication,Stop,ut:Authentication,Windows 10,1809,Pro,2020/06/09,17763.1282,Hotspot authentication scenario has cancelled for interface {InterfaceGuid},{InterfaceGuid}
1006,0,Information,Microsoft-Windows-HotspotAuth/Analytic,Hotspot Authentication,Stop,ut:Authentication,Windows 10,1809,Pro,2020/05/12,17763.1217,Hotspot authentication scenario has cancelled for interface {InterfaceGuid},{InterfaceGuid}
1006,0,Information,Microsoft-Windows-HotspotAuth/Analytic,Hotspot Authentication,Stop,ut:Authentication,Windows 10,1809,Pro,2020/04/14,17763.1158,Hotspot authentication scenario has cancelled for interface {InterfaceGuid},{InterfaceGuid}
1006,0,Information,Microsoft-Windows-HotspotAuth/Analytic,Hotspot Authentication,Stop,ut:Authentication,Windows 10,1809,Pro,2020/03/12,17763.1098,Hotspot authentication scenario has cancelled for interface {InterfaceGuid},{InterfaceGuid}
1006,0,Information,Microsoft-Windows-HotspotAuth/Analytic,Hotspot Authentication,Stop,ut:Authentication,Windows 10,1809,Pro,2018/11/13,17763.107,Hotspot authentication scenario has cancelled for interface {InterfaceGuid},{InterfaceGuid}
1006,0,Information,Microsoft-Windows-HotspotAuth/Analytic,Hotspot Authentication,Stop,ut:Authentication,Windows 10,1809,Pro,2020/02/11,17763.1039,Hotspot authentication scenario has cancelled for interface {InterfaceGuid},{InterfaceGuid}
1006,0,Information,Microsoft-Windows-HotspotAuth/Analytic,Hotspot Authentication,Stop,ut:Authentication,Windows 10,1803,Pro,2019/08/13,17134.95,Hotspot authentication scenario has cancelled for interface {InterfaceGuid},{InterfaceGuid}
1006,0,Information,Microsoft-Windows-HotspotAuth/Analytic,Hotspot Authentication,Stop,ut:Authentication,Windows 10,1803,Pro,2019/07/09,17134.885,Hotspot authentication scenario has cancelled for interface {InterfaceGuid},{InterfaceGuid}
1006,0,Information,Microsoft-Windows-HotspotAuth/Analytic,Hotspot Authentication,Stop,ut:Authentication,Windows 10,1803,Pro,2019/06/11,17134.829,Hotspot authentication scenario has cancelled for interface {InterfaceGuid},{InterfaceGuid}
1006,0,Information,Microsoft-Windows-HotspotAuth/Analytic,Hotspot Authentication,Stop,ut:Authentication,Windows 10,1803,Pro,2019/05/19,17134.766,Hotspot authentication scenario has cancelled for interface {InterfaceGuid},{InterfaceGuid}
1006,0,Information,Microsoft-Windows-HotspotAuth/Analytic,Hotspot Authentication,Stop,ut:Authentication,Windows 10,1803,Pro,2019/04/09,17134.706,Hotspot authentication scenario has cancelled for interface {InterfaceGuid},{InterfaceGuid}
1006,0,Information,Microsoft-Windows-HotspotAuth/Analytic,Hotspot Authentication,Stop,ut:Authentication,Windows 10,1803,Pro,2019/03/12,17134.648,Hotspot authentication scenario has cancelled for interface {InterfaceGuid},{InterfaceGuid}
1006,0,Information,Microsoft-Windows-HotspotAuth/Analytic,Hotspot Authentication,Stop,ut:Authentication,Windows 10,1803,Pro,2019/01/08,17134.523,Hotspot authentication scenario has cancelled for interface {InterfaceGuid},{InterfaceGuid}
1006,0,Information,Microsoft-Windows-HotspotAuth/Analytic,Hotspot Authentication,Stop,ut:Authentication,Windows 10,1803,Pro,2018/09/11,17134.285,Hotspot authentication scenario has cancelled for interface {InterfaceGuid},{InterfaceGuid}
1006,0,Information,Microsoft-Windows-HotspotAuth/Analytic,Hotspot Authentication,Stop,ut:Authentication,Windows 10,1803,Pro,2018/08/14,17134.228,Hotspot authentication scenario has cancelled for interface {InterfaceGuid},{InterfaceGuid}
1006,0,Information,Microsoft-Windows-HotspotAuth/Analytic,Hotspot Authentication,Stop,ut:Authentication,Windows 10,1803,Pro,2018/06/12,17134.112,Hotspot authentication scenario has cancelled for interface {InterfaceGuid},{InterfaceGuid}
1006,0,Information,Microsoft-Windows-HotspotAuth/Analytic,Hotspot Authentication,Stop,ut:Authentication,Windows 10,1803,Pro,2019/09/10,17134.1006,Hotspot authentication scenario has cancelled for interface {InterfaceGuid},{InterfaceGuid}
1006,0,Information,Microsoft-Windows-HotspotAuth/Analytic,Hotspot Authentication,Stop,ut:Authentication,Windows 10,1803,Pro,1970/01/01,17134.1,Hotspot authentication scenario has cancelled for interface {InterfaceGuid},{InterfaceGuid}
1006,0,Information,Microsoft-Windows-HotspotAuth/Analytic,Hotspot Authentication,Stop,ut:Authentication,Windows 10,1709,Pro,2017/11/14,16299.64,Hotspot authentication scenario has cancelled for interface {InterfaceGuid},{InterfaceGuid}
1006,0,Information,Microsoft-Windows-HotspotAuth/Analytic,Hotspot Authentication,Stop,ut:Authentication,Windows 10,1709,Pro,2017/11/14,16299.15,Hotspot authentication scenario has cancelled for interface {InterfaceGuid},{InterfaceGuid}
1006,0,Information,Microsoft-Windows-HotspotAuth/Analytic,Hotspot Authentication,Stop,ut:Authentication,Windows 10,1709,Pro,2017/12/12,16299.125,Hotspot authentication scenario has cancelled for interface {InterfaceGuid},{InterfaceGuid}
1006,0,Information,Microsoft-Windows-HotspotAuth/Analytic,Hotspot Authentication,Stop,ut:Authentication,Windows 10,1703,Pro,2017/07/11,15063.483,Hotspot authentication scenario has cancelled for interface {InterfaceGuid},{InterfaceGuid}
1006,0,Information,Microsoft-Windows-HotspotAuth/Analytic,Hotspot Authentication,Stop,ut:Authentication,Windows 10,1703,Pro,2017/06/13,15063.413,Hotspot authentication scenario has cancelled for interface {InterfaceGuid},{InterfaceGuid}
1006,0,Information,Microsoft-Windows-HotspotAuth/Analytic,Hotspot Authentication,Stop,ut:Authentication,Windows 10,1703,Pro,2017/03/20,15063.0,Hotspot authentication scenario has cancelled for interface {InterfaceGuid},{InterfaceGuid}
1006,0,Information,Microsoft-Windows-HotspotAuth/Analytic,Hotspot Authentication,Stop,ut:Authentication,Windows 10,1607,Pro,2016/11/08,14393.447,Hotspot authentication scenario has cancelled for interface {InterfaceGuid},{InterfaceGuid}
1006,0,Information,Microsoft-Windows-HotspotAuth/Analytic,Hotspot Authentication,Stop,ut:Authentication,Windows 10,1511,Pro,2016/03/08,10586.164,Hotspot authentication scenario has cancelled for interface {InterfaceGuid},{InterfaceGuid}
1006,0,Information,Microsoft-Windows-HotspotAuth/Analytic,Hotspot Authentication,Stop,ut:Authentication,Windows 10,1511,Enterprise,2016/02/09,10586.104,Hotspot authentication scenario has been cancelled for interface {InterfaceGuid},{InterfaceGuid}
1006,0,Information,Microsoft-Windows-HotspotAuth/Analytic,Hotspot Authentication,Stop,ut:Authentication,Windows 10,1511,Pro,1970/01/01,10586.0,Hotspot authentication scenario has cancelled for interface {InterfaceGuid},{InterfaceGuid}
1006,0,Information,Microsoft-Windows-HotspotAuth/Analytic,Hotspot Authentication,Stop,ut:Authentication,Windows 10,1507,Pro,2015/07/29,10240.0,Hotspot authentication scenario has cancelled for interface {InterfaceGuid},{InterfaceGuid}
1006,0,Information,Microsoft-Windows-HotspotAuth/Analytic,Hotspot Authentication,Stop,ut:Authentication,Windows 8.1,8.1,Pro,1970/01/01,9600.0,Hotspot authentication scenario has cancelled for interface {InterfaceGuid},{InterfaceGuid}
1006,0,Information,Microsoft-Windows-HotspotAuth/Analytic,Hotspot Authentication,Stop,ut:Authentication,Windows 8,8,Pro,1970/01/01,9200.0,Hotspot authentication scenario has cancelled for interface {InterfaceGuid},{InterfaceGuid}
2001,0,Information,Microsoft-Windows-HotspotAuth/Analytic,WISPr Detection,Start,ut:WISPrDetection,Windows 11,24H2,Pro,2024/10/2,26100.1742,Discovering WISPr has started for interface {InterfaceGuid},{InterfaceGuid}
2001,0,Information,Microsoft-Windows-HotspotAuth/Analytic,WISPr Detection,Start,ut:WISPrDetection,Windows 11,22H2,Pro,2022/12/20,22621.963,Discovering WISPr has started for interface {InterfaceGuid},{InterfaceGuid}
2001,0,Information,Microsoft-Windows-HotspotAuth/Analytic,WISPr Detection,Start,ut:WISPrDetection,Windows 11,22H2,Pro,2022/11/15,22621.819,Discovering WISPr has started for interface {InterfaceGuid},{InterfaceGuid}
2001,0,Information,Microsoft-Windows-HotspotAuth/Analytic,WISPr Detection,Start,ut:WISPrDetection,Windows 11,22H2,Pro,2022/10/18,22621.674,Discovering WISPr has started for interface {InterfaceGuid},{InterfaceGuid}
2001,0,Information,Microsoft-Windows-HotspotAuth/Analytic,WISPr Detection,Start,ut:WISPrDetection,Windows 11,22H2,Pro,2022/09/20,22621.382,Discovering WISPr has started for interface {InterfaceGuid},{InterfaceGuid}
2001,0,Information,Microsoft-Windows-HotspotAuth/Analytic,WISPr Detection,Start,ut:WISPrDetection,Windows 11,22H2,Pro,2023/03/21,22621.1413,Discovering WISPr has started for interface {InterfaceGuid},{InterfaceGuid}
2001,0,Information,Microsoft-Windows-HotspotAuth/Analytic,WISPr Detection,Start,ut:WISPrDetection,Windows 11,22H2,Pro,2023/02/21,22621.1265,Discovering WISPr has started for interface {InterfaceGuid},{InterfaceGuid}
2001,0,Information,Microsoft-Windows-HotspotAuth/Analytic,WISPr Detection,Start,ut:WISPrDetection,Windows 11,22H2,Pro,2023/01/17,22621.1105,Discovering WISPr has started for interface {InterfaceGuid},{InterfaceGuid}
2001,0,Information,Microsoft-Windows-HotspotAuth/Analytic,WISPr Detection,Start,ut:WISPrDetection,Windows 11,21H2,Pro,2022/09/20,22000.978,Discovering WISPr has started for interface {InterfaceGuid},{InterfaceGuid}
2001,0,Information,Microsoft-Windows-HotspotAuth/Analytic,WISPr Detection,Start,ut:WISPrDetection,Windows 11,21H2,Pro,2022/08/16,22000.856,Discovering WISPr has started for interface {InterfaceGuid},{InterfaceGuid}
2001,0,Information,Microsoft-Windows-HotspotAuth/Analytic,WISPr Detection,Start,ut:WISPrDetection,Windows 11,21H2,Pro,2022/07/19,22000.795,Discovering WISPr has started for interface {InterfaceGuid},{InterfaceGuid}
2001,0,Information,Microsoft-Windows-HotspotAuth/Analytic,WISPr Detection,Start,ut:WISPrDetection,Windows 11,21H2,Pro,2022/06/21,22000.739,Discovering WISPr has started for interface {InterfaceGuid},{InterfaceGuid}
2001,0,Information,Microsoft-Windows-HotspotAuth/Analytic,WISPr Detection,Start,ut:WISPrDetection,Windows 11,21H2,Pro,2022/05/17,22000.675,Discovering WISPr has started for interface {InterfaceGuid},{InterfaceGuid}
2001,0,Information,Microsoft-Windows-HotspotAuth/Analytic,WISPr Detection,Start,ut:WISPrDetection,Windows 11,21H2,Pro,2022/04/19,22000.613,Discovering WISPr has started for interface {InterfaceGuid},{InterfaceGuid}
2001,0,Information,Microsoft-Windows-HotspotAuth/Analytic,WISPr Detection,Start,ut:WISPrDetection,Windows 11,21H2,Pro,2022/03/15,22000.556,Discovering WISPr has started for interface {InterfaceGuid},{InterfaceGuid}
2001,0,Information,Microsoft-Windows-HotspotAuth/Analytic,WISPr Detection,Start,ut:WISPrDetection,Windows 11,21H2,Pro,2022/02/15,22000.493,Discovering WISPr has started for interface {InterfaceGuid},{InterfaceGuid}
2001,0,Information,Microsoft-Windows-HotspotAuth/Analytic,WISPr Detection,Start,ut:WISPrDetection,Windows 11,21H2,Pro,2022/01/11,22000.434,Discovering WISPr has started for interface {InterfaceGuid},{InterfaceGuid}
2001,0,Information,Microsoft-Windows-HotspotAuth/Analytic,WISPr Detection,Start,ut:WISPrDetection,Windows 11,21H2,Pro,2021/12/14,22000.376,Discovering WISPr has started for interface {InterfaceGuid},{InterfaceGuid}
2001,0,Information,Microsoft-Windows-HotspotAuth/Analytic,WISPr Detection,Start,ut:WISPrDetection,Windows 11,21H2,Pro,2021/11/09,22000.318,Discovering WISPr has started for interface {InterfaceGuid},{InterfaceGuid}
2001,0,Information,Microsoft-Windows-HotspotAuth/Analytic,WISPr Detection,Start,ut:WISPrDetection,Windows 11,21H2,Pro,2021/09/16,22000.194,Discovering WISPr has started for interface {InterfaceGuid},{InterfaceGuid}
2001,0,Information,Microsoft-Windows-HotspotAuth/Analytic,WISPr Detection,Start,ut:WISPrDetection,Windows 11,21H2,Pro,2023/03/21,22000.1696,Discovering WISPr has started for interface {InterfaceGuid},{InterfaceGuid}
2001,0,Information,Microsoft-Windows-HotspotAuth/Analytic,WISPr Detection,Start,ut:WISPrDetection,Windows 11,21H2,Pro,2023/02/21,22000.1574,Discovering WISPr has started for interface {InterfaceGuid},{InterfaceGuid}
2001,0,Information,Microsoft-Windows-HotspotAuth/Analytic,WISPr Detection,Start,ut:WISPrDetection,Windows 11,21H2,Pro,2023/01/17,22000.1455,Discovering WISPr has started for interface {InterfaceGuid},{InterfaceGuid}
2001,0,Information,Microsoft-Windows-HotspotAuth/Analytic,WISPr Detection,Start,ut:WISPrDetection,Windows 11,21H2,Pro,2022/12/20,22000.1335,Discovering WISPr has started for interface {InterfaceGuid},{InterfaceGuid}
2001,0,Information,Microsoft-Windows-HotspotAuth/Analytic,WISPr Detection,Start,ut:WISPrDetection,Windows 11,21H2,Pro,2022/11/15,22000.1219,Discovering WISPr has started for interface {InterfaceGuid},{InterfaceGuid}
2001,0,Information,Microsoft-Windows-HotspotAuth/Analytic,WISPr Detection,Start,ut:WISPrDetection,Windows 11,21H2,Pro,2022/10/18,22000.1098,Discovering WISPr has started for interface {InterfaceGuid},{InterfaceGuid}
2001,0,Information,Microsoft-Windows-HotspotAuth/Analytic,WISPr Detection,Start,ut:WISPrDetection,Windows 11,21H2,Pro-Dev,1970/01/01,21996.1,Discovering WISPr has started for interface {InterfaceGuid},{InterfaceGuid}
2001,0,Information,Microsoft-Windows-HotspotAuth/Analytic,WISPr Detection,Start,ut:WISPrDetection,Windows 10,22H2,Pro,2023/03/21,19045.2728,Discovering WISPr has started for interface {InterfaceGuid},{InterfaceGuid}
2001,0,Information,Microsoft-Windows-HotspotAuth/Analytic,WISPr Detection,Start,ut:WISPrDetection,Windows 10,22H2,Pro,2023/02/21,19045.2604,Discovering WISPr has started for interface {InterfaceGuid},{InterfaceGuid}
2001,0,Information,Microsoft-Windows-HotspotAuth/Analytic,WISPr Detection,Start,ut:WISPrDetection,Windows 10,22H2,Pro,2023/01/17,19045.2486,Discovering WISPr has started for interface {InterfaceGuid},{InterfaceGuid}
2001,0,Information,Microsoft-Windows-HotspotAuth/Analytic,WISPr Detection,Start,ut:WISPrDetection,Windows 10,22H2,Pro,2022/12/20,19045.2364,Discovering WISPr has started for interface {InterfaceGuid},{InterfaceGuid}
2001,0,Information,Microsoft-Windows-HotspotAuth/Analytic,WISPr Detection,Start,ut:WISPrDetection,Windows 10,22H2,Pro,2022/11/15,19045.2251,Discovering WISPr has started for interface {InterfaceGuid},{InterfaceGuid}
2001,0,Information,Microsoft-Windows-HotspotAuth/Analytic,WISPr Detection,Start,ut:WISPrDetection,Windows 10,21H2,Pro,2023/03/21,19044.2728,Discovering WISPr has started for interface {InterfaceGuid},{InterfaceGuid}
2001,0,Information,Microsoft-Windows-HotspotAuth/Analytic,WISPr Detection,Start,ut:WISPrDetection,Windows 10,21H2,Pro,2023/02/21,19044.2604,Discovering WISPr has started for interface {InterfaceGuid},{InterfaceGuid}
2001,0,Information,Microsoft-Windows-HotspotAuth/Analytic,WISPr Detection,Start,ut:WISPrDetection,Windows 10,21H2,Pro,2023/01/17,19044.2486,Discovering WISPr has started for interface {InterfaceGuid},{InterfaceGuid}
2001,0,Information,Microsoft-Windows-HotspotAuth/Analytic,WISPr Detection,Start,ut:WISPrDetection,Windows 10,21H2,Pro,2022/12/20,19044.2364,Discovering WISPr has started for interface {InterfaceGuid},{InterfaceGuid}
2001,0,Information,Microsoft-Windows-HotspotAuth/Analytic,WISPr Detection,Start,ut:WISPrDetection,Windows 10,21H2,Pro,2022/11/15,19044.2251,Discovering WISPr has started for interface {InterfaceGuid},{InterfaceGuid}
2001,0,Information,Microsoft-Windows-HotspotAuth/Analytic,WISPr Detection,Start,ut:WISPrDetection,Windows 10,21H2,Pro,2022/10/18,19044.213,Discovering WISPr has started for interface {InterfaceGuid},{InterfaceGuid}
2001,0,Information,Microsoft-Windows-HotspotAuth/Analytic,WISPr Detection,Start,ut:WISPrDetection,Windows 10,21H2,Pro,2022/09/20,19044.2006,Discovering WISPr has started for interface {InterfaceGuid},{InterfaceGuid}
2001,0,Information,Microsoft-Windows-HotspotAuth/Analytic,WISPr Detection,Start,ut:WISPrDetection,Windows 10,21H2,Pro,2022/08/16,19044.1889,Discovering WISPr has started for interface {InterfaceGuid},{InterfaceGuid}
2001,0,Information,Microsoft-Windows-HotspotAuth/Analytic,WISPr Detection,Start,ut:WISPrDetection,Windows 10,21H2,Pro,2022/07/19,19044.1826,Discovering WISPr has started for interface {InterfaceGuid},{InterfaceGuid}
2001,0,Information,Microsoft-Windows-HotspotAuth/Analytic,WISPr Detection,Start,ut:WISPrDetection,Windows 10,21H2,Pro,2022/06/21,19044.1766,Discovering WISPr has started for interface {InterfaceGuid},{InterfaceGuid}
2001,0,Information,Microsoft-Windows-HotspotAuth/Analytic,WISPr Detection,Start,ut:WISPrDetection,Windows 10,21H2,Pro,2022/05/17,19044.1706,Discovering WISPr has started for interface {InterfaceGuid},{InterfaceGuid}
2001,0,Information,Microsoft-Windows-HotspotAuth/Analytic,WISPr Detection,Start,ut:WISPrDetection,Windows 10,21H2,Pro,2022/04/19,19044.1645,Discovering WISPr has started for interface {InterfaceGuid},{InterfaceGuid}
2001,0,Information,Microsoft-Windows-HotspotAuth/Analytic,WISPr Detection,Start,ut:WISPrDetection,Windows 10,21H2,Pro,2022/01/11,19044.1466,Discovering WISPr has started for interface {InterfaceGuid},{InterfaceGuid}
2001,0,Information,Microsoft-Windows-HotspotAuth/Analytic,WISPr Detection,Start,ut:WISPrDetection,Windows 10,21H2,Pro,2021/10/12,19044.1288,Discovering WISPr has started for interface {InterfaceGuid},{InterfaceGuid}
2001,0,Information,Microsoft-Windows-HotspotAuth/Analytic,WISPr Detection,Start,ut:WISPrDetection,Windows 10,21H1,Pro,2021/04/13,19043.928,Discovering WISPr has started for interface {InterfaceGuid},{InterfaceGuid}
2001,0,Information,Microsoft-Windows-HotspotAuth/Analytic,WISPr Detection,Start,ut:WISPrDetection,Windows 10,21H1,Pro,2022/12/20,19043.2364,Discovering WISPr has started for interface {InterfaceGuid},{InterfaceGuid}
2001,0,Information,Microsoft-Windows-HotspotAuth/Analytic,WISPr Detection,Start,ut:WISPrDetection,Windows 10,21H1,Pro,2022/11/15,19043.2251,Discovering WISPr has started for interface {InterfaceGuid},{InterfaceGuid}
2001,0,Information,Microsoft-Windows-HotspotAuth/Analytic,WISPr Detection,Start,ut:WISPrDetection,Windows 10,21H1,Pro,2022/10/18,19043.213,Discovering WISPr has started for interface {InterfaceGuid},{InterfaceGuid}
2001,0,Information,Microsoft-Windows-HotspotAuth/Analytic,WISPr Detection,Start,ut:WISPrDetection,Windows 10,21H1,Pro,2022/09/20,19043.2006,Discovering WISPr has started for interface {InterfaceGuid},{InterfaceGuid}
2001,0,Information,Microsoft-Windows-HotspotAuth/Analytic,WISPr Detection,Start,ut:WISPrDetection,Windows 10,21H1,Pro,2022/08/16,19043.1889,Discovering WISPr has started for interface {InterfaceGuid},{InterfaceGuid}
2001,0,Information,Microsoft-Windows-HotspotAuth/Analytic,WISPr Detection,Start,ut:WISPrDetection,Windows 10,21H1,Pro,2022/07/19,19043.1826,Discovering WISPr has started for interface {InterfaceGuid},{InterfaceGuid}
2001,0,Information,Microsoft-Windows-HotspotAuth/Analytic,WISPr Detection,Start,ut:WISPrDetection,Windows 10,21H1,Pro,2022/06/21,19043.1766,Discovering WISPr has started for interface {InterfaceGuid},{InterfaceGuid}
2001,0,Information,Microsoft-Windows-HotspotAuth/Analytic,WISPr Detection,Start,ut:WISPrDetection,Windows 10,21H1,Pro,2022/05/17,19043.1706,Discovering WISPr has started for interface {InterfaceGuid},{InterfaceGuid}
2001,0,Information,Microsoft-Windows-HotspotAuth/Analytic,WISPr Detection,Start,ut:WISPrDetection,Windows 10,21H1,Pro,2022/04/19,19043.1645,Discovering WISPr has started for interface {InterfaceGuid},{InterfaceGuid}
2001,0,Information,Microsoft-Windows-HotspotAuth/Analytic,WISPr Detection,Start,ut:WISPrDetection,Windows 10,21H1,Pro,2022/01/11,19043.1466,Discovering WISPr has started for interface {InterfaceGuid},{InterfaceGuid}
2001,0,Information,Microsoft-Windows-HotspotAuth/Analytic,WISPr Detection,Start,ut:WISPrDetection,Windows 10,21H1,Pro,2021/12/14,19043.1415,Discovering WISPr has started for interface {InterfaceGuid},{InterfaceGuid}
2001,0,Information,Microsoft-Windows-HotspotAuth/Analytic,WISPr Detection,Start,ut:WISPrDetection,Windows 10,21H2,Pro,2021/12/14,19043.1415,Discovering WISPr has started for interface {InterfaceGuid},{InterfaceGuid}
2001,0,Information,Microsoft-Windows-HotspotAuth/Analytic,WISPr Detection,Start,ut:WISPrDetection,Windows 10,21H1,Pro,2021/11/09,19043.1348,Discovering WISPr has started for interface {InterfaceGuid},{InterfaceGuid}
2001,0,Information,Microsoft-Windows-HotspotAuth/Analytic,WISPr Detection,Start,ut:WISPrDetection,Windows 10,21H1,Pro,2021/10/12,19043.1288,Discovering WISPr has started for interface {InterfaceGuid},{InterfaceGuid}
2001,0,Information,Microsoft-Windows-HotspotAuth/Analytic,WISPr Detection,Start,ut:WISPrDetection,Windows 10,21H1,Pro,2021/09/14,19043.1237,Discovering WISPr has started for interface {InterfaceGuid},{InterfaceGuid}
2001,0,Information,Microsoft-Windows-HotspotAuth/Analytic,WISPr Detection,Start,ut:WISPrDetection,Windows 10,21H1,Pro,2021/08/10,19043.1165,Discovering WISPr has started for interface {InterfaceGuid},{InterfaceGuid}
2001,0,Information,Microsoft-Windows-HotspotAuth/Analytic,WISPr Detection,Start,ut:WISPrDetection,Windows 10,21H1,Pro,2021/07/13,19043.111,Discovering WISPr has started for interface {InterfaceGuid},{InterfaceGuid}
2001,0,Information,Microsoft-Windows-HotspotAuth/Analytic,WISPr Detection,Start,ut:WISPrDetection,Windows 10,21H1,Pro,2021/06/08,19043.1052,Discovering WISPr has started for interface {InterfaceGuid},{InterfaceGuid}
2001,0,Information,Microsoft-Windows-HotspotAuth/Analytic,WISPr Detection,Start,ut:WISPrDetection,Windows 10,20H2,Pro,2022/04/19,19042.1645,Discovering WISPr has started for interface {InterfaceGuid},{InterfaceGuid}
2001,0,Information,Microsoft-Windows-HotspotAuth/Analytic,WISPr Detection,Start,ut:WISPrDetection,Windows 10,20H2,Pro,2022/01/11,19042.1466,Discovering WISPr has started for interface {InterfaceGuid},{InterfaceGuid}
2001,0,Information,Microsoft-Windows-HotspotAuth/Analytic,WISPr Detection,Start,ut:WISPrDetection,Windows 10,2004,Pro,2021/05/11,19041.985,Discovering WISPr has started for interface {InterfaceGuid},{InterfaceGuid}
2001,0,Information,Microsoft-Windows-HotspotAuth/Analytic,WISPr Detection,Start,ut:WISPrDetection,Windows 10,20H2,Pro,2021/05/11,19041.985,Discovering WISPr has started for interface {InterfaceGuid},{InterfaceGuid}
2001,0,Information,Microsoft-Windows-HotspotAuth/Analytic,WISPr Detection,Start,ut:WISPrDetection,Windows 10,2004,Pro,2021/04/13,19041.928,Discovering WISPr has started for interface {InterfaceGuid},{InterfaceGuid}
2001,0,Information,Microsoft-Windows-HotspotAuth/Analytic,WISPr Detection,Start,ut:WISPrDetection,Windows 10,20H2,Pro,2021/04/13,19041.928,Discovering WISPr has started for interface {InterfaceGuid},{InterfaceGuid}
2001,0,Information,Microsoft-Windows-HotspotAuth/Analytic,WISPr Detection,Start,ut:WISPrDetection,Windows 10,2004,Pro,2021/03/09,19041.867,Discovering WISPr has started for interface {InterfaceGuid},{InterfaceGuid}
2001,0,Information,Microsoft-Windows-HotspotAuth/Analytic,WISPr Detection,Start,ut:WISPrDetection,Windows 10,20H2,Pro,2021/03/09,19041.867,Discovering WISPr has started for interface {InterfaceGuid},{InterfaceGuid}
2001,0,Information,Microsoft-Windows-HotspotAuth/Analytic,WISPr Detection,Start,ut:WISPrDetection,Windows 10,2004,Pro,2021/02/09,19041.804,Discovering WISPr has started for interface {InterfaceGuid},{InterfaceGuid}
2001,0,Information,Microsoft-Windows-HotspotAuth/Analytic,WISPr Detection,Start,ut:WISPrDetection,Windows 10,20H2,Pro,2021/02/09,19041.804,Discovering WISPr has started for interface {InterfaceGuid},{InterfaceGuid}
2001,0,Information,Microsoft-Windows-HotspotAuth/Analytic,WISPr Detection,Start,ut:WISPrDetection,Windows 10,2004,Pro,2021/01/12,19041.746,Discovering WISPr has started for interface {InterfaceGuid},{InterfaceGuid}
2001,0,Information,Microsoft-Windows-HotspotAuth/Analytic,WISPr Detection,Start,ut:WISPrDetection,Windows 10,20H2,Pro,2021/01/12,19041.746,Discovering WISPr has started for interface {InterfaceGuid},{InterfaceGuid}
2001,0,Information,Microsoft-Windows-HotspotAuth/Analytic,WISPr Detection,Start,ut:WISPrDetection,Windows 10,2004,Pro,2020/12/08,19041.685,Discovering WISPr has started for interface {InterfaceGuid},{InterfaceGuid}
2001,0,Information,Microsoft-Windows-HotspotAuth/Analytic,WISPr Detection,Start,ut:WISPrDetection,Windows 10,20H2,Pro,2020/12/08,19041.685,Discovering WISPr has started for interface {InterfaceGuid},{InterfaceGuid}
2001,0,Information,Microsoft-Windows-HotspotAuth/Analytic,WISPr Detection,Start,ut:WISPrDetection,Windows 10,20H2,Pro,2020/11/19,19041.631,Discovering WISPr has started for interface {InterfaceGuid},{InterfaceGuid}
2001,0,Information,Microsoft-Windows-HotspotAuth/Analytic,WISPr Detection,Start,ut:WISPrDetection,Windows 10,2004,Pro,2020/11/10,19041.63,Discovering WISPr has started for interface {InterfaceGuid},{InterfaceGuid}
2001,0,Information,Microsoft-Windows-HotspotAuth/Analytic,WISPr Detection,Start,ut:WISPrDetection,Windows 10,2004,Pro,2020/10/13,19041.572,Discovering WISPr has started for interface {InterfaceGuid},{InterfaceGuid}
2001,0,Information,Microsoft-Windows-HotspotAuth/Analytic,WISPr Detection,Start,ut:WISPrDetection,Windows 10,2004,Pro,2020/09/08,19041.508,Discovering WISPr has started for interface {InterfaceGuid},{InterfaceGuid}
2001,0,Information,Microsoft-Windows-HotspotAuth/Analytic,WISPr Detection,Start,ut:WISPrDetection,Windows 10,2004,Pro,2020/08/11,19041.45,Discovering WISPr has started for interface {InterfaceGuid},{InterfaceGuid}
2001,0,Information,Microsoft-Windows-HotspotAuth/Analytic,WISPr Detection,Start,ut:WISPrDetection,Windows 10,2004,Pro,2020/07/14,19041.388,Discovering WISPr has started for interface {InterfaceGuid},{InterfaceGuid}
2001,0,Information,Microsoft-Windows-HotspotAuth/Analytic,WISPr Detection,Start,ut:WISPrDetection,Windows 10,2004,Pro,2020/06/09,19041.329,Discovering WISPr has started for interface {InterfaceGuid},{InterfaceGuid}
2001,0,Information,Microsoft-Windows-HotspotAuth/Analytic,WISPr Detection,Start,ut:WISPrDetection,Windows 10,2004,Pro,2020/05/27,19041.264,Discovering WISPr has started for interface {InterfaceGuid},{InterfaceGuid}
2001,0,Information,Microsoft-Windows-HotspotAuth/Analytic,WISPr Detection,Start,ut:WISPrDetection,Windows 10,2004,Pro,2020/04/16,19041.208,Discovering WISPr has started for interface {InterfaceGuid},{InterfaceGuid}
2001,0,Information,Microsoft-Windows-HotspotAuth/Analytic,WISPr Detection,Start,ut:WISPrDetection,Windows 10,21H1,Pro,2022/03/15,19041.1586,Discovering WISPr has started for interface {InterfaceGuid},{InterfaceGuid}
2001,0,Information,Microsoft-Windows-HotspotAuth/Analytic,WISPr Detection,Start,ut:WISPrDetection,Windows 10,20H2,Pro,2022/03/15,19041.1586,Discovering WISPr has started for interface {InterfaceGuid},{InterfaceGuid}
2001,0,Information,Microsoft-Windows-HotspotAuth/Analytic,WISPr Detection,Start,ut:WISPrDetection,Windows 10,21H2,Pro,2022/03/15,19041.1586,Discovering WISPr has started for interface {InterfaceGuid},{InterfaceGuid}
2001,0,Information,Microsoft-Windows-HotspotAuth/Analytic,WISPr Detection,Start,ut:WISPrDetection,Windows 10,21H1,Pro,2022/02/15,19041.1526,Discovering WISPr has started for interface {InterfaceGuid},{InterfaceGuid}
2001,0,Information,Microsoft-Windows-HotspotAuth/Analytic,WISPr Detection,Start,ut:WISPrDetection,Windows 10,20H2,Pro,2022/02/15,19041.1526,Discovering WISPr has started for interface {InterfaceGuid},{InterfaceGuid}
2001,0,Information,Microsoft-Windows-HotspotAuth/Analytic,WISPr Detection,Start,ut:WISPrDetection,Windows 10,21H2,Pro,2022/02/15,19041.1526,Discovering WISPr has started for interface {InterfaceGuid},{InterfaceGuid}
2001,0,Information,Microsoft-Windows-HotspotAuth/Analytic,WISPr Detection,Start,ut:WISPrDetection,Windows 10,20H2,Pro,2021/12/14,19041.1415,Discovering WISPr has started for interface {InterfaceGuid},{InterfaceGuid}
2001,0,Information,Microsoft-Windows-HotspotAuth/Analytic,WISPr Detection,Start,ut:WISPrDetection,Windows 10,2004,Pro,2021/11/09,19041.1348,Discovering WISPr has started for interface {InterfaceGuid},{InterfaceGuid}
2001,0,Information,Microsoft-Windows-HotspotAuth/Analytic,WISPr Detection,Start,ut:WISPrDetection,Windows 10,20H2,Pro,2021/11/09,19041.1348,Discovering WISPr has started for interface {InterfaceGuid},{InterfaceGuid}
2001,0,Information,Microsoft-Windows-HotspotAuth/Analytic,WISPr Detection,Start,ut:WISPrDetection,Windows 10,2004,Pro,2021/10/12,19041.1288,Discovering WISPr has started for interface {InterfaceGuid},{InterfaceGuid}
2001,0,Information,Microsoft-Windows-HotspotAuth/Analytic,WISPr Detection,Start,ut:WISPrDetection,Windows 10,20H2,Pro,2021/10/12,19041.1288,Discovering WISPr has started for interface {InterfaceGuid},{InterfaceGuid}
2001,0,Information,Microsoft-Windows-HotspotAuth/Analytic,WISPr Detection,Start,ut:WISPrDetection,Windows 10,2004,Pro,2021/09/14,19041.1237,Discovering WISPr has started for interface {InterfaceGuid},{InterfaceGuid}
2001,0,Information,Microsoft-Windows-HotspotAuth/Analytic,WISPr Detection,Start,ut:WISPrDetection,Windows 10,20H2,Pro,2021/09/14,19041.1237,Discovering WISPr has started for interface {InterfaceGuid},{InterfaceGuid}
2001,0,Information,Microsoft-Windows-HotspotAuth/Analytic,WISPr Detection,Start,ut:WISPrDetection,Windows 10,2004,Pro,2021/08/10,19041.1165,Discovering WISPr has started for interface {InterfaceGuid},{InterfaceGuid}
2001,0,Information,Microsoft-Windows-HotspotAuth/Analytic,WISPr Detection,Start,ut:WISPrDetection,Windows 10,20H2,Pro,2021/08/10,19041.1165,Discovering WISPr has started for interface {InterfaceGuid},{InterfaceGuid}
2001,0,Information,Microsoft-Windows-HotspotAuth/Analytic,WISPr Detection,Start,ut:WISPrDetection,Windows 10,2004,Pro,2021/07/13,19041.111,Discovering WISPr has started for interface {InterfaceGuid},{InterfaceGuid}
2001,0,Information,Microsoft-Windows-HotspotAuth/Analytic,WISPr Detection,Start,ut:WISPrDetection,Windows 10,20H2,Pro,2021/07/13,19041.111,Discovering WISPr has started for interface {InterfaceGuid},{InterfaceGuid}
2001,0,Information,Microsoft-Windows-HotspotAuth/Analytic,WISPr Detection,Start,ut:WISPrDetection,Windows 10,2004,Pro,2021/06/08,19041.1052,Discovering WISPr has started for interface {InterfaceGuid},{InterfaceGuid}
2001,0,Information,Microsoft-Windows-HotspotAuth/Analytic,WISPr Detection,Start,ut:WISPrDetection,Windows 10,20H2,Pro,2021/06/08,19041.1052,Discovering WISPr has started for interface {InterfaceGuid},{InterfaceGuid}
2001,0,Information,Microsoft-Windows-HotspotAuth/Analytic,WISPr Detection,Start,ut:WISPrDetection,Windows 10,1909,Pro,2020/07/14,18363.959,Discovering WISPr has started for interface {InterfaceGuid},{InterfaceGuid}
2001,0,Information,Microsoft-Windows-HotspotAuth/Analytic,WISPr Detection,Start,ut:WISPrDetection,Windows 10,1909,Pro,2020/06/09,18363.9,Discovering WISPr has started for interface {InterfaceGuid},{InterfaceGuid}
2001,0,Information,Microsoft-Windows-HotspotAuth/Analytic,WISPr Detection,Start,ut:WISPrDetection,Windows 10,1909,Pro,2020/05/12,18363.836,Discovering WISPr has started for interface {InterfaceGuid},{InterfaceGuid}
2001,0,Information,Microsoft-Windows-HotspotAuth/Analytic,WISPr Detection,Start,ut:WISPrDetection,Windows 10,1909,Pro,2020/04/14,18363.778,Discovering WISPr has started for interface {InterfaceGuid},{InterfaceGuid}
2001,0,Information,Microsoft-Windows-HotspotAuth/Analytic,WISPr Detection,Start,ut:WISPrDetection,Windows 10,1909,Pro,2020/03/12,18363.72,Discovering WISPr has started for interface {InterfaceGuid},{InterfaceGuid}
2001,0,Information,Microsoft-Windows-HotspotAuth/Analytic,WISPr Detection,Start,ut:WISPrDetection,Windows 10,1909,Pro,2020/02/11,18363.657,Discovering WISPr has started for interface {InterfaceGuid},{InterfaceGuid}
2001,0,Information,Microsoft-Windows-HotspotAuth/Analytic,WISPr Detection,Start,ut:WISPrDetection,Windows 10,1909,Pro,2020/01/14,18363.592,Discovering WISPr has started for interface {InterfaceGuid},{InterfaceGuid}
2001,0,Information,Microsoft-Windows-HotspotAuth/Analytic,WISPr Detection,Start,ut:WISPrDetection,Windows 10,1909,Pro,2019/12/10,18363.535,Discovering WISPr has started for interface {InterfaceGuid},{InterfaceGuid}
2001,0,Information,Microsoft-Windows-HotspotAuth/Analytic,WISPr Detection,Start,ut:WISPrDetection,Windows 10,1909,Pro,2019/10/05,18363.418,Discovering WISPr has started for interface {InterfaceGuid},{InterfaceGuid}
2001,0,Information,Microsoft-Windows-HotspotAuth/Analytic,WISPr Detection,Start,ut:WISPrDetection,Windows 10,1909,Pro,2021/06/08,18363.1621,Discovering WISPr has started for interface {InterfaceGuid},{InterfaceGuid}
2001,0,Information,Microsoft-Windows-HotspotAuth/Analytic,WISPr Detection,Start,ut:WISPrDetection,Windows 10,1909,Pro,2021/05/11,18363.1556,Discovering WISPr has started for interface {InterfaceGuid},{InterfaceGuid}
2001,0,Information,Microsoft-Windows-HotspotAuth/Analytic,WISPr Detection,Start,ut:WISPrDetection,Windows 10,1909,Pro,2021/04/13,18363.15,Discovering WISPr has started for interface {InterfaceGuid},{InterfaceGuid}
2001,0,Information,Microsoft-Windows-HotspotAuth/Analytic,WISPr Detection,Start,ut:WISPrDetection,Windows 10,1909,Pro,2021/03/09,18363.144,Discovering WISPr has started for interface {InterfaceGuid},{InterfaceGuid}
2001,0,Information,Microsoft-Windows-HotspotAuth/Analytic,WISPr Detection,Start,ut:WISPrDetection,Windows 10,1909,Pro,2021/02/11,18363.1379,Discovering WISPr has started for interface {InterfaceGuid},{InterfaceGuid}
2001,0,Information,Microsoft-Windows-HotspotAuth/Analytic,WISPr Detection,Start,ut:WISPrDetection,Windows 10,1909,Pro,2021/01/12,18363.1316,Discovering WISPr has started for interface {InterfaceGuid},{InterfaceGuid}
2001,0,Information,Microsoft-Windows-HotspotAuth/Analytic,WISPr Detection,Start,ut:WISPrDetection,Windows 10,1909,Pro,2020/12/08,18363.1256,Discovering WISPr has started for interface {InterfaceGuid},{InterfaceGuid}
2001,0,Information,Microsoft-Windows-HotspotAuth/Analytic,WISPr Detection,Start,ut:WISPrDetection,Windows 10,1909,Pro,2020/11/10,18363.1198,Discovering WISPr has started for interface {InterfaceGuid},{InterfaceGuid}
2001,0,Information,Microsoft-Windows-HotspotAuth/Analytic,WISPr Detection,Start,ut:WISPrDetection,Windows 10,1909,Pro,2020/10/13,18363.1139,Discovering WISPr has started for interface {InterfaceGuid},{InterfaceGuid}
2001,0,Information,Microsoft-Windows-HotspotAuth/Analytic,WISPr Detection,Start,ut:WISPrDetection,Windows 10,1909,Pro,2020/09/08,18363.1082,Discovering WISPr has started for interface {InterfaceGuid},{InterfaceGuid}
2001,0,Information,Microsoft-Windows-HotspotAuth/Analytic,WISPr Detection,Start,ut:WISPrDetection,Windows 10,1909,Pro,2020/08/11,18363.1016,Discovering WISPr has started for interface {InterfaceGuid},{InterfaceGuid}
2001,0,Information,Microsoft-Windows-HotspotAuth/Analytic,WISPr Detection,Start,ut:WISPrDetection,Windows 10,1903,Pro,2020/07/14,18362.959,Discovering WISPr has started for interface {InterfaceGuid},{InterfaceGuid}
2001,0,Information,Microsoft-Windows-HotspotAuth/Analytic,WISPr Detection,Start,ut:WISPrDetection,Windows 10,1903,Pro,2020/05/12,18362.836,Discovering WISPr has started for interface {InterfaceGuid},{InterfaceGuid}
2001,0,Information,Microsoft-Windows-HotspotAuth/Analytic,WISPr Detection,Start,ut:WISPrDetection,Windows 10,1903,Pro,2020/03/12,18362.72,Discovering WISPr has started for interface {InterfaceGuid},{InterfaceGuid}
2001,0,Information,Microsoft-Windows-HotspotAuth/Analytic,WISPr Detection,Start,ut:WISPrDetection,Windows 10,1903,Pro,2020/02/11,18362.657,Discovering WISPr has started for interface {InterfaceGuid},{InterfaceGuid}
2001,0,Information,Microsoft-Windows-HotspotAuth/Analytic,WISPr Detection,Start,ut:WISPrDetection,Windows 10,1903,Pro,2019/12/10,18362.535,Discovering WISPr has started for interface {InterfaceGuid},{InterfaceGuid}
2001,0,Information,Microsoft-Windows-HotspotAuth/Analytic,WISPr Detection,Start,ut:WISPrDetection,Windows 10,1903,Pro,2019/11/12,18362.476,Discovering WISPr has started for interface {InterfaceGuid},{InterfaceGuid}
2001,0,Information,Microsoft-Windows-HotspotAuth/Analytic,WISPr Detection,Start,ut:WISPrDetection,Windows 10,1903,Pro,2019/09/10,18362.356,Discovering WISPr has started for interface {InterfaceGuid},{InterfaceGuid}
2001,0,Information,Microsoft-Windows-HotspotAuth/Analytic,WISPr Detection,Start,ut:WISPrDetection,Windows 10,1903,Pro,2019/03/29,18362.3,Discovering WISPr has started for interface {InterfaceGuid},{InterfaceGuid}
2001,0,Information,Microsoft-Windows-HotspotAuth/Analytic,WISPr Detection,Start,ut:WISPrDetection,Windows 10,1903,Pro,2019/07/09,18362.239,Discovering WISPr has started for interface {InterfaceGuid},{InterfaceGuid}
2001,0,Information,Microsoft-Windows-HotspotAuth/Analytic,WISPr Detection,Start,ut:WISPrDetection,Windows 10,1903,Pro,2019/06/11,18362.175,Discovering WISPr has started for interface {InterfaceGuid},{InterfaceGuid}
2001,0,Information,Microsoft-Windows-HotspotAuth/Analytic,WISPr Detection,Start,ut:WISPrDetection,Windows 10,1903,Pro,2020/12/08,18362.1256,Discovering WISPr has started for interface {InterfaceGuid},{InterfaceGuid}
2001,0,Information,Microsoft-Windows-HotspotAuth/Analytic,WISPr Detection,Start,ut:WISPrDetection,Windows 10,1903,Pro,2020/11/10,18362.1198,Discovering WISPr has started for interface {InterfaceGuid},{InterfaceGuid}
2001,0,Information,Microsoft-Windows-HotspotAuth/Analytic,WISPr Detection,Start,ut:WISPrDetection,Windows 10,1903,Pro,2020/10/13,18362.1139,Discovering WISPr has started for interface {InterfaceGuid},{InterfaceGuid}
2001,0,Information,Microsoft-Windows-HotspotAuth/Analytic,WISPr Detection,Start,ut:WISPrDetection,Windows 10,1903,Pro,2020/09/08,18362.1082,Discovering WISPr has started for interface {InterfaceGuid},{InterfaceGuid}
2001,0,Information,Microsoft-Windows-HotspotAuth/Analytic,WISPr Detection,Start,ut:WISPrDetection,Windows 10,1903,Pro,2019/12/10,18362.1016,Discovering WISPr has started for interface {InterfaceGuid},{InterfaceGuid}
2001,0,Information,Microsoft-Windows-HotspotAuth/Analytic,WISPr Detection,Start,ut:WISPrDetection,Windows 10,1809,Pro,2020/01/14,17763.973,Discovering WISPr has started for interface {InterfaceGuid},{InterfaceGuid}
2001,0,Information,Microsoft-Windows-HotspotAuth/Analytic,WISPr Detection,Start,ut:WISPrDetection,Windows 10,1809,Pro,2019/12/10,17763.914,Discovering WISPr has started for interface {InterfaceGuid},{InterfaceGuid}
2001,0,Information,Microsoft-Windows-HotspotAuth/Analytic,WISPr Detection,Start,ut:WISPrDetection,Windows 10,1809,Pro,2019/11/12,17763.864,Discovering WISPr has started for interface {InterfaceGuid},{InterfaceGuid}
2001,0,Information,Microsoft-Windows-HotspotAuth/Analytic,WISPr Detection,Start,ut:WISPrDetection,Windows 10,1809,Pro,2019/10/08,17763.805,Discovering WISPr has started for interface {InterfaceGuid},{InterfaceGuid}
2001,0,Information,Microsoft-Windows-HotspotAuth/Analytic,WISPr Detection,Start,ut:WISPrDetection,Windows 10,1809,Pro,2019/09/10,17763.737,Discovering WISPr has started for interface {InterfaceGuid},{InterfaceGuid}
2001,0,Information,Microsoft-Windows-HotspotAuth/Analytic,WISPr Detection,Start,ut:WISPrDetection,Windows 10,1809,Pro,2019/08/13,17763.678,Discovering WISPr has started for interface {InterfaceGuid},{InterfaceGuid}
2001,0,Information,Microsoft-Windows-HotspotAuth/Analytic,WISPr Detection,Start,ut:WISPrDetection,Windows 10,1809,Pro,2019/07/09,17763.615,Discovering WISPr has started for interface {InterfaceGuid},{InterfaceGuid}
2001,0,Information,Microsoft-Windows-HotspotAuth/Analytic,WISPr Detection,Start,ut:WISPrDetection,Windows 10,1809,Pro,2019/06/11,17763.557,Discovering WISPr has started for interface {InterfaceGuid},{InterfaceGuid}
2001,0,Information,Microsoft-Windows-HotspotAuth/Analytic,WISPr Detection,Start,ut:WISPrDetection,Windows 10,1809,Pro,2019/05/19,17763.504,Discovering WISPr has started for interface {InterfaceGuid},{InterfaceGuid}
2001,0,Information,Microsoft-Windows-HotspotAuth/Analytic,WISPr Detection,Start,ut:WISPrDetection,Windows 10,1809,Pro,2019/04/09,17763.437,Discovering WISPr has started for interface {InterfaceGuid},{InterfaceGuid}
2001,0,Information,Microsoft-Windows-HotspotAuth/Analytic,WISPr Detection,Start,ut:WISPrDetection,Windows 10,1809,Pro,2019/03/12,17763.379,Discovering WISPr has started for interface {InterfaceGuid},{InterfaceGuid}
2001,0,Information,Microsoft-Windows-HotspotAuth/Analytic,WISPr Detection,Start,ut:WISPrDetection,Windows 10,1809,Pro,2019/02/12,17763.316,Discovering WISPr has started for interface {InterfaceGuid},{InterfaceGuid}
2001,0,Information,Microsoft-Windows-HotspotAuth/Analytic,WISPr Detection,Start,ut:WISPrDetection,Windows 10,1803,Pro,2019/01/08,17763.253,Discovering WISPr has started for interface {InterfaceGuid},{InterfaceGuid}
2001,0,Information,Microsoft-Windows-HotspotAuth/Analytic,WISPr Detection,Start,ut:WISPrDetection,Windows 10,1809,Pro,2018/12/11,17763.194,Discovering WISPr has started for interface {InterfaceGuid},{InterfaceGuid}
2001,0,Information,Microsoft-Windows-HotspotAuth/Analytic,WISPr Detection,Start,ut:WISPrDetection,Windows 10,1809,Pro,2020/11/10,17763.1577,Discovering WISPr has started for interface {InterfaceGuid},{InterfaceGuid}
2001,0,Information,Microsoft-Windows-HotspotAuth/Analytic,WISPr Detection,Start,ut:WISPrDetection,Windows 10,1809,Pro,2020/10/13,17763.1518,Discovering WISPr has started for interface {InterfaceGuid},{InterfaceGuid}
2001,0,Information,Microsoft-Windows-HotspotAuth/Analytic,WISPr Detection,Start,ut:WISPrDetection,Windows 10,1809,Pro,2020/09/08,17763.1457,Discovering WISPr has started for interface {InterfaceGuid},{InterfaceGuid}
2001,0,Information,Microsoft-Windows-HotspotAuth/Analytic,WISPr Detection,Start,ut:WISPrDetection,Windows 10,1809,Pro,2020/08/11,17763.1397,Discovering WISPr has started for interface {InterfaceGuid},{InterfaceGuid}
2001,0,Information,Microsoft-Windows-HotspotAuth/Analytic,WISPr Detection,Start,ut:WISPrDetection,Windows 10,1809,Pro,2020/07/14,17763.1339,Discovering WISPr has started for interface {InterfaceGuid},{InterfaceGuid}
2001,0,Information,Microsoft-Windows-HotspotAuth/Analytic,WISPr Detection,Start,ut:WISPrDetection,Windows 10,1809,Pro,2020/06/09,17763.1282,Discovering WISPr has started for interface {InterfaceGuid},{InterfaceGuid}
2001,0,Information,Microsoft-Windows-HotspotAuth/Analytic,WISPr Detection,Start,ut:WISPrDetection,Windows 10,1809,Pro,2020/05/12,17763.1217,Discovering WISPr has started for interface {InterfaceGuid},{InterfaceGuid}
2001,0,Information,Microsoft-Windows-HotspotAuth/Analytic,WISPr Detection,Start,ut:WISPrDetection,Windows 10,1809,Pro,2020/04/14,17763.1158,Discovering WISPr has started for interface {InterfaceGuid},{InterfaceGuid}
2001,0,Information,Microsoft-Windows-HotspotAuth/Analytic,WISPr Detection,Start,ut:WISPrDetection,Windows 10,1809,Pro,2020/03/12,17763.1098,Discovering WISPr has started for interface {InterfaceGuid},{InterfaceGuid}
2001,0,Information,Microsoft-Windows-HotspotAuth/Analytic,WISPr Detection,Start,ut:WISPrDetection,Windows 10,1809,Pro,2018/11/13,17763.107,Discovering WISPr has started for interface {InterfaceGuid},{InterfaceGuid}
2001,0,Information,Microsoft-Windows-HotspotAuth/Analytic,WISPr Detection,Start,ut:WISPrDetection,Windows 10,1809,Pro,2020/02/11,17763.1039,Discovering WISPr has started for interface {InterfaceGuid},{InterfaceGuid}
2001,0,Information,Microsoft-Windows-HotspotAuth/Analytic,WISPr Detection,Start,ut:WISPrDetection,Windows 10,1803,Pro,2019/08/13,17134.95,Discovering WISPr has started for interface {InterfaceGuid},{InterfaceGuid}
2001,0,Information,Microsoft-Windows-HotspotAuth/Analytic,WISPr Detection,Start,ut:WISPrDetection,Windows 10,1803,Pro,2019/07/09,17134.885,Discovering WISPr has started for interface {InterfaceGuid},{InterfaceGuid}
2001,0,Information,Microsoft-Windows-HotspotAuth/Analytic,WISPr Detection,Start,ut:WISPrDetection,Windows 10,1803,Pro,2019/06/11,17134.829,Discovering WISPr has started for interface {InterfaceGuid},{InterfaceGuid}
2001,0,Information,Microsoft-Windows-HotspotAuth/Analytic,WISPr Detection,Start,ut:WISPrDetection,Windows 10,1803,Pro,2019/05/19,17134.766,Discovering WISPr has started for interface {InterfaceGuid},{InterfaceGuid}
2001,0,Information,Microsoft-Windows-HotspotAuth/Analytic,WISPr Detection,Start,ut:WISPrDetection,Windows 10,1803,Pro,2019/04/09,17134.706,Discovering WISPr has started for interface {InterfaceGuid},{InterfaceGuid}
2001,0,Information,Microsoft-Windows-HotspotAuth/Analytic,WISPr Detection,Start,ut:WISPrDetection,Windows 10,1803,Pro,2019/03/12,17134.648,Discovering WISPr has started for interface {InterfaceGuid},{InterfaceGuid}
2001,0,Information,Microsoft-Windows-HotspotAuth/Analytic,WISPr Detection,Start,ut:WISPrDetection,Windows 10,1803,Pro,2019/01/08,17134.523,Discovering WISPr has started for interface {InterfaceGuid},{InterfaceGuid}
2001,0,Information,Microsoft-Windows-HotspotAuth/Analytic,WISPr Detection,Start,ut:WISPrDetection,Windows 10,1803,Pro,2018/09/11,17134.285,Discovering WISPr has started for interface {InterfaceGuid},{InterfaceGuid}
2001,0,Information,Microsoft-Windows-HotspotAuth/Analytic,WISPr Detection,Start,ut:WISPrDetection,Windows 10,1803,Pro,2018/08/14,17134.228,Discovering WISPr has started for interface {InterfaceGuid},{InterfaceGuid}
2001,0,Information,Microsoft-Windows-HotspotAuth/Analytic,WISPr Detection,Start,ut:WISPrDetection,Windows 10,1803,Pro,2018/06/12,17134.112,Discovering WISPr has started for interface {InterfaceGuid},{InterfaceGuid}
2001,0,Information,Microsoft-Windows-HotspotAuth/Analytic,WISPr Detection,Start,ut:WISPrDetection,Windows 10,1803,Pro,2019/09/10,17134.1006,Discovering WISPr has started for interface {InterfaceGuid},{InterfaceGuid}
2001,0,Information,Microsoft-Windows-HotspotAuth/Analytic,WISPr Detection,Start,ut:WISPrDetection,Windows 10,1803,Pro,1970/01/01,17134.1,Discovering WISPr has started for interface {InterfaceGuid},{InterfaceGuid}
2001,0,Information,Microsoft-Windows-HotspotAuth/Analytic,WISPr Detection,Start,ut:WISPrDetection,Windows 10,1709,Pro,2017/11/14,16299.64,Discovering WISPr has started for interface {InterfaceGuid},{InterfaceGuid}
2001,0,Information,Microsoft-Windows-HotspotAuth/Analytic,WISPr Detection,Start,ut:WISPrDetection,Windows 10,1709,Pro,2017/11/14,16299.15,Discovering WISPr has started for interface {InterfaceGuid},{InterfaceGuid}
2001,0,Information,Microsoft-Windows-HotspotAuth/Analytic,WISPr Detection,Start,ut:WISPrDetection,Windows 10,1709,Pro,2017/12/12,16299.125,Discovering WISPr has started for interface {InterfaceGuid},{InterfaceGuid}
2001,0,Information,Microsoft-Windows-HotspotAuth/Analytic,WISPr Detection,Start,ut:WISPrDetection,Windows 10,1703,Pro,2017/07/11,15063.483,Discovering WISPr has started for interface {InterfaceGuid},{InterfaceGuid}
2001,0,Information,Microsoft-Windows-HotspotAuth/Analytic,WISPr Detection,Start,ut:WISPrDetection,Windows 10,1703,Pro,2017/06/13,15063.413,Discovering WISPr has started for interface {InterfaceGuid},{InterfaceGuid}
2001,0,Information,Microsoft-Windows-HotspotAuth/Analytic,WISPr Detection,Start,ut:WISPrDetection,Windows 10,1703,Pro,2017/03/20,15063.0,Discovering WISPr has started for interface {InterfaceGuid},{InterfaceGuid}
2001,0,Information,Microsoft-Windows-HotspotAuth/Analytic,WISPr Detection,Start,ut:WISPrDetection,Windows 10,1607,Pro,2016/11/08,14393.447,Discovering WISPr has started for interface {InterfaceGuid},{InterfaceGuid}
2001,0,Information,Microsoft-Windows-HotspotAuth/Analytic,WISPr Detection,Start,ut:WISPrDetection,Windows 10,1511,Pro,2016/03/08,10586.164,Discovering WISPr has started for interface {InterfaceGuid},{InterfaceGuid}
2001,0,Information,Microsoft-Windows-HotspotAuth/Analytic,WISPr Detection,Start,ut:WISPrDetection,Windows 10,1511,Enterprise,2016/02/09,10586.104,Discovering WISPr has started for interface {InterfaceGuid},{InterfaceGuid}
2001,0,Information,Microsoft-Windows-HotspotAuth/Analytic,WISPr Detection,Start,ut:WISPrDetection,Windows 10,1511,Pro,1970/01/01,10586.0,Discovering WISPr has started for interface {InterfaceGuid},{InterfaceGuid}
2001,0,Information,Microsoft-Windows-HotspotAuth/Analytic,WISPr Detection,Start,ut:WISPrDetection,Windows 10,1507,Pro,2015/07/29,10240.0,Discovering WISPr has started for interface {InterfaceGuid},{InterfaceGuid}
2001,0,Information,Microsoft-Windows-HotspotAuth/Analytic,WISPr Detection,Start,ut:WISPrDetection,Windows 8.1,8.1,Pro,1970/01/01,9600.0,Discovering WISPr has started for interface {InterfaceGuid},{InterfaceGuid}
2001,0,Information,Microsoft-Windows-HotspotAuth/Analytic,WISPr Detection,Start,ut:WISPrDetection,Windows 8,8,Pro,1970/01/01,9200.0,Discovering WISPr has started for interface {InterfaceGuid},{InterfaceGuid}
2002,0,Information,Microsoft-Windows-HotspotAuth/Analytic,WISPr Detection,Stop,ut:WISPrDetection,Windows 11,24H2,Pro,2024/10/2,26100.1742,The hotspot on interface {InterfaceGuid} supports WISPr,{InterfaceGuid}
2002,0,Information,Microsoft-Windows-HotspotAuth/Analytic,WISPr Detection,Stop,ut:WISPrDetection,Windows 11,22H2,Pro,2022/12/20,22621.963,The hotspot on interface {InterfaceGuid} supports WISPr,{InterfaceGuid}
2002,0,Information,Microsoft-Windows-HotspotAuth/Analytic,WISPr Detection,Stop,ut:WISPrDetection,Windows 11,22H2,Pro,2022/11/15,22621.819,The hotspot on interface {InterfaceGuid} supports WISPr,{InterfaceGuid}
2002,0,Information,Microsoft-Windows-HotspotAuth/Analytic,WISPr Detection,Stop,ut:WISPrDetection,Windows 11,22H2,Pro,2022/10/18,22621.674,The hotspot on interface {InterfaceGuid} supports WISPr,{InterfaceGuid}
2002,0,Information,Microsoft-Windows-HotspotAuth/Analytic,WISPr Detection,Stop,ut:WISPrDetection,Windows 11,22H2,Pro,2022/09/20,22621.382,The hotspot on interface {InterfaceGuid} supports WISPr,{InterfaceGuid}
2002,0,Information,Microsoft-Windows-HotspotAuth/Analytic,WISPr Detection,Stop,ut:WISPrDetection,Windows 11,22H2,Pro,2023/03/21,22621.1413,The hotspot on interface {InterfaceGuid} supports WISPr,{InterfaceGuid}
2002,0,Information,Microsoft-Windows-HotspotAuth/Analytic,WISPr Detection,Stop,ut:WISPrDetection,Windows 11,22H2,Pro,2023/02/21,22621.1265,The hotspot on interface {InterfaceGuid} supports WISPr,{InterfaceGuid}
2002,0,Information,Microsoft-Windows-HotspotAuth/Analytic,WISPr Detection,Stop,ut:WISPrDetection,Windows 11,22H2,Pro,2023/01/17,22621.1105,The hotspot on interface {InterfaceGuid} supports WISPr,{InterfaceGuid}
2002,0,Information,Microsoft-Windows-HotspotAuth/Analytic,WISPr Detection,Stop,ut:WISPrDetection,Windows 11,21H2,Pro,2022/09/20,22000.978,The hotspot on interface {InterfaceGuid} supports WISPr,{InterfaceGuid}
2002,0,Information,Microsoft-Windows-HotspotAuth/Analytic,WISPr Detection,Stop,ut:WISPrDetection,Windows 11,21H2,Pro,2022/08/16,22000.856,The hotspot on interface {InterfaceGuid} supports WISPr,{InterfaceGuid}
2002,0,Information,Microsoft-Windows-HotspotAuth/Analytic,WISPr Detection,Stop,ut:WISPrDetection,Windows 11,21H2,Pro,2022/07/19,22000.795,The hotspot on interface {InterfaceGuid} supports WISPr,{InterfaceGuid}
2002,0,Information,Microsoft-Windows-HotspotAuth/Analytic,WISPr Detection,Stop,ut:WISPrDetection,Windows 11,21H2,Pro,2022/06/21,22000.739,The hotspot on interface {InterfaceGuid} supports WISPr,{InterfaceGuid}
2002,0,Information,Microsoft-Windows-HotspotAuth/Analytic,WISPr Detection,Stop,ut:WISPrDetection,Windows 11,21H2,Pro,2022/05/17,22000.675,The hotspot on interface {InterfaceGuid} supports WISPr,{InterfaceGuid}
2002,0,Information,Microsoft-Windows-HotspotAuth/Analytic,WISPr Detection,Stop,ut:WISPrDetection,Windows 11,21H2,Pro,2022/04/19,22000.613,The hotspot on interface {InterfaceGuid} supports WISPr,{InterfaceGuid}
2002,0,Information,Microsoft-Windows-HotspotAuth/Analytic,WISPr Detection,Stop,ut:WISPrDetection,Windows 11,21H2,Pro,2022/03/15,22000.556,The hotspot on interface {InterfaceGuid} supports WISPr,{InterfaceGuid}
2002,0,Information,Microsoft-Windows-HotspotAuth/Analytic,WISPr Detection,Stop,ut:WISPrDetection,Windows 11,21H2,Pro,2022/02/15,22000.493,The hotspot on interface {InterfaceGuid} supports WISPr,{InterfaceGuid}
2002,0,Information,Microsoft-Windows-HotspotAuth/Analytic,WISPr Detection,Stop,ut:WISPrDetection,Windows 11,21H2,Pro,2022/01/11,22000.434,The hotspot on interface {InterfaceGuid} supports WISPr,{InterfaceGuid}
2002,0,Information,Microsoft-Windows-HotspotAuth/Analytic,WISPr Detection,Stop,ut:WISPrDetection,Windows 11,21H2,Pro,2021/12/14,22000.376,The hotspot on interface {InterfaceGuid} supports WISPr,{InterfaceGuid}
2002,0,Information,Microsoft-Windows-HotspotAuth/Analytic,WISPr Detection,Stop,ut:WISPrDetection,Windows 11,21H2,Pro,2021/11/09,22000.318,The hotspot on interface {InterfaceGuid} supports WISPr,{InterfaceGuid}
2002,0,Information,Microsoft-Windows-HotspotAuth/Analytic,WISPr Detection,Stop,ut:WISPrDetection,Windows 11,21H2,Pro,2021/09/16,22000.194,The hotspot on interface {InterfaceGuid} supports WISPr,{InterfaceGuid}
2002,0,Information,Microsoft-Windows-HotspotAuth/Analytic,WISPr Detection,Stop,ut:WISPrDetection,Windows 11,21H2,Pro,2023/03/21,22000.1696,The hotspot on interface {InterfaceGuid} supports WISPr,{InterfaceGuid}
2002,0,Information,Microsoft-Windows-HotspotAuth/Analytic,WISPr Detection,Stop,ut:WISPrDetection,Windows 11,21H2,Pro,2023/02/21,22000.1574,The hotspot on interface {InterfaceGuid} supports WISPr,{InterfaceGuid}
2002,0,Information,Microsoft-Windows-HotspotAuth/Analytic,WISPr Detection,Stop,ut:WISPrDetection,Windows 11,21H2,Pro,2023/01/17,22000.1455,The hotspot on interface {InterfaceGuid} supports WISPr,{InterfaceGuid}
2002,0,Information,Microsoft-Windows-HotspotAuth/Analytic,WISPr Detection,Stop,ut:WISPrDetection,Windows 11,21H2,Pro,2022/12/20,22000.1335,The hotspot on interface {InterfaceGuid} supports WISPr,{InterfaceGuid}
2002,0,Information,Microsoft-Windows-HotspotAuth/Analytic,WISPr Detection,Stop,ut:WISPrDetection,Windows 11,21H2,Pro,2022/11/15,22000.1219,The hotspot on interface {InterfaceGuid} supports WISPr,{InterfaceGuid}
2002,0,Information,Microsoft-Windows-HotspotAuth/Analytic,WISPr Detection,Stop,ut:WISPrDetection,Windows 11,21H2,Pro,2022/10/18,22000.1098,The hotspot on interface {InterfaceGuid} supports WISPr,{InterfaceGuid}
2002,0,Information,Microsoft-Windows-HotspotAuth/Analytic,WISPr Detection,Stop,ut:WISPrDetection,Windows 11,21H2,Pro-Dev,1970/01/01,21996.1,The hotspot on interface {InterfaceGuid} supports WISPr,{InterfaceGuid}
2002,0,Information,Microsoft-Windows-HotspotAuth/Analytic,WISPr Detection,Stop,ut:WISPrDetection,Windows 10,22H2,Pro,2023/03/21,19045.2728,The hotspot on interface {InterfaceGuid} supports WISPr,{InterfaceGuid}
2002,0,Information,Microsoft-Windows-HotspotAuth/Analytic,WISPr Detection,Stop,ut:WISPrDetection,Windows 10,22H2,Pro,2023/02/21,19045.2604,The hotspot on interface {InterfaceGuid} supports WISPr,{InterfaceGuid}
2002,0,Information,Microsoft-Windows-HotspotAuth/Analytic,WISPr Detection,Stop,ut:WISPrDetection,Windows 10,22H2,Pro,2023/01/17,19045.2486,The hotspot on interface {InterfaceGuid} supports WISPr,{InterfaceGuid}
2002,0,Information,Microsoft-Windows-HotspotAuth/Analytic,WISPr Detection,Stop,ut:WISPrDetection,Windows 10,22H2,Pro,2022/12/20,19045.2364,The hotspot on interface {InterfaceGuid} supports WISPr,{InterfaceGuid}
2002,0,Information,Microsoft-Windows-HotspotAuth/Analytic,WISPr Detection,Stop,ut:WISPrDetection,Windows 10,22H2,Pro,2022/11/15,19045.2251,The hotspot on interface {InterfaceGuid} supports WISPr,{InterfaceGuid}
2002,0,Information,Microsoft-Windows-HotspotAuth/Analytic,WISPr Detection,Stop,ut:WISPrDetection,Windows 10,21H2,Pro,2023/03/21,19044.2728,The hotspot on interface {InterfaceGuid} supports WISPr,{InterfaceGuid}
2002,0,Information,Microsoft-Windows-HotspotAuth/Analytic,WISPr Detection,Stop,ut:WISPrDetection,Windows 10,21H2,Pro,2023/02/21,19044.2604,The hotspot on interface {InterfaceGuid} supports WISPr,{InterfaceGuid}
2002,0,Information,Microsoft-Windows-HotspotAuth/Analytic,WISPr Detection,Stop,ut:WISPrDetection,Windows 10,21H2,Pro,2023/01/17,19044.2486,The hotspot on interface {InterfaceGuid} supports WISPr,{InterfaceGuid}
2002,0,Information,Microsoft-Windows-HotspotAuth/Analytic,WISPr Detection,Stop,ut:WISPrDetection,Windows 10,21H2,Pro,2022/12/20,19044.2364,The hotspot on interface {InterfaceGuid} supports WISPr,{InterfaceGuid}
2002,0,Information,Microsoft-Windows-HotspotAuth/Analytic,WISPr Detection,Stop,ut:WISPrDetection,Windows 10,21H2,Pro,2022/11/15,19044.2251,The hotspot on interface {InterfaceGuid} supports WISPr,{InterfaceGuid}
2002,0,Information,Microsoft-Windows-HotspotAuth/Analytic,WISPr Detection,Stop,ut:WISPrDetection,Windows 10,21H2,Pro,2022/10/18,19044.213,The hotspot on interface {InterfaceGuid} supports WISPr,{InterfaceGuid}
2002,0,Information,Microsoft-Windows-HotspotAuth/Analytic,WISPr Detection,Stop,ut:WISPrDetection,Windows 10,21H2,Pro,2022/09/20,19044.2006,The hotspot on interface {InterfaceGuid} supports WISPr,{InterfaceGuid}
2002,0,Information,Microsoft-Windows-HotspotAuth/Analytic,WISPr Detection,Stop,ut:WISPrDetection,Windows 10,21H2,Pro,2022/08/16,19044.1889,The hotspot on interface {InterfaceGuid} supports WISPr,{InterfaceGuid}
2002,0,Information,Microsoft-Windows-HotspotAuth/Analytic,WISPr Detection,Stop,ut:WISPrDetection,Windows 10,21H2,Pro,2022/07/19,19044.1826,The hotspot on interface {InterfaceGuid} supports WISPr,{InterfaceGuid}
2002,0,Information,Microsoft-Windows-HotspotAuth/Analytic,WISPr Detection,Stop,ut:WISPrDetection,Windows 10,21H2,Pro,2022/06/21,19044.1766,The hotspot on interface {InterfaceGuid} supports WISPr,{InterfaceGuid}
2002,0,Information,Microsoft-Windows-HotspotAuth/Analytic,WISPr Detection,Stop,ut:WISPrDetection,Windows 10,21H2,Pro,2022/05/17,19044.1706,The hotspot on interface {InterfaceGuid} supports WISPr,{InterfaceGuid}
2002,0,Information,Microsoft-Windows-HotspotAuth/Analytic,WISPr Detection,Stop,ut:WISPrDetection,Windows 10,21H2,Pro,2022/04/19,19044.1645,The hotspot on interface {InterfaceGuid} supports WISPr,{InterfaceGuid}
2002,0,Information,Microsoft-Windows-HotspotAuth/Analytic,WISPr Detection,Stop,ut:WISPrDetection,Windows 10,21H2,Pro,2022/01/11,19044.1466,The hotspot on interface {InterfaceGuid} supports WISPr,{InterfaceGuid}
2002,0,Information,Microsoft-Windows-HotspotAuth/Analytic,WISPr Detection,Stop,ut:WISPrDetection,Windows 10,21H2,Pro,2021/10/12,19044.1288,The hotspot on interface {InterfaceGuid} supports WISPr,{InterfaceGuid}
2002,0,Information,Microsoft-Windows-HotspotAuth/Analytic,WISPr Detection,Stop,ut:WISPrDetection,Windows 10,21H1,Pro,2021/04/13,19043.928,The hotspot on interface {InterfaceGuid} supports WISPr,{InterfaceGuid}
2002,0,Information,Microsoft-Windows-HotspotAuth/Analytic,WISPr Detection,Stop,ut:WISPrDetection,Windows 10,21H1,Pro,2022/12/20,19043.2364,The hotspot on interface {InterfaceGuid} supports WISPr,{InterfaceGuid}
2002,0,Information,Microsoft-Windows-HotspotAuth/Analytic,WISPr Detection,Stop,ut:WISPrDetection,Windows 10,21H1,Pro,2022/11/15,19043.2251,The hotspot on interface {InterfaceGuid} supports WISPr,{InterfaceGuid}
2002,0,Information,Microsoft-Windows-HotspotAuth/Analytic,WISPr Detection,Stop,ut:WISPrDetection,Windows 10,21H1,Pro,2022/10/18,19043.213,The hotspot on interface {InterfaceGuid} supports WISPr,{InterfaceGuid}
2002,0,Information,Microsoft-Windows-HotspotAuth/Analytic,WISPr Detection,Stop,ut:WISPrDetection,Windows 10,21H1,Pro,2022/09/20,19043.2006,The hotspot on interface {InterfaceGuid} supports WISPr,{InterfaceGuid}
2002,0,Information,Microsoft-Windows-HotspotAuth/Analytic,WISPr Detection,Stop,ut:WISPrDetection,Windows 10,21H1,Pro,2022/08/16,19043.1889,The hotspot on interface {InterfaceGuid} supports WISPr,{InterfaceGuid}
2002,0,Information,Microsoft-Windows-HotspotAuth/Analytic,WISPr Detection,Stop,ut:WISPrDetection,Windows 10,21H1,Pro,2022/07/19,19043.1826,The hotspot on interface {InterfaceGuid} supports WISPr,{InterfaceGuid}
2002,0,Information,Microsoft-Windows-HotspotAuth/Analytic,WISPr Detection,Stop,ut:WISPrDetection,Windows 10,21H1,Pro,2022/06/21,19043.1766,The hotspot on interface {InterfaceGuid} supports WISPr,{InterfaceGuid}
2002,0,Information,Microsoft-Windows-HotspotAuth/Analytic,WISPr Detection,Stop,ut:WISPrDetection,Windows 10,21H1,Pro,2022/05/17,19043.1706,The hotspot on interface {InterfaceGuid} supports WISPr,{InterfaceGuid}
2002,0,Information,Microsoft-Windows-HotspotAuth/Analytic,WISPr Detection,Stop,ut:WISPrDetection,Windows 10,21H1,Pro,2022/04/19,19043.1645,The hotspot on interface {InterfaceGuid} supports WISPr,{InterfaceGuid}
2002,0,Information,Microsoft-Windows-HotspotAuth/Analytic,WISPr Detection,Stop,ut:WISPrDetection,Windows 10,21H1,Pro,2022/01/11,19043.1466,The hotspot on interface {InterfaceGuid} supports WISPr,{InterfaceGuid}
2002,0,Information,Microsoft-Windows-HotspotAuth/Analytic,WISPr Detection,Stop,ut:WISPrDetection,Windows 10,21H1,Pro,2021/12/14,19043.1415,The hotspot on interface {InterfaceGuid} supports WISPr,{InterfaceGuid}
2002,0,Information,Microsoft-Windows-HotspotAuth/Analytic,WISPr Detection,Stop,ut:WISPrDetection,Windows 10,21H2,Pro,2021/12/14,19043.1415,The hotspot on interface {InterfaceGuid} supports WISPr,{InterfaceGuid}
2002,0,Information,Microsoft-Windows-HotspotAuth/Analytic,WISPr Detection,Stop,ut:WISPrDetection,Windows 10,21H1,Pro,2021/11/09,19043.1348,The hotspot on interface {InterfaceGuid} supports WISPr,{InterfaceGuid}
2002,0,Information,Microsoft-Windows-HotspotAuth/Analytic,WISPr Detection,Stop,ut:WISPrDetection,Windows 10,21H1,Pro,2021/10/12,19043.1288,The hotspot on interface {InterfaceGuid} supports WISPr,{InterfaceGuid}
2002,0,Information,Microsoft-Windows-HotspotAuth/Analytic,WISPr Detection,Stop,ut:WISPrDetection,Windows 10,21H1,Pro,2021/09/14,19043.1237,The hotspot on interface {InterfaceGuid} supports WISPr,{InterfaceGuid}
2002,0,Information,Microsoft-Windows-HotspotAuth/Analytic,WISPr Detection,Stop,ut:WISPrDetection,Windows 10,21H1,Pro,2021/08/10,19043.1165,The hotspot on interface {InterfaceGuid} supports WISPr,{InterfaceGuid}
2002,0,Information,Microsoft-Windows-HotspotAuth/Analytic,WISPr Detection,Stop,ut:WISPrDetection,Windows 10,21H1,Pro,2021/07/13,19043.111,The hotspot on interface {InterfaceGuid} supports WISPr,{InterfaceGuid}
2002,0,Information,Microsoft-Windows-HotspotAuth/Analytic,WISPr Detection,Stop,ut:WISPrDetection,Windows 10,21H1,Pro,2021/06/08,19043.1052,The hotspot on interface {InterfaceGuid} supports WISPr,{InterfaceGuid}
2002,0,Information,Microsoft-Windows-HotspotAuth/Analytic,WISPr Detection,Stop,ut:WISPrDetection,Windows 10,20H2,Pro,2022/04/19,19042.1645,The hotspot on interface {InterfaceGuid} supports WISPr,{InterfaceGuid}
2002,0,Information,Microsoft-Windows-HotspotAuth/Analytic,WISPr Detection,Stop,ut:WISPrDetection,Windows 10,20H2,Pro,2022/01/11,19042.1466,The hotspot on interface {InterfaceGuid} supports WISPr,{InterfaceGuid}
2002,0,Information,Microsoft-Windows-HotspotAuth/Analytic,WISPr Detection,Stop,ut:WISPrDetection,Windows 10,2004,Pro,2021/05/11,19041.985,The hotspot on interface {InterfaceGuid} supports WISPr,{InterfaceGuid}
2002,0,Information,Microsoft-Windows-HotspotAuth/Analytic,WISPr Detection,Stop,ut:WISPrDetection,Windows 10,20H2,Pro,2021/05/11,19041.985,The hotspot on interface {InterfaceGuid} supports WISPr,{InterfaceGuid}
2002,0,Information,Microsoft-Windows-HotspotAuth/Analytic,WISPr Detection,Stop,ut:WISPrDetection,Windows 10,2004,Pro,2021/04/13,19041.928,The hotspot on interface {InterfaceGuid} supports WISPr,{InterfaceGuid}
2002,0,Information,Microsoft-Windows-HotspotAuth/Analytic,WISPr Detection,Stop,ut:WISPrDetection,Windows 10,20H2,Pro,2021/04/13,19041.928,The hotspot on interface {InterfaceGuid} supports WISPr,{InterfaceGuid}
2002,0,Information,Microsoft-Windows-HotspotAuth/Analytic,WISPr Detection,Stop,ut:WISPrDetection,Windows 10,2004,Pro,2021/03/09,19041.867,The hotspot on interface {InterfaceGuid} supports WISPr,{InterfaceGuid}
2002,0,Information,Microsoft-Windows-HotspotAuth/Analytic,WISPr Detection,Stop,ut:WISPrDetection,Windows 10,20H2,Pro,2021/03/09,19041.867,The hotspot on interface {InterfaceGuid} supports WISPr,{InterfaceGuid}
2002,0,Information,Microsoft-Windows-HotspotAuth/Analytic,WISPr Detection,Stop,ut:WISPrDetection,Windows 10,2004,Pro,2021/02/09,19041.804,The hotspot on interface {InterfaceGuid} supports WISPr,{InterfaceGuid}
2002,0,Information,Microsoft-Windows-HotspotAuth/Analytic,WISPr Detection,Stop,ut:WISPrDetection,Windows 10,20H2,Pro,2021/02/09,19041.804,The hotspot on interface {InterfaceGuid} supports WISPr,{InterfaceGuid}
2002,0,Information,Microsoft-Windows-HotspotAuth/Analytic,WISPr Detection,Stop,ut:WISPrDetection,Windows 10,2004,Pro,2021/01/12,19041.746,The hotspot on interface {InterfaceGuid} supports WISPr,{InterfaceGuid}
2002,0,Information,Microsoft-Windows-HotspotAuth/Analytic,WISPr Detection,Stop,ut:WISPrDetection,Windows 10,20H2,Pro,2021/01/12,19041.746,The hotspot on interface {InterfaceGuid} supports WISPr,{InterfaceGuid}
2002,0,Information,Microsoft-Windows-HotspotAuth/Analytic,WISPr Detection,Stop,ut:WISPrDetection,Windows 10,2004,Pro,2020/12/08,19041.685,The hotspot on interface {InterfaceGuid} supports WISPr,{InterfaceGuid}
2002,0,Information,Microsoft-Windows-HotspotAuth/Analytic,WISPr Detection,Stop,ut:WISPrDetection,Windows 10,20H2,Pro,2020/12/08,19041.685,The hotspot on interface {InterfaceGuid} supports WISPr,{InterfaceGuid}
2002,0,Information,Microsoft-Windows-HotspotAuth/Analytic,WISPr Detection,Stop,ut:WISPrDetection,Windows 10,20H2,Pro,2020/11/19,19041.631,The hotspot on interface {InterfaceGuid} supports WISPr,{InterfaceGuid}
2002,0,Information,Microsoft-Windows-HotspotAuth/Analytic,WISPr Detection,Stop,ut:WISPrDetection,Windows 10,2004,Pro,2020/11/10,19041.63,The hotspot on interface {InterfaceGuid} supports WISPr,{InterfaceGuid}
2002,0,Information,Microsoft-Windows-HotspotAuth/Analytic,WISPr Detection,Stop,ut:WISPrDetection,Windows 10,2004,Pro,2020/10/13,19041.572,The hotspot on interface {InterfaceGuid} supports WISPr,{InterfaceGuid}
2002,0,Information,Microsoft-Windows-HotspotAuth/Analytic,WISPr Detection,Stop,ut:WISPrDetection,Windows 10,2004,Pro,2020/09/08,19041.508,The hotspot on interface {InterfaceGuid} supports WISPr,{InterfaceGuid}
2002,0,Information,Microsoft-Windows-HotspotAuth/Analytic,WISPr Detection,Stop,ut:WISPrDetection,Windows 10,2004,Pro,2020/08/11,19041.45,The hotspot on interface {InterfaceGuid} supports WISPr,{InterfaceGuid}
2002,0,Information,Microsoft-Windows-HotspotAuth/Analytic,WISPr Detection,Stop,ut:WISPrDetection,Windows 10,2004,Pro,2020/07/14,19041.388,The hotspot on interface {InterfaceGuid} supports WISPr,{InterfaceGuid}
2002,0,Information,Microsoft-Windows-HotspotAuth/Analytic,WISPr Detection,Stop,ut:WISPrDetection,Windows 10,2004,Pro,2020/06/09,19041.329,The hotspot on interface {InterfaceGuid} supports WISPr,{InterfaceGuid}
2002,0,Information,Microsoft-Windows-HotspotAuth/Analytic,WISPr Detection,Stop,ut:WISPrDetection,Windows 10,2004,Pro,2020/05/27,19041.264,The hotspot on interface {InterfaceGuid} supports WISPr,{InterfaceGuid}
2002,0,Information,Microsoft-Windows-HotspotAuth/Analytic,WISPr Detection,Stop,ut:WISPrDetection,Windows 10,2004,Pro,2020/04/16,19041.208,The hotspot on interface {InterfaceGuid} supports WISPr,{InterfaceGuid}
2002,0,Information,Microsoft-Windows-HotspotAuth/Analytic,WISPr Detection,Stop,ut:WISPrDetection,Windows 10,21H1,Pro,2022/03/15,19041.1586,The hotspot on interface {InterfaceGuid} supports WISPr,{InterfaceGuid}
2002,0,Information,Microsoft-Windows-HotspotAuth/Analytic,WISPr Detection,Stop,ut:WISPrDetection,Windows 10,20H2,Pro,2022/03/15,19041.1586,The hotspot on interface {InterfaceGuid} supports WISPr,{InterfaceGuid}
2002,0,Information,Microsoft-Windows-HotspotAuth/Analytic,WISPr Detection,Stop,ut:WISPrDetection,Windows 10,21H2,Pro,2022/03/15,19041.1586,The hotspot on interface {InterfaceGuid} supports WISPr,{InterfaceGuid}
2002,0,Information,Microsoft-Windows-HotspotAuth/Analytic,WISPr Detection,Stop,ut:WISPrDetection,Windows 10,21H1,Pro,2022/02/15,19041.1526,The hotspot on interface {InterfaceGuid} supports WISPr,{InterfaceGuid}
2002,0,Information,Microsoft-Windows-HotspotAuth/Analytic,WISPr Detection,Stop,ut:WISPrDetection,Windows 10,20H2,Pro,2022/02/15,19041.1526,The hotspot on interface {InterfaceGuid} supports WISPr,{InterfaceGuid}
2002,0,Information,Microsoft-Windows-HotspotAuth/Analytic,WISPr Detection,Stop,ut:WISPrDetection,Windows 10,21H2,Pro,2022/02/15,19041.1526,The hotspot on interface {InterfaceGuid} supports WISPr,{InterfaceGuid}
2002,0,Information,Microsoft-Windows-HotspotAuth/Analytic,WISPr Detection,Stop,ut:WISPrDetection,Windows 10,20H2,Pro,2021/12/14,19041.1415,The hotspot on interface {InterfaceGuid} supports WISPr,{InterfaceGuid}
2002,0,Information,Microsoft-Windows-HotspotAuth/Analytic,WISPr Detection,Stop,ut:WISPrDetection,Windows 10,2004,Pro,2021/11/09,19041.1348,The hotspot on interface {InterfaceGuid} supports WISPr,{InterfaceGuid}
2002,0,Information,Microsoft-Windows-HotspotAuth/Analytic,WISPr Detection,Stop,ut:WISPrDetection,Windows 10,20H2,Pro,2021/11/09,19041.1348,The hotspot on interface {InterfaceGuid} supports WISPr,{InterfaceGuid}
2002,0,Information,Microsoft-Windows-HotspotAuth/Analytic,WISPr Detection,Stop,ut:WISPrDetection,Windows 10,2004,Pro,2021/10/12,19041.1288,The hotspot on interface {InterfaceGuid} supports WISPr,{InterfaceGuid}
2002,0,Information,Microsoft-Windows-HotspotAuth/Analytic,WISPr Detection,Stop,ut:WISPrDetection,Windows 10,20H2,Pro,2021/10/12,19041.1288,The hotspot on interface {InterfaceGuid} supports WISPr,{InterfaceGuid}
2002,0,Information,Microsoft-Windows-HotspotAuth/Analytic,WISPr Detection,Stop,ut:WISPrDetection,Windows 10,2004,Pro,2021/09/14,19041.1237,The hotspot on interface {InterfaceGuid} supports WISPr,{InterfaceGuid}
2002,0,Information,Microsoft-Windows-HotspotAuth/Analytic,WISPr Detection,Stop,ut:WISPrDetection,Windows 10,20H2,Pro,2021/09/14,19041.1237,The hotspot on interface {InterfaceGuid} supports WISPr,{InterfaceGuid}
2002,0,Information,Microsoft-Windows-HotspotAuth/Analytic,WISPr Detection,Stop,ut:WISPrDetection,Windows 10,2004,Pro,2021/08/10,19041.1165,The hotspot on interface {InterfaceGuid} supports WISPr,{InterfaceGuid}
2002,0,Information,Microsoft-Windows-HotspotAuth/Analytic,WISPr Detection,Stop,ut:WISPrDetection,Windows 10,20H2,Pro,2021/08/10,19041.1165,The hotspot on interface {InterfaceGuid} supports WISPr,{InterfaceGuid}
2002,0,Information,Microsoft-Windows-HotspotAuth/Analytic,WISPr Detection,Stop,ut:WISPrDetection,Windows 10,2004,Pro,2021/07/13,19041.111,The hotspot on interface {InterfaceGuid} supports WISPr,{InterfaceGuid}
2002,0,Information,Microsoft-Windows-HotspotAuth/Analytic,WISPr Detection,Stop,ut:WISPrDetection,Windows 10,20H2,Pro,2021/07/13,19041.111,The hotspot on interface {InterfaceGuid} supports WISPr,{InterfaceGuid}
2002,0,Information,Microsoft-Windows-HotspotAuth/Analytic,WISPr Detection,Stop,ut:WISPrDetection,Windows 10,2004,Pro,2021/06/08,19041.1052,The hotspot on interface {InterfaceGuid} supports WISPr,{InterfaceGuid}
2002,0,Information,Microsoft-Windows-HotspotAuth/Analytic,WISPr Detection,Stop,ut:WISPrDetection,Windows 10,20H2,Pro,2021/06/08,19041.1052,The hotspot on interface {InterfaceGuid} supports WISPr,{InterfaceGuid}
2002,0,Information,Microsoft-Windows-HotspotAuth/Analytic,WISPr Detection,Stop,ut:WISPrDetection,Windows 10,1909,Pro,2020/07/14,18363.959,The hotspot on interface {InterfaceGuid} supports WISPr,{InterfaceGuid}
2002,0,Information,Microsoft-Windows-HotspotAuth/Analytic,WISPr Detection,Stop,ut:WISPrDetection,Windows 10,1909,Pro,2020/06/09,18363.9,The hotspot on interface {InterfaceGuid} supports WISPr,{InterfaceGuid}
2002,0,Information,Microsoft-Windows-HotspotAuth/Analytic,WISPr Detection,Stop,ut:WISPrDetection,Windows 10,1909,Pro,2020/05/12,18363.836,The hotspot on interface {InterfaceGuid} supports WISPr,{InterfaceGuid}
2002,0,Information,Microsoft-Windows-HotspotAuth/Analytic,WISPr Detection,Stop,ut:WISPrDetection,Windows 10,1909,Pro,2020/04/14,18363.778,The hotspot on interface {InterfaceGuid} supports WISPr,{InterfaceGuid}
2002,0,Information,Microsoft-Windows-HotspotAuth/Analytic,WISPr Detection,Stop,ut:WISPrDetection,Windows 10,1909,Pro,2020/03/12,18363.72,The hotspot on interface {InterfaceGuid} supports WISPr,{InterfaceGuid}
2002,0,Information,Microsoft-Windows-HotspotAuth/Analytic,WISPr Detection,Stop,ut:WISPrDetection,Windows 10,1909,Pro,2020/02/11,18363.657,The hotspot on interface {InterfaceGuid} supports WISPr,{InterfaceGuid}
2002,0,Information,Microsoft-Windows-HotspotAuth/Analytic,WISPr Detection,Stop,ut:WISPrDetection,Windows 10,1909,Pro,2020/01/14,18363.592,The hotspot on interface {InterfaceGuid} supports WISPr,{InterfaceGuid}
2002,0,Information,Microsoft-Windows-HotspotAuth/Analytic,WISPr Detection,Stop,ut:WISPrDetection,Windows 10,1909,Pro,2019/12/10,18363.535,The hotspot on interface {InterfaceGuid} supports WISPr,{InterfaceGuid}
2002,0,Information,Microsoft-Windows-HotspotAuth/Analytic,WISPr Detection,Stop,ut:WISPrDetection,Windows 10,1909,Pro,2019/10/05,18363.418,The hotspot on interface {InterfaceGuid} supports WISPr,{InterfaceGuid}
2002,0,Information,Microsoft-Windows-HotspotAuth/Analytic,WISPr Detection,Stop,ut:WISPrDetection,Windows 10,1909,Pro,2021/06/08,18363.1621,The hotspot on interface {InterfaceGuid} supports WISPr,{InterfaceGuid}
2002,0,Information,Microsoft-Windows-HotspotAuth/Analytic,WISPr Detection,Stop,ut:WISPrDetection,Windows 10,1909,Pro,2021/05/11,18363.1556,The hotspot on interface {InterfaceGuid} supports WISPr,{InterfaceGuid}
2002,0,Information,Microsoft-Windows-HotspotAuth/Analytic,WISPr Detection,Stop,ut:WISPrDetection,Windows 10,1909,Pro,2021/04/13,18363.15,The hotspot on interface {InterfaceGuid} supports WISPr,{InterfaceGuid}
2002,0,Information,Microsoft-Windows-HotspotAuth/Analytic,WISPr Detection,Stop,ut:WISPrDetection,Windows 10,1909,Pro,2021/03/09,18363.144,The hotspot on interface {InterfaceGuid} supports WISPr,{InterfaceGuid}
2002,0,Information,Microsoft-Windows-HotspotAuth/Analytic,WISPr Detection,Stop,ut:WISPrDetection,Windows 10,1909,Pro,2021/02/11,18363.1379,The hotspot on interface {InterfaceGuid} supports WISPr,{InterfaceGuid}
2002,0,Information,Microsoft-Windows-HotspotAuth/Analytic,WISPr Detection,Stop,ut:WISPrDetection,Windows 10,1909,Pro,2021/01/12,18363.1316,The hotspot on interface {InterfaceGuid} supports WISPr,{InterfaceGuid}
2002,0,Information,Microsoft-Windows-HotspotAuth/Analytic,WISPr Detection,Stop,ut:WISPrDetection,Windows 10,1909,Pro,2020/12/08,18363.1256,The hotspot on interface {InterfaceGuid} supports WISPr,{InterfaceGuid}
2002,0,Information,Microsoft-Windows-HotspotAuth/Analytic,WISPr Detection,Stop,ut:WISPrDetection,Windows 10,1909,Pro,2020/11/10,18363.1198,The hotspot on interface {InterfaceGuid} supports WISPr,{InterfaceGuid}
2002,0,Information,Microsoft-Windows-HotspotAuth/Analytic,WISPr Detection,Stop,ut:WISPrDetection,Windows 10,1909,Pro,2020/10/13,18363.1139,The hotspot on interface {InterfaceGuid} supports WISPr,{InterfaceGuid}
2002,0,Information,Microsoft-Windows-HotspotAuth/Analytic,WISPr Detection,Stop,ut:WISPrDetection,Windows 10,1909,Pro,2020/09/08,18363.1082,The hotspot on interface {InterfaceGuid} supports WISPr,{InterfaceGuid}
2002,0,Information,Microsoft-Windows-HotspotAuth/Analytic,WISPr Detection,Stop,ut:WISPrDetection,Windows 10,1909,Pro,2020/08/11,18363.1016,The hotspot on interface {InterfaceGuid} supports WISPr,{InterfaceGuid}
2002,0,Information,Microsoft-Windows-HotspotAuth/Analytic,WISPr Detection,Stop,ut:WISPrDetection,Windows 10,1903,Pro,2020/07/14,18362.959,The hotspot on interface {InterfaceGuid} supports WISPr,{InterfaceGuid}
2002,0,Information,Microsoft-Windows-HotspotAuth/Analytic,WISPr Detection,Stop,ut:WISPrDetection,Windows 10,1903,Pro,2020/05/12,18362.836,The hotspot on interface {InterfaceGuid} supports WISPr,{InterfaceGuid}
2002,0,Information,Microsoft-Windows-HotspotAuth/Analytic,WISPr Detection,Stop,ut:WISPrDetection,Windows 10,1903,Pro,2020/03/12,18362.72,The hotspot on interface {InterfaceGuid} supports WISPr,{InterfaceGuid}
2002,0,Information,Microsoft-Windows-HotspotAuth/Analytic,WISPr Detection,Stop,ut:WISPrDetection,Windows 10,1903,Pro,2020/02/11,18362.657,The hotspot on interface {InterfaceGuid} supports WISPr,{InterfaceGuid}
2002,0,Information,Microsoft-Windows-HotspotAuth/Analytic,WISPr Detection,Stop,ut:WISPrDetection,Windows 10,1903,Pro,2019/12/10,18362.535,The hotspot on interface {InterfaceGuid} supports WISPr,{InterfaceGuid}
2002,0,Information,Microsoft-Windows-HotspotAuth/Analytic,WISPr Detection,Stop,ut:WISPrDetection,Windows 10,1903,Pro,2019/11/12,18362.476,The hotspot on interface {InterfaceGuid} supports WISPr,{InterfaceGuid}
2002,0,Information,Microsoft-Windows-HotspotAuth/Analytic,WISPr Detection,Stop,ut:WISPrDetection,Windows 10,1903,Pro,2019/09/10,18362.356,The hotspot on interface {InterfaceGuid} supports WISPr,{InterfaceGuid}
2002,0,Information,Microsoft-Windows-HotspotAuth/Analytic,WISPr Detection,Stop,ut:WISPrDetection,Windows 10,1903,Pro,2019/03/29,18362.3,The hotspot on interface {InterfaceGuid} supports WISPr,{InterfaceGuid}
2002,0,Information,Microsoft-Windows-HotspotAuth/Analytic,WISPr Detection,Stop,ut:WISPrDetection,Windows 10,1903,Pro,2019/07/09,18362.239,The hotspot on interface {InterfaceGuid} supports WISPr,{InterfaceGuid}
2002,0,Information,Microsoft-Windows-HotspotAuth/Analytic,WISPr Detection,Stop,ut:WISPrDetection,Windows 10,1903,Pro,2019/06/11,18362.175,The hotspot on interface {InterfaceGuid} supports WISPr,{InterfaceGuid}
2002,0,Information,Microsoft-Windows-HotspotAuth/Analytic,WISPr Detection,Stop,ut:WISPrDetection,Windows 10,1903,Pro,2020/12/08,18362.1256,The hotspot on interface {InterfaceGuid} supports WISPr,{InterfaceGuid}
2002,0,Information,Microsoft-Windows-HotspotAuth/Analytic,WISPr Detection,Stop,ut:WISPrDetection,Windows 10,1903,Pro,2020/11/10,18362.1198,The hotspot on interface {InterfaceGuid} supports WISPr,{InterfaceGuid}
2002,0,Information,Microsoft-Windows-HotspotAuth/Analytic,WISPr Detection,Stop,ut:WISPrDetection,Windows 10,1903,Pro,2020/10/13,18362.1139,The hotspot on interface {InterfaceGuid} supports WISPr,{InterfaceGuid}
2002,0,Information,Microsoft-Windows-HotspotAuth/Analytic,WISPr Detection,Stop,ut:WISPrDetection,Windows 10,1903,Pro,2020/09/08,18362.1082,The hotspot on interface {InterfaceGuid} supports WISPr,{InterfaceGuid}
2002,0,Information,Microsoft-Windows-HotspotAuth/Analytic,WISPr Detection,Stop,ut:WISPrDetection,Windows 10,1903,Pro,2019/12/10,18362.1016,The hotspot on interface {InterfaceGuid} supports WISPr,{InterfaceGuid}
2002,0,Information,Microsoft-Windows-HotspotAuth/Analytic,WISPr Detection,Stop,ut:WISPrDetection,Windows 10,1809,Pro,2020/01/14,17763.973,The hotspot on interface {InterfaceGuid} supports WISPr,{InterfaceGuid}
2002,0,Information,Microsoft-Windows-HotspotAuth/Analytic,WISPr Detection,Stop,ut:WISPrDetection,Windows 10,1809,Pro,2019/12/10,17763.914,The hotspot on interface {InterfaceGuid} supports WISPr,{InterfaceGuid}
2002,0,Information,Microsoft-Windows-HotspotAuth/Analytic,WISPr Detection,Stop,ut:WISPrDetection,Windows 10,1809,Pro,2019/11/12,17763.864,The hotspot on interface {InterfaceGuid} supports WISPr,{InterfaceGuid}
2002,0,Information,Microsoft-Windows-HotspotAuth/Analytic,WISPr Detection,Stop,ut:WISPrDetection,Windows 10,1809,Pro,2019/10/08,17763.805,The hotspot on interface {InterfaceGuid} supports WISPr,{InterfaceGuid}
2002,0,Information,Microsoft-Windows-HotspotAuth/Analytic,WISPr Detection,Stop,ut:WISPrDetection,Windows 10,1809,Pro,2019/09/10,17763.737,The hotspot on interface {InterfaceGuid} supports WISPr,{InterfaceGuid}
2002,0,Information,Microsoft-Windows-HotspotAuth/Analytic,WISPr Detection,Stop,ut:WISPrDetection,Windows 10,1809,Pro,2019/08/13,17763.678,The hotspot on interface {InterfaceGuid} supports WISPr,{InterfaceGuid}
2002,0,Information,Microsoft-Windows-HotspotAuth/Analytic,WISPr Detection,Stop,ut:WISPrDetection,Windows 10,1809,Pro,2019/07/09,17763.615,The hotspot on interface {InterfaceGuid} supports WISPr,{InterfaceGuid}
2002,0,Information,Microsoft-Windows-HotspotAuth/Analytic,WISPr Detection,Stop,ut:WISPrDetection,Windows 10,1809,Pro,2019/06/11,17763.557,The hotspot on interface {InterfaceGuid} supports WISPr,{InterfaceGuid}
2002,0,Information,Microsoft-Windows-HotspotAuth/Analytic,WISPr Detection,Stop,ut:WISPrDetection,Windows 10,1809,Pro,2019/05/19,17763.504,The hotspot on interface {InterfaceGuid} supports WISPr,{InterfaceGuid}
2002,0,Information,Microsoft-Windows-HotspotAuth/Analytic,WISPr Detection,Stop,ut:WISPrDetection,Windows 10,1809,Pro,2019/04/09,17763.437,The hotspot on interface {InterfaceGuid} supports WISPr,{InterfaceGuid}
2002,0,Information,Microsoft-Windows-HotspotAuth/Analytic,WISPr Detection,Stop,ut:WISPrDetection,Windows 10,1809,Pro,2019/03/12,17763.379,The hotspot on interface {InterfaceGuid} supports WISPr,{InterfaceGuid}
2002,0,Information,Microsoft-Windows-HotspotAuth/Analytic,WISPr Detection,Stop,ut:WISPrDetection,Windows 10,1809,Pro,2019/02/12,17763.316,The hotspot on interface {InterfaceGuid} supports WISPr,{InterfaceGuid}
2002,0,Information,Microsoft-Windows-HotspotAuth/Analytic,WISPr Detection,Stop,ut:WISPrDetection,Windows 10,1803,Pro,2019/01/08,17763.253,The hotspot on interface {InterfaceGuid} supports WISPr,{InterfaceGuid}
2002,0,Information,Microsoft-Windows-HotspotAuth/Analytic,WISPr Detection,Stop,ut:WISPrDetection,Windows 10,1809,Pro,2018/12/11,17763.194,The hotspot on interface {InterfaceGuid} supports WISPr,{InterfaceGuid}
2002,0,Information,Microsoft-Windows-HotspotAuth/Analytic,WISPr Detection,Stop,ut:WISPrDetection,Windows 10,1809,Pro,2020/11/10,17763.1577,The hotspot on interface {InterfaceGuid} supports WISPr,{InterfaceGuid}
2002,0,Information,Microsoft-Windows-HotspotAuth/Analytic,WISPr Detection,Stop,ut:WISPrDetection,Windows 10,1809,Pro,2020/10/13,17763.1518,The hotspot on interface {InterfaceGuid} supports WISPr,{InterfaceGuid}
2002,0,Information,Microsoft-Windows-HotspotAuth/Analytic,WISPr Detection,Stop,ut:WISPrDetection,Windows 10,1809,Pro,2020/09/08,17763.1457,The hotspot on interface {InterfaceGuid} supports WISPr,{InterfaceGuid}
2002,0,Information,Microsoft-Windows-HotspotAuth/Analytic,WISPr Detection,Stop,ut:WISPrDetection,Windows 10,1809,Pro,2020/08/11,17763.1397,The hotspot on interface {InterfaceGuid} supports WISPr,{InterfaceGuid}
2002,0,Information,Microsoft-Windows-HotspotAuth/Analytic,WISPr Detection,Stop,ut:WISPrDetection,Windows 10,1809,Pro,2020/07/14,17763.1339,The hotspot on interface {InterfaceGuid} supports WISPr,{InterfaceGuid}
2002,0,Information,Microsoft-Windows-HotspotAuth/Analytic,WISPr Detection,Stop,ut:WISPrDetection,Windows 10,1809,Pro,2020/06/09,17763.1282,The hotspot on interface {InterfaceGuid} supports WISPr,{InterfaceGuid}
2002,0,Information,Microsoft-Windows-HotspotAuth/Analytic,WISPr Detection,Stop,ut:WISPrDetection,Windows 10,1809,Pro,2020/05/12,17763.1217,The hotspot on interface {InterfaceGuid} supports WISPr,{InterfaceGuid}
2002,0,Information,Microsoft-Windows-HotspotAuth/Analytic,WISPr Detection,Stop,ut:WISPrDetection,Windows 10,1809,Pro,2020/04/14,17763.1158,The hotspot on interface {InterfaceGuid} supports WISPr,{InterfaceGuid}
2002,0,Information,Microsoft-Windows-HotspotAuth/Analytic,WISPr Detection,Stop,ut:WISPrDetection,Windows 10,1809,Pro,2020/03/12,17763.1098,The hotspot on interface {InterfaceGuid} supports WISPr,{InterfaceGuid}
2002,0,Information,Microsoft-Windows-HotspotAuth/Analytic,WISPr Detection,Stop,ut:WISPrDetection,Windows 10,1809,Pro,2018/11/13,17763.107,The hotspot on interface {InterfaceGuid} supports WISPr,{InterfaceGuid}
2002,0,Information,Microsoft-Windows-HotspotAuth/Analytic,WISPr Detection,Stop,ut:WISPrDetection,Windows 10,1809,Pro,2020/02/11,17763.1039,The hotspot on interface {InterfaceGuid} supports WISPr,{InterfaceGuid}
2002,0,Information,Microsoft-Windows-HotspotAuth/Analytic,WISPr Detection,Stop,ut:WISPrDetection,Windows 10,1803,Pro,2019/08/13,17134.95,The hotspot on interface {InterfaceGuid} supports WISPr,{InterfaceGuid}
2002,0,Information,Microsoft-Windows-HotspotAuth/Analytic,WISPr Detection,Stop,ut:WISPrDetection,Windows 10,1803,Pro,2019/07/09,17134.885,The hotspot on interface {InterfaceGuid} supports WISPr,{InterfaceGuid}
2002,0,Information,Microsoft-Windows-HotspotAuth/Analytic,WISPr Detection,Stop,ut:WISPrDetection,Windows 10,1803,Pro,2019/06/11,17134.829,The hotspot on interface {InterfaceGuid} supports WISPr,{InterfaceGuid}
2002,0,Information,Microsoft-Windows-HotspotAuth/Analytic,WISPr Detection,Stop,ut:WISPrDetection,Windows 10,1803,Pro,2019/05/19,17134.766,The hotspot on interface {InterfaceGuid} supports WISPr,{InterfaceGuid}
2002,0,Information,Microsoft-Windows-HotspotAuth/Analytic,WISPr Detection,Stop,ut:WISPrDetection,Windows 10,1803,Pro,2019/04/09,17134.706,The hotspot on interface {InterfaceGuid} supports WISPr,{InterfaceGuid}
2002,0,Information,Microsoft-Windows-HotspotAuth/Analytic,WISPr Detection,Stop,ut:WISPrDetection,Windows 10,1803,Pro,2019/03/12,17134.648,The hotspot on interface {InterfaceGuid} supports WISPr,{InterfaceGuid}
2002,0,Information,Microsoft-Windows-HotspotAuth/Analytic,WISPr Detection,Stop,ut:WISPrDetection,Windows 10,1803,Pro,2019/01/08,17134.523,The hotspot on interface {InterfaceGuid} supports WISPr,{InterfaceGuid}
2002,0,Information,Microsoft-Windows-HotspotAuth/Analytic,WISPr Detection,Stop,ut:WISPrDetection,Windows 10,1803,Pro,2018/09/11,17134.285,The hotspot on interface {InterfaceGuid} supports WISPr,{InterfaceGuid}
2002,0,Information,Microsoft-Windows-HotspotAuth/Analytic,WISPr Detection,Stop,ut:WISPrDetection,Windows 10,1803,Pro,2018/08/14,17134.228,The hotspot on interface {InterfaceGuid} supports WISPr,{InterfaceGuid}
2002,0,Information,Microsoft-Windows-HotspotAuth/Analytic,WISPr Detection,Stop,ut:WISPrDetection,Windows 10,1803,Pro,2018/06/12,17134.112,The hotspot on interface {InterfaceGuid} supports WISPr,{InterfaceGuid}
2002,0,Information,Microsoft-Windows-HotspotAuth/Analytic,WISPr Detection,Stop,ut:WISPrDetection,Windows 10,1803,Pro,2019/09/10,17134.1006,The hotspot on interface {InterfaceGuid} supports WISPr,{InterfaceGuid}
2002,0,Information,Microsoft-Windows-HotspotAuth/Analytic,WISPr Detection,Stop,ut:WISPrDetection,Windows 10,1803,Pro,1970/01/01,17134.1,The hotspot on interface {InterfaceGuid} supports WISPr,{InterfaceGuid}
2002,0,Information,Microsoft-Windows-HotspotAuth/Analytic,WISPr Detection,Stop,ut:WISPrDetection,Windows 10,1709,Pro,2017/11/14,16299.64,The hotspot on interface {InterfaceGuid} supports WISPr,{InterfaceGuid}
2002,0,Information,Microsoft-Windows-HotspotAuth/Analytic,WISPr Detection,Stop,ut:WISPrDetection,Windows 10,1709,Pro,2017/11/14,16299.15,The hotspot on interface {InterfaceGuid} supports WISPr,{InterfaceGuid}
2002,0,Information,Microsoft-Windows-HotspotAuth/Analytic,WISPr Detection,Stop,ut:WISPrDetection,Windows 10,1709,Pro,2017/12/12,16299.125,The hotspot on interface {InterfaceGuid} supports WISPr,{InterfaceGuid}
2002,0,Information,Microsoft-Windows-HotspotAuth/Analytic,WISPr Detection,Stop,ut:WISPrDetection,Windows 10,1703,Pro,2017/07/11,15063.483,The hotspot on interface {InterfaceGuid} supports WISPr,{InterfaceGuid}
2002,0,Information,Microsoft-Windows-HotspotAuth/Analytic,WISPr Detection,Stop,ut:WISPrDetection,Windows 10,1703,Pro,2017/06/13,15063.413,The hotspot on interface {InterfaceGuid} supports WISPr,{InterfaceGuid}
2002,0,Information,Microsoft-Windows-HotspotAuth/Analytic,WISPr Detection,Stop,ut:WISPrDetection,Windows 10,1703,Pro,2017/03/20,15063.0,The hotspot on interface {InterfaceGuid} supports WISPr,{InterfaceGuid}
2002,0,Information,Microsoft-Windows-HotspotAuth/Analytic,WISPr Detection,Stop,ut:WISPrDetection,Windows 10,1607,Pro,2016/11/08,14393.447,The hotspot on interface {InterfaceGuid} supports WISPr,{InterfaceGuid}
2002,0,Information,Microsoft-Windows-HotspotAuth/Analytic,WISPr Detection,Stop,ut:WISPrDetection,Windows 10,1511,Pro,2016/03/08,10586.164,The hotspot on interface {InterfaceGuid} supports WISPr,{InterfaceGuid}
2002,0,Information,Microsoft-Windows-HotspotAuth/Analytic,WISPr Detection,Stop,ut:WISPrDetection,Windows 10,1511,Enterprise,2016/02/09,10586.104,The hotspot on interface {InterfaceGuid} supports WISPr,{InterfaceGuid}
2002,0,Information,Microsoft-Windows-HotspotAuth/Analytic,WISPr Detection,Stop,ut:WISPrDetection,Windows 10,1511,Pro,1970/01/01,10586.0,The hotspot on interface {InterfaceGuid} supports WISPr,{InterfaceGuid}
2002,0,Information,Microsoft-Windows-HotspotAuth/Analytic,WISPr Detection,Stop,ut:WISPrDetection,Windows 10,1507,Pro,2015/07/29,10240.0,The hotspot on interface {InterfaceGuid} supports WISPr,{InterfaceGuid}
2002,0,Information,Microsoft-Windows-HotspotAuth/Analytic,WISPr Detection,Stop,ut:WISPrDetection,Windows 8.1,8.1,Pro,1970/01/01,9600.0,The hotspot on interface {InterfaceGuid} supports WISPr,{InterfaceGuid}
2002,0,Information,Microsoft-Windows-HotspotAuth/Analytic,WISPr Detection,Stop,ut:WISPrDetection,Windows 8,8,Pro,1970/01/01,9200.0,The hotspot on interface {InterfaceGuid} supports WISPr,{InterfaceGuid}
2003,0,Information,Microsoft-Windows-HotspotAuth/Operational,WISPr Detection,Stop,ut:WISPrDetection,Windows 11,24H2,Pro,2024/10/2,26100.1742,WISPr detection failed for interface {InterfaceGuid} with error ({Result}),{InterfaceGuid} | {Result}
2003,0,Information,Microsoft-Windows-HotspotAuth/Operational,WISPr Detection,Stop,ut:WISPrDetection,Windows 11,22H2,Pro,2022/12/20,22621.963,WISPr detection failed for interface {InterfaceGuid} with error ({Result}),{InterfaceGuid} | {Result}
2003,0,Information,Microsoft-Windows-HotspotAuth/Operational,WISPr Detection,Stop,ut:WISPrDetection,Windows 11,22H2,Pro,2022/11/15,22621.819,WISPr detection failed for interface {InterfaceGuid} with error ({Result}),{InterfaceGuid} | {Result}
2003,0,Information,Microsoft-Windows-HotspotAuth/Operational,WISPr Detection,Stop,ut:WISPrDetection,Windows 11,22H2,Pro,2022/10/18,22621.674,WISPr detection failed for interface {InterfaceGuid} with error ({Result}),{InterfaceGuid} | {Result}
2003,0,Information,Microsoft-Windows-HotspotAuth/Operational,WISPr Detection,Stop,ut:WISPrDetection,Windows 11,22H2,Pro,2022/09/20,22621.382,WISPr detection failed for interface {InterfaceGuid} with error ({Result}),{InterfaceGuid} | {Result}
2003,0,Information,Microsoft-Windows-HotspotAuth/Operational,WISPr Detection,Stop,ut:WISPrDetection,Windows 11,22H2,Pro,2023/03/21,22621.1413,WISPr detection failed for interface {InterfaceGuid} with error ({Result}),{InterfaceGuid} | {Result}
2003,0,Information,Microsoft-Windows-HotspotAuth/Operational,WISPr Detection,Stop,ut:WISPrDetection,Windows 11,22H2,Pro,2023/02/21,22621.1265,WISPr detection failed for interface {InterfaceGuid} with error ({Result}),{InterfaceGuid} | {Result}
2003,0,Information,Microsoft-Windows-HotspotAuth/Operational,WISPr Detection,Stop,ut:WISPrDetection,Windows 11,22H2,Pro,2023/01/17,22621.1105,WISPr detection failed for interface {InterfaceGuid} with error ({Result}),{InterfaceGuid} | {Result}
2003,0,Information,Microsoft-Windows-HotspotAuth/Operational,WISPr Detection,Stop,ut:WISPrDetection,Windows 11,21H2,Pro,2022/09/20,22000.978,WISPr detection failed for interface {InterfaceGuid} with error ({Result}),{InterfaceGuid} | {Result}
2003,0,Information,Microsoft-Windows-HotspotAuth/Operational,WISPr Detection,Stop,ut:WISPrDetection,Windows 11,21H2,Pro,2022/08/16,22000.856,WISPr detection failed for interface {InterfaceGuid} with error ({Result}),{InterfaceGuid} | {Result}
2003,0,Information,Microsoft-Windows-HotspotAuth/Operational,WISPr Detection,Stop,ut:WISPrDetection,Windows 11,21H2,Pro,2022/07/19,22000.795,WISPr detection failed for interface {InterfaceGuid} with error ({Result}),{InterfaceGuid} | {Result}
2003,0,Information,Microsoft-Windows-HotspotAuth/Operational,WISPr Detection,Stop,ut:WISPrDetection,Windows 11,21H2,Pro,2022/06/21,22000.739,WISPr detection failed for interface {InterfaceGuid} with error ({Result}),{InterfaceGuid} | {Result}
2003,0,Information,Microsoft-Windows-HotspotAuth/Operational,WISPr Detection,Stop,ut:WISPrDetection,Windows 11,21H2,Pro,2022/05/17,22000.675,WISPr detection failed for interface {InterfaceGuid} with error ({Result}),{InterfaceGuid} | {Result}
2003,0,Information,Microsoft-Windows-HotspotAuth/Operational,WISPr Detection,Stop,ut:WISPrDetection,Windows 11,21H2,Pro,2022/04/19,22000.613,WISPr detection failed for interface {InterfaceGuid} with error ({Result}),{InterfaceGuid} | {Result}
2003,0,Information,Microsoft-Windows-HotspotAuth/Operational,WISPr Detection,Stop,ut:WISPrDetection,Windows 11,21H2,Pro,2022/03/15,22000.556,WISPr detection failed for interface {InterfaceGuid} with error ({Result}),{InterfaceGuid} | {Result}
2003,0,Information,Microsoft-Windows-HotspotAuth/Operational,WISPr Detection,Stop,ut:WISPrDetection,Windows 11,21H2,Pro,2022/02/15,22000.493,WISPr detection failed for interface {InterfaceGuid} with error ({Result}),{InterfaceGuid} | {Result}
2003,0,Information,Microsoft-Windows-HotspotAuth/Operational,WISPr Detection,Stop,ut:WISPrDetection,Windows 11,21H2,Pro,2022/01/11,22000.434,WISPr detection failed for interface {InterfaceGuid} with error ({Result}),{InterfaceGuid} | {Result}
2003,0,Information,Microsoft-Windows-HotspotAuth/Operational,WISPr Detection,Stop,ut:WISPrDetection,Windows 11,21H2,Pro,2021/12/14,22000.376,WISPr detection failed for interface {InterfaceGuid} with error ({Result}),{InterfaceGuid} | {Result}
2003,0,Information,Microsoft-Windows-HotspotAuth/Operational,WISPr Detection,Stop,ut:WISPrDetection,Windows 11,21H2,Pro,2021/11/09,22000.318,WISPr detection failed for interface {InterfaceGuid} with error ({Result}),{InterfaceGuid} | {Result}
2003,0,Information,Microsoft-Windows-HotspotAuth/Operational,WISPr Detection,Stop,ut:WISPrDetection,Windows 11,21H2,Pro,2021/09/16,22000.194,WISPr detection failed for interface {InterfaceGuid} with error ({Result}),{InterfaceGuid} | {Result}
2003,0,Information,Microsoft-Windows-HotspotAuth/Operational,WISPr Detection,Stop,ut:WISPrDetection,Windows 11,21H2,Pro,2023/03/21,22000.1696,WISPr detection failed for interface {InterfaceGuid} with error ({Result}),{InterfaceGuid} | {Result}
2003,0,Information,Microsoft-Windows-HotspotAuth/Operational,WISPr Detection,Stop,ut:WISPrDetection,Windows 11,21H2,Pro,2023/02/21,22000.1574,WISPr detection failed for interface {InterfaceGuid} with error ({Result}),{InterfaceGuid} | {Result}
2003,0,Information,Microsoft-Windows-HotspotAuth/Operational,WISPr Detection,Stop,ut:WISPrDetection,Windows 11,21H2,Pro,2023/01/17,22000.1455,WISPr detection failed for interface {InterfaceGuid} with error ({Result}),{InterfaceGuid} | {Result}
2003,0,Information,Microsoft-Windows-HotspotAuth/Operational,WISPr Detection,Stop,ut:WISPrDetection,Windows 11,21H2,Pro,2022/12/20,22000.1335,WISPr detection failed for interface {InterfaceGuid} with error ({Result}),{InterfaceGuid} | {Result}
2003,0,Information,Microsoft-Windows-HotspotAuth/Operational,WISPr Detection,Stop,ut:WISPrDetection,Windows 11,21H2,Pro,2022/11/15,22000.1219,WISPr detection failed for interface {InterfaceGuid} with error ({Result}),{InterfaceGuid} | {Result}
2003,0,Information,Microsoft-Windows-HotspotAuth/Operational,WISPr Detection,Stop,ut:WISPrDetection,Windows 11,21H2,Pro,2022/10/18,22000.1098,WISPr detection failed for interface {InterfaceGuid} with error ({Result}),{InterfaceGuid} | {Result}
2003,0,Information,Microsoft-Windows-HotspotAuth/Operational,WISPr Detection,Stop,ut:WISPrDetection,Windows 11,21H2,Pro-Dev,1970/01/01,21996.1,WISPr detection failed for interface {InterfaceGuid} with error ({Result}),{InterfaceGuid} | {Result}
2003,0,Information,Microsoft-Windows-HotspotAuth/Operational,WISPr Detection,Stop,ut:WISPrDetection,Windows 10,22H2,Pro,2023/03/21,19045.2728,WISPr detection failed for interface {InterfaceGuid} with error ({Result}),{InterfaceGuid} | {Result}
2003,0,Information,Microsoft-Windows-HotspotAuth/Operational,WISPr Detection,Stop,ut:WISPrDetection,Windows 10,22H2,Pro,2023/02/21,19045.2604,WISPr detection failed for interface {InterfaceGuid} with error ({Result}),{InterfaceGuid} | {Result}
2003,0,Information,Microsoft-Windows-HotspotAuth/Operational,WISPr Detection,Stop,ut:WISPrDetection,Windows 10,22H2,Pro,2023/01/17,19045.2486,WISPr detection failed for interface {InterfaceGuid} with error ({Result}),{InterfaceGuid} | {Result}
2003,0,Information,Microsoft-Windows-HotspotAuth/Operational,WISPr Detection,Stop,ut:WISPrDetection,Windows 10,22H2,Pro,2022/12/20,19045.2364,WISPr detection failed for interface {InterfaceGuid} with error ({Result}),{InterfaceGuid} | {Result}
2003,0,Information,Microsoft-Windows-HotspotAuth/Operational,WISPr Detection,Stop,ut:WISPrDetection,Windows 10,22H2,Pro,2022/11/15,19045.2251,WISPr detection failed for interface {InterfaceGuid} with error ({Result}),{InterfaceGuid} | {Result}
2003,0,Information,Microsoft-Windows-HotspotAuth/Operational,WISPr Detection,Stop,ut:WISPrDetection,Windows 10,21H2,Pro,2023/03/21,19044.2728,WISPr detection failed for interface {InterfaceGuid} with error ({Result}),{InterfaceGuid} | {Result}
2003,0,Information,Microsoft-Windows-HotspotAuth/Operational,WISPr Detection,Stop,ut:WISPrDetection,Windows 10,21H2,Pro,2023/02/21,19044.2604,WISPr detection failed for interface {InterfaceGuid} with error ({Result}),{InterfaceGuid} | {Result}
2003,0,Information,Microsoft-Windows-HotspotAuth/Operational,WISPr Detection,Stop,ut:WISPrDetection,Windows 10,21H2,Pro,2023/01/17,19044.2486,WISPr detection failed for interface {InterfaceGuid} with error ({Result}),{InterfaceGuid} | {Result}
2003,0,Information,Microsoft-Windows-HotspotAuth/Operational,WISPr Detection,Stop,ut:WISPrDetection,Windows 10,21H2,Pro,2022/12/20,19044.2364,WISPr detection failed for interface {InterfaceGuid} with error ({Result}),{InterfaceGuid} | {Result}
2003,0,Information,Microsoft-Windows-HotspotAuth/Operational,WISPr Detection,Stop,ut:WISPrDetection,Windows 10,21H2,Pro,2022/11/15,19044.2251,WISPr detection failed for interface {InterfaceGuid} with error ({Result}),{InterfaceGuid} | {Result}
2003,0,Information,Microsoft-Windows-HotspotAuth/Operational,WISPr Detection,Stop,ut:WISPrDetection,Windows 10,21H2,Pro,2022/10/18,19044.213,WISPr detection failed for interface {InterfaceGuid} with error ({Result}),{InterfaceGuid} | {Result}
2003,0,Information,Microsoft-Windows-HotspotAuth/Operational,WISPr Detection,Stop,ut:WISPrDetection,Windows 10,21H2,Pro,2022/09/20,19044.2006,WISPr detection failed for interface {InterfaceGuid} with error ({Result}),{InterfaceGuid} | {Result}
2003,0,Information,Microsoft-Windows-HotspotAuth/Operational,WISPr Detection,Stop,ut:WISPrDetection,Windows 10,21H2,Pro,2022/08/16,19044.1889,WISPr detection failed for interface {InterfaceGuid} with error ({Result}),{InterfaceGuid} | {Result}
2003,0,Information,Microsoft-Windows-HotspotAuth/Operational,WISPr Detection,Stop,ut:WISPrDetection,Windows 10,21H2,Pro,2022/07/19,19044.1826,WISPr detection failed for interface {InterfaceGuid} with error ({Result}),{InterfaceGuid} | {Result}
2003,0,Information,Microsoft-Windows-HotspotAuth/Operational,WISPr Detection,Stop,ut:WISPrDetection,Windows 10,21H2,Pro,2022/06/21,19044.1766,WISPr detection failed for interface {InterfaceGuid} with error ({Result}),{InterfaceGuid} | {Result}
2003,0,Information,Microsoft-Windows-HotspotAuth/Operational,WISPr Detection,Stop,ut:WISPrDetection,Windows 10,21H2,Pro,2022/05/17,19044.1706,WISPr detection failed for interface {InterfaceGuid} with error ({Result}),{InterfaceGuid} | {Result}
2003,0,Information,Microsoft-Windows-HotspotAuth/Operational,WISPr Detection,Stop,ut:WISPrDetection,Windows 10,21H2,Pro,2022/04/19,19044.1645,WISPr detection failed for interface {InterfaceGuid} with error ({Result}),{InterfaceGuid} | {Result}
2003,0,Information,Microsoft-Windows-HotspotAuth/Operational,WISPr Detection,Stop,ut:WISPrDetection,Windows 10,21H2,Pro,2022/01/11,19044.1466,WISPr detection failed for interface {InterfaceGuid} with error ({Result}),{InterfaceGuid} | {Result}
2003,0,Information,Microsoft-Windows-HotspotAuth/Operational,WISPr Detection,Stop,ut:WISPrDetection,Windows 10,21H2,Pro,2021/10/12,19044.1288,WISPr detection failed for interface {InterfaceGuid} with error ({Result}),{InterfaceGuid} | {Result}
2003,0,Information,Microsoft-Windows-HotspotAuth/Operational,WISPr Detection,Stop,ut:WISPrDetection,Windows 10,21H1,Pro,2021/04/13,19043.928,WISPr detection failed for interface {InterfaceGuid} with error ({Result}),{InterfaceGuid} | {Result}
2003,0,Information,Microsoft-Windows-HotspotAuth/Operational,WISPr Detection,Stop,ut:WISPrDetection,Windows 10,21H1,Pro,2022/12/20,19043.2364,WISPr detection failed for interface {InterfaceGuid} with error ({Result}),{InterfaceGuid} | {Result}
2003,0,Information,Microsoft-Windows-HotspotAuth/Operational,WISPr Detection,Stop,ut:WISPrDetection,Windows 10,21H1,Pro,2022/11/15,19043.2251,WISPr detection failed for interface {InterfaceGuid} with error ({Result}),{InterfaceGuid} | {Result}
2003,0,Information,Microsoft-Windows-HotspotAuth/Operational,WISPr Detection,Stop,ut:WISPrDetection,Windows 10,21H1,Pro,2022/10/18,19043.213,WISPr detection failed for interface {InterfaceGuid} with error ({Result}),{InterfaceGuid} | {Result}
2003,0,Information,Microsoft-Windows-HotspotAuth/Operational,WISPr Detection,Stop,ut:WISPrDetection,Windows 10,21H1,Pro,2022/09/20,19043.2006,WISPr detection failed for interface {InterfaceGuid} with error ({Result}),{InterfaceGuid} | {Result}
2003,0,Information,Microsoft-Windows-HotspotAuth/Operational,WISPr Detection,Stop,ut:WISPrDetection,Windows 10,21H1,Pro,2022/08/16,19043.1889,WISPr detection failed for interface {InterfaceGuid} with error ({Result}),{InterfaceGuid} | {Result}
2003,0,Information,Microsoft-Windows-HotspotAuth/Operational,WISPr Detection,Stop,ut:WISPrDetection,Windows 10,21H1,Pro,2022/07/19,19043.1826,WISPr detection failed for interface {InterfaceGuid} with error ({Result}),{InterfaceGuid} | {Result}
2003,0,Information,Microsoft-Windows-HotspotAuth/Operational,WISPr Detection,Stop,ut:WISPrDetection,Windows 10,21H1,Pro,2022/06/21,19043.1766,WISPr detection failed for interface {InterfaceGuid} with error ({Result}),{InterfaceGuid} | {Result}
2003,0,Information,Microsoft-Windows-HotspotAuth/Operational,WISPr Detection,Stop,ut:WISPrDetection,Windows 10,21H1,Pro,2022/05/17,19043.1706,WISPr detection failed for interface {InterfaceGuid} with error ({Result}),{InterfaceGuid} | {Result}
2003,0,Information,Microsoft-Windows-HotspotAuth/Operational,WISPr Detection,Stop,ut:WISPrDetection,Windows 10,21H1,Pro,2022/04/19,19043.1645,WISPr detection failed for interface {InterfaceGuid} with error ({Result}),{InterfaceGuid} | {Result}
2003,0,Information,Microsoft-Windows-HotspotAuth/Operational,WISPr Detection,Stop,ut:WISPrDetection,Windows 10,21H1,Pro,2022/01/11,19043.1466,WISPr detection failed for interface {InterfaceGuid} with error ({Result}),{InterfaceGuid} | {Result}
2003,0,Information,Microsoft-Windows-HotspotAuth/Operational,WISPr Detection,Stop,ut:WISPrDetection,Windows 10,21H1,Pro,2021/12/14,19043.1415,WISPr detection failed for interface {InterfaceGuid} with error ({Result}),{InterfaceGuid} | {Result}
2003,0,Information,Microsoft-Windows-HotspotAuth/Operational,WISPr Detection,Stop,ut:WISPrDetection,Windows 10,21H2,Pro,2021/12/14,19043.1415,WISPr detection failed for interface {InterfaceGuid} with error ({Result}),{InterfaceGuid} | {Result}
2003,0,Information,Microsoft-Windows-HotspotAuth/Operational,WISPr Detection,Stop,ut:WISPrDetection,Windows 10,21H1,Pro,2021/11/09,19043.1348,WISPr detection failed for interface {InterfaceGuid} with error ({Result}),{InterfaceGuid} | {Result}
2003,0,Information,Microsoft-Windows-HotspotAuth/Operational,WISPr Detection,Stop,ut:WISPrDetection,Windows 10,21H1,Pro,2021/10/12,19043.1288,WISPr detection failed for interface {InterfaceGuid} with error ({Result}),{InterfaceGuid} | {Result}
2003,0,Information,Microsoft-Windows-HotspotAuth/Operational,WISPr Detection,Stop,ut:WISPrDetection,Windows 10,21H1,Pro,2021/09/14,19043.1237,WISPr detection failed for interface {InterfaceGuid} with error ({Result}),{InterfaceGuid} | {Result}
2003,0,Information,Microsoft-Windows-HotspotAuth/Operational,WISPr Detection,Stop,ut:WISPrDetection,Windows 10,21H1,Pro,2021/08/10,19043.1165,WISPr detection failed for interface {InterfaceGuid} with error ({Result}),{InterfaceGuid} | {Result}
2003,0,Information,Microsoft-Windows-HotspotAuth/Operational,WISPr Detection,Stop,ut:WISPrDetection,Windows 10,21H1,Pro,2021/07/13,19043.111,WISPr detection failed for interface {InterfaceGuid} with error ({Result}),{InterfaceGuid} | {Result}
2003,0,Information,Microsoft-Windows-HotspotAuth/Operational,WISPr Detection,Stop,ut:WISPrDetection,Windows 10,21H1,Pro,2021/06/08,19043.1052,WISPr detection failed for interface {InterfaceGuid} with error ({Result}),{InterfaceGuid} | {Result}
2003,0,Information,Microsoft-Windows-HotspotAuth/Operational,WISPr Detection,Stop,ut:WISPrDetection,Windows 10,20H2,Pro,2022/04/19,19042.1645,WISPr detection failed for interface {InterfaceGuid} with error ({Result}),{InterfaceGuid} | {Result}
2003,0,Information,Microsoft-Windows-HotspotAuth/Operational,WISPr Detection,Stop,ut:WISPrDetection,Windows 10,20H2,Pro,2022/01/11,19042.1466,WISPr detection failed for interface {InterfaceGuid} with error ({Result}),{InterfaceGuid} | {Result}
2003,0,Information,Microsoft-Windows-HotspotAuth/Operational,WISPr Detection,Stop,ut:WISPrDetection,Windows 10,2004,Pro,2021/05/11,19041.985,WISPr detection failed for interface {InterfaceGuid} with error ({Result}),{InterfaceGuid} | {Result}
2003,0,Information,Microsoft-Windows-HotspotAuth/Operational,WISPr Detection,Stop,ut:WISPrDetection,Windows 10,20H2,Pro,2021/05/11,19041.985,WISPr detection failed for interface {InterfaceGuid} with error ({Result}),{InterfaceGuid} | {Result}
2003,0,Information,Microsoft-Windows-HotspotAuth/Operational,WISPr Detection,Stop,ut:WISPrDetection,Windows 10,2004,Pro,2021/04/13,19041.928,WISPr detection failed for interface {InterfaceGuid} with error ({Result}),{InterfaceGuid} | {Result}
2003,0,Information,Microsoft-Windows-HotspotAuth/Operational,WISPr Detection,Stop,ut:WISPrDetection,Windows 10,20H2,Pro,2021/04/13,19041.928,WISPr detection failed for interface {InterfaceGuid} with error ({Result}),{InterfaceGuid} | {Result}
2003,0,Information,Microsoft-Windows-HotspotAuth/Operational,WISPr Detection,Stop,ut:WISPrDetection,Windows 10,2004,Pro,2021/03/09,19041.867,WISPr detection failed for interface {InterfaceGuid} with error ({Result}),{InterfaceGuid} | {Result}
2003,0,Information,Microsoft-Windows-HotspotAuth/Operational,WISPr Detection,Stop,ut:WISPrDetection,Windows 10,20H2,Pro,2021/03/09,19041.867,WISPr detection failed for interface {InterfaceGuid} with error ({Result}),{InterfaceGuid} | {Result}
2003,0,Information,Microsoft-Windows-HotspotAuth/Operational,WISPr Detection,Stop,ut:WISPrDetection,Windows 10,2004,Pro,2021/02/09,19041.804,WISPr detection failed for interface {InterfaceGuid} with error ({Result}),{InterfaceGuid} | {Result}
2003,0,Information,Microsoft-Windows-HotspotAuth/Operational,WISPr Detection,Stop,ut:WISPrDetection,Windows 10,20H2,Pro,2021/02/09,19041.804,WISPr detection failed for interface {InterfaceGuid} with error ({Result}),{InterfaceGuid} | {Result}
2003,0,Information,Microsoft-Windows-HotspotAuth/Operational,WISPr Detection,Stop,ut:WISPrDetection,Windows 10,2004,Pro,2021/01/12,19041.746,WISPr detection failed for interface {InterfaceGuid} with error ({Result}),{InterfaceGuid} | {Result}
2003,0,Information,Microsoft-Windows-HotspotAuth/Operational,WISPr Detection,Stop,ut:WISPrDetection,Windows 10,20H2,Pro,2021/01/12,19041.746,WISPr detection failed for interface {InterfaceGuid} with error ({Result}),{InterfaceGuid} | {Result}
2003,0,Information,Microsoft-Windows-HotspotAuth/Operational,WISPr Detection,Stop,ut:WISPrDetection,Windows 10,2004,Pro,2020/12/08,19041.685,WISPr detection failed for interface {InterfaceGuid} with error ({Result}),{InterfaceGuid} | {Result}
2003,0,Information,Microsoft-Windows-HotspotAuth/Operational,WISPr Detection,Stop,ut:WISPrDetection,Windows 10,20H2,Pro,2020/12/08,19041.685,WISPr detection failed for interface {InterfaceGuid} with error ({Result}),{InterfaceGuid} | {Result}
2003,0,Information,Microsoft-Windows-HotspotAuth/Operational,WISPr Detection,Stop,ut:WISPrDetection,Windows 10,20H2,Pro,2020/11/19,19041.631,WISPr detection failed for interface {InterfaceGuid} with error ({Result}),{InterfaceGuid} | {Result}
2003,0,Information,Microsoft-Windows-HotspotAuth/Operational,WISPr Detection,Stop,ut:WISPrDetection,Windows 10,2004,Pro,2020/11/10,19041.63,WISPr detection failed for interface {InterfaceGuid} with error ({Result}),{InterfaceGuid} | {Result}
2003,0,Information,Microsoft-Windows-HotspotAuth/Operational,WISPr Detection,Stop,ut:WISPrDetection,Windows 10,2004,Pro,2020/10/13,19041.572,WISPr detection failed for interface {InterfaceGuid} with error ({Result}),{InterfaceGuid} | {Result}
2003,0,Information,Microsoft-Windows-HotspotAuth/Operational,WISPr Detection,Stop,ut:WISPrDetection,Windows 10,2004,Pro,2020/09/08,19041.508,WISPr detection failed for interface {InterfaceGuid} with error ({Result}),{InterfaceGuid} | {Result}
2003,0,Information,Microsoft-Windows-HotspotAuth/Operational,WISPr Detection,Stop,ut:WISPrDetection,Windows 10,2004,Pro,2020/08/11,19041.45,WISPr detection failed for interface {InterfaceGuid} with error ({Result}),{InterfaceGuid} | {Result}
2003,0,Information,Microsoft-Windows-HotspotAuth/Operational,WISPr Detection,Stop,ut:WISPrDetection,Windows 10,2004,Pro,2020/07/14,19041.388,WISPr detection failed for interface {InterfaceGuid} with error ({Result}),{InterfaceGuid} | {Result}
2003,0,Information,Microsoft-Windows-HotspotAuth/Operational,WISPr Detection,Stop,ut:WISPrDetection,Windows 10,2004,Pro,2020/06/09,19041.329,WISPr detection failed for interface {InterfaceGuid} with error ({Result}),{InterfaceGuid} | {Result}
2003,0,Information,Microsoft-Windows-HotspotAuth/Operational,WISPr Detection,Stop,ut:WISPrDetection,Windows 10,2004,Pro,2020/05/27,19041.264,WISPr detection failed for interface {InterfaceGuid} with error ({Result}),{InterfaceGuid} | {Result}
2003,0,Information,Microsoft-Windows-HotspotAuth/Operational,WISPr Detection,Stop,ut:WISPrDetection,Windows 10,2004,Pro,2020/04/16,19041.208,WISPr detection failed for interface {InterfaceGuid} with error ({Result}),{InterfaceGuid} | {Result}
2003,0,Information,Microsoft-Windows-HotspotAuth/Operational,WISPr Detection,Stop,ut:WISPrDetection,Windows 10,21H1,Pro,2022/03/15,19041.1586,WISPr detection failed for interface {InterfaceGuid} with error ({Result}),{InterfaceGuid} | {Result}
2003,0,Information,Microsoft-Windows-HotspotAuth/Operational,WISPr Detection,Stop,ut:WISPrDetection,Windows 10,20H2,Pro,2022/03/15,19041.1586,WISPr detection failed for interface {InterfaceGuid} with error ({Result}),{InterfaceGuid} | {Result}
2003,0,Information,Microsoft-Windows-HotspotAuth/Operational,WISPr Detection,Stop,ut:WISPrDetection,Windows 10,21H2,Pro,2022/03/15,19041.1586,WISPr detection failed for interface {InterfaceGuid} with error ({Result}),{InterfaceGuid} | {Result}
2003,0,Information,Microsoft-Windows-HotspotAuth/Operational,WISPr Detection,Stop,ut:WISPrDetection,Windows 10,21H1,Pro,2022/02/15,19041.1526,WISPr detection failed for interface {InterfaceGuid} with error ({Result}),{InterfaceGuid} | {Result}
2003,0,Information,Microsoft-Windows-HotspotAuth/Operational,WISPr Detection,Stop,ut:WISPrDetection,Windows 10,20H2,Pro,2022/02/15,19041.1526,WISPr detection failed for interface {InterfaceGuid} with error ({Result}),{InterfaceGuid} | {Result}
2003,0,Information,Microsoft-Windows-HotspotAuth/Operational,WISPr Detection,Stop,ut:WISPrDetection,Windows 10,21H2,Pro,2022/02/15,19041.1526,WISPr detection failed for interface {InterfaceGuid} with error ({Result}),{InterfaceGuid} | {Result}
2003,0,Information,Microsoft-Windows-HotspotAuth/Operational,WISPr Detection,Stop,ut:WISPrDetection,Windows 10,20H2,Pro,2021/12/14,19041.1415,WISPr detection failed for interface {InterfaceGuid} with error ({Result}),{InterfaceGuid} | {Result}
2003,0,Information,Microsoft-Windows-HotspotAuth/Operational,WISPr Detection,Stop,ut:WISPrDetection,Windows 10,2004,Pro,2021/11/09,19041.1348,WISPr detection failed for interface {InterfaceGuid} with error ({Result}),{InterfaceGuid} | {Result}
2003,0,Information,Microsoft-Windows-HotspotAuth/Operational,WISPr Detection,Stop,ut:WISPrDetection,Windows 10,20H2,Pro,2021/11/09,19041.1348,WISPr detection failed for interface {InterfaceGuid} with error ({Result}),{InterfaceGuid} | {Result}
2003,0,Information,Microsoft-Windows-HotspotAuth/Operational,WISPr Detection,Stop,ut:WISPrDetection,Windows 10,2004,Pro,2021/10/12,19041.1288,WISPr detection failed for interface {InterfaceGuid} with error ({Result}),{InterfaceGuid} | {Result}
2003,0,Information,Microsoft-Windows-HotspotAuth/Operational,WISPr Detection,Stop,ut:WISPrDetection,Windows 10,20H2,Pro,2021/10/12,19041.1288,WISPr detection failed for interface {InterfaceGuid} with error ({Result}),{InterfaceGuid} | {Result}
2003,0,Information,Microsoft-Windows-HotspotAuth/Operational,WISPr Detection,Stop,ut:WISPrDetection,Windows 10,2004,Pro,2021/09/14,19041.1237,WISPr detection failed for interface {InterfaceGuid} with error ({Result}),{InterfaceGuid} | {Result}
2003,0,Information,Microsoft-Windows-HotspotAuth/Operational,WISPr Detection,Stop,ut:WISPrDetection,Windows 10,20H2,Pro,2021/09/14,19041.1237,WISPr detection failed for interface {InterfaceGuid} with error ({Result}),{InterfaceGuid} | {Result}
2003,0,Information,Microsoft-Windows-HotspotAuth/Operational,WISPr Detection,Stop,ut:WISPrDetection,Windows 10,2004,Pro,2021/08/10,19041.1165,WISPr detection failed for interface {InterfaceGuid} with error ({Result}),{InterfaceGuid} | {Result}
2003,0,Information,Microsoft-Windows-HotspotAuth/Operational,WISPr Detection,Stop,ut:WISPrDetection,Windows 10,20H2,Pro,2021/08/10,19041.1165,WISPr detection failed for interface {InterfaceGuid} with error ({Result}),{InterfaceGuid} | {Result}
2003,0,Information,Microsoft-Windows-HotspotAuth/Operational,WISPr Detection,Stop,ut:WISPrDetection,Windows 10,2004,Pro,2021/07/13,19041.111,WISPr detection failed for interface {InterfaceGuid} with error ({Result}),{InterfaceGuid} | {Result}
2003,0,Information,Microsoft-Windows-HotspotAuth/Operational,WISPr Detection,Stop,ut:WISPrDetection,Windows 10,20H2,Pro,2021/07/13,19041.111,WISPr detection failed for interface {InterfaceGuid} with error ({Result}),{InterfaceGuid} | {Result}
2003,0,Information,Microsoft-Windows-HotspotAuth/Operational,WISPr Detection,Stop,ut:WISPrDetection,Windows 10,2004,Pro,2021/06/08,19041.1052,WISPr detection failed for interface {InterfaceGuid} with error ({Result}),{InterfaceGuid} | {Result}
2003,0,Information,Microsoft-Windows-HotspotAuth/Operational,WISPr Detection,Stop,ut:WISPrDetection,Windows 10,20H2,Pro,2021/06/08,19041.1052,WISPr detection failed for interface {InterfaceGuid} with error ({Result}),{InterfaceGuid} | {Result}
2003,0,Information,Microsoft-Windows-HotspotAuth/Operational,WISPr Detection,Stop,ut:WISPrDetection,Windows 10,1909,Pro,2020/07/14,18363.959,WISPr detection failed for interface {InterfaceGuid} with error ({Result}),{InterfaceGuid} | {Result}
2003,0,Information,Microsoft-Windows-HotspotAuth/Operational,WISPr Detection,Stop,ut:WISPrDetection,Windows 10,1909,Pro,2020/06/09,18363.9,WISPr detection failed for interface {InterfaceGuid} with error ({Result}),{InterfaceGuid} | {Result}
2003,0,Information,Microsoft-Windows-HotspotAuth/Operational,WISPr Detection,Stop,ut:WISPrDetection,Windows 10,1909,Pro,2020/05/12,18363.836,WISPr detection failed for interface {InterfaceGuid} with error ({Result}),{InterfaceGuid} | {Result}
2003,0,Information,Microsoft-Windows-HotspotAuth/Operational,WISPr Detection,Stop,ut:WISPrDetection,Windows 10,1909,Pro,2020/04/14,18363.778,WISPr detection failed for interface {InterfaceGuid} with error ({Result}),{InterfaceGuid} | {Result}
2003,0,Information,Microsoft-Windows-HotspotAuth/Operational,WISPr Detection,Stop,ut:WISPrDetection,Windows 10,1909,Pro,2020/03/12,18363.72,WISPr detection failed for interface {InterfaceGuid} with error ({Result}),{InterfaceGuid} | {Result}
2003,0,Information,Microsoft-Windows-HotspotAuth/Operational,WISPr Detection,Stop,ut:WISPrDetection,Windows 10,1909,Pro,2020/02/11,18363.657,WISPr detection failed for interface {InterfaceGuid} with error ({Result}),{InterfaceGuid} | {Result}
2003,0,Information,Microsoft-Windows-HotspotAuth/Operational,WISPr Detection,Stop,ut:WISPrDetection,Windows 10,1909,Pro,2020/01/14,18363.592,WISPr detection failed for interface {InterfaceGuid} with error ({Result}),{InterfaceGuid} | {Result}
2003,0,Information,Microsoft-Windows-HotspotAuth/Operational,WISPr Detection,Stop,ut:WISPrDetection,Windows 10,1909,Pro,2019/12/10,18363.535,WISPr detection failed for interface {InterfaceGuid} with error ({Result}),{InterfaceGuid} | {Result}
2003,0,Information,Microsoft-Windows-HotspotAuth/Operational,WISPr Detection,Stop,ut:WISPrDetection,Windows 10,1909,Pro,2019/10/05,18363.418,WISPr detection failed for interface {InterfaceGuid} with error ({Result}),{InterfaceGuid} | {Result}
2003,0,Information,Microsoft-Windows-HotspotAuth/Operational,WISPr Detection,Stop,ut:WISPrDetection,Windows 10,1909,Pro,2021/06/08,18363.1621,WISPr detection failed for interface {InterfaceGuid} with error ({Result}),{InterfaceGuid} | {Result}
2003,0,Information,Microsoft-Windows-HotspotAuth/Operational,WISPr Detection,Stop,ut:WISPrDetection,Windows 10,1909,Pro,2021/05/11,18363.1556,WISPr detection failed for interface {InterfaceGuid} with error ({Result}),{InterfaceGuid} | {Result}
2003,0,Information,Microsoft-Windows-HotspotAuth/Operational,WISPr Detection,Stop,ut:WISPrDetection,Windows 10,1909,Pro,2021/04/13,18363.15,WISPr detection failed for interface {InterfaceGuid} with error ({Result}),{InterfaceGuid} | {Result}
2003,0,Information,Microsoft-Windows-HotspotAuth/Operational,WISPr Detection,Stop,ut:WISPrDetection,Windows 10,1909,Pro,2021/03/09,18363.144,WISPr detection failed for interface {InterfaceGuid} with error ({Result}),{InterfaceGuid} | {Result}
2003,0,Information,Microsoft-Windows-HotspotAuth/Operational,WISPr Detection,Stop,ut:WISPrDetection,Windows 10,1909,Pro,2021/02/11,18363.1379,WISPr detection failed for interface {InterfaceGuid} with error ({Result}),{InterfaceGuid} | {Result}
2003,0,Information,Microsoft-Windows-HotspotAuth/Operational,WISPr Detection,Stop,ut:WISPrDetection,Windows 10,1909,Pro,2021/01/12,18363.1316,WISPr detection failed for interface {InterfaceGuid} with error ({Result}),{InterfaceGuid} | {Result}
2003,0,Information,Microsoft-Windows-HotspotAuth/Operational,WISPr Detection,Stop,ut:WISPrDetection,Windows 10,1909,Pro,2020/12/08,18363.1256,WISPr detection failed for interface {InterfaceGuid} with error ({Result}),{InterfaceGuid} | {Result}
2003,0,Information,Microsoft-Windows-HotspotAuth/Operational,WISPr Detection,Stop,ut:WISPrDetection,Windows 10,1909,Pro,2020/11/10,18363.1198,WISPr detection failed for interface {InterfaceGuid} with error ({Result}),{InterfaceGuid} | {Result}
2003,0,Information,Microsoft-Windows-HotspotAuth/Operational,WISPr Detection,Stop,ut:WISPrDetection,Windows 10,1909,Pro,2020/10/13,18363.1139,WISPr detection failed for interface {InterfaceGuid} with error ({Result}),{InterfaceGuid} | {Result}
2003,0,Information,Microsoft-Windows-HotspotAuth/Operational,WISPr Detection,Stop,ut:WISPrDetection,Windows 10,1909,Pro,2020/09/08,18363.1082,WISPr detection failed for interface {InterfaceGuid} with error ({Result}),{InterfaceGuid} | {Result}
2003,0,Information,Microsoft-Windows-HotspotAuth/Operational,WISPr Detection,Stop,ut:WISPrDetection,Windows 10,1909,Pro,2020/08/11,18363.1016,WISPr detection failed for interface {InterfaceGuid} with error ({Result}),{InterfaceGuid} | {Result}
2003,0,Information,Microsoft-Windows-HotspotAuth/Operational,WISPr Detection,Stop,ut:WISPrDetection,Windows 10,1903,Pro,2020/07/14,18362.959,WISPr detection failed for interface {InterfaceGuid} with error ({Result}),{InterfaceGuid} | {Result}
2003,0,Information,Microsoft-Windows-HotspotAuth/Operational,WISPr Detection,Stop,ut:WISPrDetection,Windows 10,1903,Pro,2020/05/12,18362.836,WISPr detection failed for interface {InterfaceGuid} with error ({Result}),{InterfaceGuid} | {Result}
2003,0,Information,Microsoft-Windows-HotspotAuth/Operational,WISPr Detection,Stop,ut:WISPrDetection,Windows 10,1903,Pro,2020/03/12,18362.72,WISPr detection failed for interface {InterfaceGuid} with error ({Result}),{InterfaceGuid} | {Result}
2003,0,Information,Microsoft-Windows-HotspotAuth/Operational,WISPr Detection,Stop,ut:WISPrDetection,Windows 10,1903,Pro,2020/02/11,18362.657,WISPr detection failed for interface {InterfaceGuid} with error ({Result}),{InterfaceGuid} | {Result}
2003,0,Information,Microsoft-Windows-HotspotAuth/Operational,WISPr Detection,Stop,ut:WISPrDetection,Windows 10,1903,Pro,2019/12/10,18362.535,WISPr detection failed for interface {InterfaceGuid} with error ({Result}),{InterfaceGuid} | {Result}
2003,0,Information,Microsoft-Windows-HotspotAuth/Operational,WISPr Detection,Stop,ut:WISPrDetection,Windows 10,1903,Pro,2019/11/12,18362.476,WISPr detection failed for interface {InterfaceGuid} with error ({Result}),{InterfaceGuid} | {Result}
2003,0,Information,Microsoft-Windows-HotspotAuth/Operational,WISPr Detection,Stop,ut:WISPrDetection,Windows 10,1903,Pro,2019/09/10,18362.356,WISPr detection failed for interface {InterfaceGuid} with error ({Result}),{InterfaceGuid} | {Result}
2003,0,Information,Microsoft-Windows-HotspotAuth/Operational,WISPr Detection,Stop,ut:WISPrDetection,Windows 10,1903,Pro,2019/03/29,18362.3,WISPr detection failed for interface {InterfaceGuid} with error ({Result}),{InterfaceGuid} | {Result}
2003,0,Information,Microsoft-Windows-HotspotAuth/Operational,WISPr Detection,Stop,ut:WISPrDetection,Windows 10,1903,Pro,2019/07/09,18362.239,WISPr detection failed for interface {InterfaceGuid} with error ({Result}),{InterfaceGuid} | {Result}
2003,0,Information,Microsoft-Windows-HotspotAuth/Operational,WISPr Detection,Stop,ut:WISPrDetection,Windows 10,1903,Pro,2019/06/11,18362.175,WISPr detection failed for interface {InterfaceGuid} with error ({Result}),{InterfaceGuid} | {Result}
2003,0,Information,Microsoft-Windows-HotspotAuth/Operational,WISPr Detection,Stop,ut:WISPrDetection,Windows 10,1903,Pro,2020/12/08,18362.1256,WISPr detection failed for interface {InterfaceGuid} with error ({Result}),{InterfaceGuid} | {Result}
2003,0,Information,Microsoft-Windows-HotspotAuth/Operational,WISPr Detection,Stop,ut:WISPrDetection,Windows 10,1903,Pro,2020/11/10,18362.1198,WISPr detection failed for interface {InterfaceGuid} with error ({Result}),{InterfaceGuid} | {Result}
2003,0,Information,Microsoft-Windows-HotspotAuth/Operational,WISPr Detection,Stop,ut:WISPrDetection,Windows 10,1903,Pro,2020/10/13,18362.1139,WISPr detection failed for interface {InterfaceGuid} with error ({Result}),{InterfaceGuid} | {Result}
2003,0,Information,Microsoft-Windows-HotspotAuth/Operational,WISPr Detection,Stop,ut:WISPrDetection,Windows 10,1903,Pro,2020/09/08,18362.1082,WISPr detection failed for interface {InterfaceGuid} with error ({Result}),{InterfaceGuid} | {Result}
2003,0,Information,Microsoft-Windows-HotspotAuth/Operational,WISPr Detection,Stop,ut:WISPrDetection,Windows 10,1903,Pro,2019/12/10,18362.1016,WISPr detection failed for interface {InterfaceGuid} with error ({Result}),{InterfaceGuid} | {Result}
2003,0,Information,Microsoft-Windows-HotspotAuth/Operational,WISPr Detection,Stop,ut:WISPrDetection,Windows 10,1809,Pro,2020/01/14,17763.973,WISPr detection failed for interface {InterfaceGuid} with error ({Result}),{InterfaceGuid} | {Result}
2003,0,Information,Microsoft-Windows-HotspotAuth/Operational,WISPr Detection,Stop,ut:WISPrDetection,Windows 10,1809,Pro,2019/12/10,17763.914,WISPr detection failed for interface {InterfaceGuid} with error ({Result}),{InterfaceGuid} | {Result}
2003,0,Information,Microsoft-Windows-HotspotAuth/Operational,WISPr Detection,Stop,ut:WISPrDetection,Windows 10,1809,Pro,2019/11/12,17763.864,WISPr detection failed for interface {InterfaceGuid} with error ({Result}),{InterfaceGuid} | {Result}
2003,0,Information,Microsoft-Windows-HotspotAuth/Operational,WISPr Detection,Stop,ut:WISPrDetection,Windows 10,1809,Pro,2019/10/08,17763.805,WISPr detection failed for interface {InterfaceGuid} with error ({Result}),{InterfaceGuid} | {Result}
2003,0,Information,Microsoft-Windows-HotspotAuth/Operational,WISPr Detection,Stop,ut:WISPrDetection,Windows 10,1809,Pro,2019/09/10,17763.737,WISPr detection failed for interface {InterfaceGuid} with error ({Result}),{InterfaceGuid} | {Result}
2003,0,Information,Microsoft-Windows-HotspotAuth/Operational,WISPr Detection,Stop,ut:WISPrDetection,Windows 10,1809,Pro,2019/08/13,17763.678,WISPr detection failed for interface {InterfaceGuid} with error ({Result}),{InterfaceGuid} | {Result}
2003,0,Information,Microsoft-Windows-HotspotAuth/Operational,WISPr Detection,Stop,ut:WISPrDetection,Windows 10,1809,Pro,2019/07/09,17763.615,WISPr detection failed for interface {InterfaceGuid} with error ({Result}),{InterfaceGuid} | {Result}
2003,0,Information,Microsoft-Windows-HotspotAuth/Operational,WISPr Detection,Stop,ut:WISPrDetection,Windows 10,1809,Pro,2019/06/11,17763.557,WISPr detection failed for interface {InterfaceGuid} with error ({Result}),{InterfaceGuid} | {Result}
2003,0,Information,Microsoft-Windows-HotspotAuth/Operational,WISPr Detection,Stop,ut:WISPrDetection,Windows 10,1809,Pro,2019/05/19,17763.504,WISPr detection failed for interface {InterfaceGuid} with error ({Result}),{InterfaceGuid} | {Result}
2003,0,Information,Microsoft-Windows-HotspotAuth/Operational,WISPr Detection,Stop,ut:WISPrDetection,Windows 10,1809,Pro,2019/04/09,17763.437,WISPr detection failed for interface {InterfaceGuid} with error ({Result}),{InterfaceGuid} | {Result}
2003,0,Information,Microsoft-Windows-HotspotAuth/Operational,WISPr Detection,Stop,ut:WISPrDetection,Windows 10,1809,Pro,2019/03/12,17763.379,WISPr detection failed for interface {InterfaceGuid} with error ({Result}),{InterfaceGuid} | {Result}
2003,0,Information,Microsoft-Windows-HotspotAuth/Operational,WISPr Detection,Stop,ut:WISPrDetection,Windows 10,1809,Pro,2019/02/12,17763.316,WISPr detection failed for interface {InterfaceGuid} with error ({Result}),{InterfaceGuid} | {Result}
2003,0,Information,Microsoft-Windows-HotspotAuth/Operational,WISPr Detection,Stop,ut:WISPrDetection,Windows 10,1803,Pro,2019/01/08,17763.253,WISPr detection failed for interface {InterfaceGuid} with error ({Result}),{InterfaceGuid} | {Result}
2003,0,Information,Microsoft-Windows-HotspotAuth/Operational,WISPr Detection,Stop,ut:WISPrDetection,Windows 10,1809,Pro,2018/12/11,17763.194,WISPr detection failed for interface {InterfaceGuid} with error ({Result}),{InterfaceGuid} | {Result}
2003,0,Information,Microsoft-Windows-HotspotAuth/Operational,WISPr Detection,Stop,ut:WISPrDetection,Windows 10,1809,Pro,2020/11/10,17763.1577,WISPr detection failed for interface {InterfaceGuid} with error ({Result}),{InterfaceGuid} | {Result}
2003,0,Information,Microsoft-Windows-HotspotAuth/Operational,WISPr Detection,Stop,ut:WISPrDetection,Windows 10,1809,Pro,2020/10/13,17763.1518,WISPr detection failed for interface {InterfaceGuid} with error ({Result}),{InterfaceGuid} | {Result}
2003,0,Information,Microsoft-Windows-HotspotAuth/Operational,WISPr Detection,Stop,ut:WISPrDetection,Windows 10,1809,Pro,2020/09/08,17763.1457,WISPr detection failed for interface {InterfaceGuid} with error ({Result}),{InterfaceGuid} | {Result}
2003,0,Information,Microsoft-Windows-HotspotAuth/Operational,WISPr Detection,Stop,ut:WISPrDetection,Windows 10,1809,Pro,2020/08/11,17763.1397,WISPr detection failed for interface {InterfaceGuid} with error ({Result}),{InterfaceGuid} | {Result}
2003,0,Information,Microsoft-Windows-HotspotAuth/Operational,WISPr Detection,Stop,ut:WISPrDetection,Windows 10,1809,Pro,2020/07/14,17763.1339,WISPr detection failed for interface {InterfaceGuid} with error ({Result}),{InterfaceGuid} | {Result}
2003,0,Information,Microsoft-Windows-HotspotAuth/Operational,WISPr Detection,Stop,ut:WISPrDetection,Windows 10,1809,Pro,2020/06/09,17763.1282,WISPr detection failed for interface {InterfaceGuid} with error ({Result}),{InterfaceGuid} | {Result}
2003,0,Information,Microsoft-Windows-HotspotAuth/Operational,WISPr Detection,Stop,ut:WISPrDetection,Windows 10,1809,Pro,2020/05/12,17763.1217,WISPr detection failed for interface {InterfaceGuid} with error ({Result}),{InterfaceGuid} | {Result}
2003,0,Information,Microsoft-Windows-HotspotAuth/Operational,WISPr Detection,Stop,ut:WISPrDetection,Windows 10,1809,Pro,2020/04/14,17763.1158,WISPr detection failed for interface {InterfaceGuid} with error ({Result}),{InterfaceGuid} | {Result}
2003,0,Information,Microsoft-Windows-HotspotAuth/Operational,WISPr Detection,Stop,ut:WISPrDetection,Windows 10,1809,Pro,2020/03/12,17763.1098,WISPr detection failed for interface {InterfaceGuid} with error ({Result}),{InterfaceGuid} | {Result}
2003,0,Information,Microsoft-Windows-HotspotAuth/Operational,WISPr Detection,Stop,ut:WISPrDetection,Windows 10,1809,Pro,2018/11/13,17763.107,WISPr detection failed for interface {InterfaceGuid} with error ({Result}),{InterfaceGuid} | {Result}
2003,0,Information,Microsoft-Windows-HotspotAuth/Operational,WISPr Detection,Stop,ut:WISPrDetection,Windows 10,1809,Pro,2020/02/11,17763.1039,WISPr detection failed for interface {InterfaceGuid} with error ({Result}),{InterfaceGuid} | {Result}
2003,0,Information,Microsoft-Windows-HotspotAuth/Operational,WISPr Detection,Stop,ut:WISPrDetection,Windows 10,1803,Pro,2019/08/13,17134.95,WISPr detection failed for interface {InterfaceGuid} with error ({Result}),{InterfaceGuid} | {Result}
2003,0,Information,Microsoft-Windows-HotspotAuth/Operational,WISPr Detection,Stop,ut:WISPrDetection,Windows 10,1803,Pro,2019/07/09,17134.885,WISPr detection failed for interface {InterfaceGuid} with error ({Result}),{InterfaceGuid} | {Result}
2003,0,Information,Microsoft-Windows-HotspotAuth/Operational,WISPr Detection,Stop,ut:WISPrDetection,Windows 10,1803,Pro,2019/06/11,17134.829,WISPr detection failed for interface {InterfaceGuid} with error ({Result}),{InterfaceGuid} | {Result}
2003,0,Information,Microsoft-Windows-HotspotAuth/Operational,WISPr Detection,Stop,ut:WISPrDetection,Windows 10,1803,Pro,2019/05/19,17134.766,WISPr detection failed for interface {InterfaceGuid} with error ({Result}),{InterfaceGuid} | {Result}
2003,0,Information,Microsoft-Windows-HotspotAuth/Operational,WISPr Detection,Stop,ut:WISPrDetection,Windows 10,1803,Pro,2019/04/09,17134.706,WISPr detection failed for interface {InterfaceGuid} with error ({Result}),{InterfaceGuid} | {Result}
2003,0,Information,Microsoft-Windows-HotspotAuth/Operational,WISPr Detection,Stop,ut:WISPrDetection,Windows 10,1803,Pro,2019/03/12,17134.648,WISPr detection failed for interface {InterfaceGuid} with error ({Result}),{InterfaceGuid} | {Result}
2003,0,Information,Microsoft-Windows-HotspotAuth/Operational,WISPr Detection,Stop,ut:WISPrDetection,Windows 10,1803,Pro,2019/01/08,17134.523,WISPr detection failed for interface {InterfaceGuid} with error ({Result}),{InterfaceGuid} | {Result}
2003,0,Information,Microsoft-Windows-HotspotAuth/Operational,WISPr Detection,Stop,ut:WISPrDetection,Windows 10,1803,Pro,2018/09/11,17134.285,WISPr detection failed for interface {InterfaceGuid} with error ({Result}),{InterfaceGuid} | {Result}
2003,0,Information,Microsoft-Windows-HotspotAuth/Operational,WISPr Detection,Stop,ut:WISPrDetection,Windows 10,1803,Pro,2018/08/14,17134.228,WISPr detection failed for interface {InterfaceGuid} with error ({Result}),{InterfaceGuid} | {Result}
2003,0,Information,Microsoft-Windows-HotspotAuth/Operational,WISPr Detection,Stop,ut:WISPrDetection,Windows 10,1803,Pro,2018/06/12,17134.112,WISPr detection failed for interface {InterfaceGuid} with error ({Result}),{InterfaceGuid} | {Result}
2003,0,Information,Microsoft-Windows-HotspotAuth/Operational,WISPr Detection,Stop,ut:WISPrDetection,Windows 10,1803,Pro,2019/09/10,17134.1006,WISPr detection failed for interface {InterfaceGuid} with error ({Result}),{InterfaceGuid} | {Result}
2003,0,Information,Microsoft-Windows-HotspotAuth/Operational,WISPr Detection,Stop,ut:WISPrDetection,Windows 10,1803,Pro,1970/01/01,17134.1,WISPr detection failed for interface {InterfaceGuid} with error ({Result}),{InterfaceGuid} | {Result}
2003,0,Information,Microsoft-Windows-HotspotAuth/Operational,WISPr Detection,Stop,ut:WISPrDetection,Windows 10,1709,Pro,2017/11/14,16299.64,WISPr detection failed for interface {InterfaceGuid} with error ({Result}),{InterfaceGuid} | {Result}
2003,0,Information,Microsoft-Windows-HotspotAuth/Operational,WISPr Detection,Stop,ut:WISPrDetection,Windows 10,1709,Pro,2017/11/14,16299.15,WISPr detection failed for interface {InterfaceGuid} with error ({Result}),{InterfaceGuid} | {Result}
2003,0,Information,Microsoft-Windows-HotspotAuth/Operational,WISPr Detection,Stop,ut:WISPrDetection,Windows 10,1709,Pro,2017/12/12,16299.125,WISPr detection failed for interface {InterfaceGuid} with error ({Result}),{InterfaceGuid} | {Result}
2003,0,Information,Microsoft-Windows-HotspotAuth/Operational,WISPr Detection,Stop,ut:WISPrDetection,Windows 10,1703,Pro,2017/07/11,15063.483,WISPr detection failed for interface {InterfaceGuid} with error ({Result}),{InterfaceGuid} | {Result}
2003,0,Information,Microsoft-Windows-HotspotAuth/Operational,WISPr Detection,Stop,ut:WISPrDetection,Windows 10,1703,Pro,2017/06/13,15063.413,WISPr detection failed for interface {InterfaceGuid} with error ({Result}),{InterfaceGuid} | {Result}
2003,0,Information,Microsoft-Windows-HotspotAuth/Operational,WISPr Detection,Stop,ut:WISPrDetection,Windows 10,1703,Pro,2017/03/20,15063.0,WISPr detection failed for interface {InterfaceGuid} with error ({Result}),{InterfaceGuid} | {Result}
2003,0,Information,Microsoft-Windows-HotspotAuth/Operational,WISPr Detection,Stop,ut:WISPrDetection,Windows 10,1607,Pro,2016/11/08,14393.447,WISPr detection failed for interface {InterfaceGuid} with error ({Result}),{InterfaceGuid} | {Result}
2003,0,Information,Microsoft-Windows-HotspotAuth/Operational,WISPr Detection,Stop,ut:WISPrDetection,Windows 10,1511,Pro,2016/03/08,10586.164,WISPr detection failed for interface {InterfaceGuid} with error ({Result}),{InterfaceGuid} | {Result}
2003,0,Information,Microsoft-Windows-HotspotAuth/Operational,WISPr Detection,Stop,ut:WISPrDetection,Windows 10,1511,Enterprise,2016/02/09,10586.104,WISPr detection failed for interface {InterfaceGuid} with error ({Result}),{InterfaceGuid} | {Result}
2003,0,Information,Microsoft-Windows-HotspotAuth/Operational,WISPr Detection,Stop,ut:WISPrDetection,Windows 10,1511,Pro,1970/01/01,10586.0,WISPr detection failed for interface {InterfaceGuid} with error ({Result}),{InterfaceGuid} | {Result}
2003,0,Information,Microsoft-Windows-HotspotAuth/Operational,WISPr Detection,Stop,ut:WISPrDetection,Windows 10,1507,Pro,2015/07/29,10240.0,WISPr detection failed for interface {InterfaceGuid} with error ({Result}),{InterfaceGuid} | {Result}
2003,0,Information,Microsoft-Windows-HotspotAuth/Operational,WISPr Detection,Stop,ut:WISPrDetection,Windows 8.1,8.1,Pro,1970/01/01,9600.0,WISPr detection failed for interface {InterfaceGuid} with error ({Result}),{InterfaceGuid} | {Result}
2003,0,Information,Microsoft-Windows-HotspotAuth/Operational,WISPr Detection,Stop,ut:WISPrDetection,Windows 8,8,Pro,1970/01/01,9200.0,WISPr detection failed for interface {InterfaceGuid} with error ({Result}),{InterfaceGuid} | {Result}
2004,0,Information,Microsoft-Windows-HotspotAuth/Analytic,WISPr Detection,Stop,ut:WISPrDetection,Windows 11,24H2,Pro,2024/10/2,26100.1742,WISPr detection completed for interface {InterfaceGuid} with status ({WisprScenarioType}),{InterfaceGuid} | {WisprScenarioType}
2004,0,Information,Microsoft-Windows-HotspotAuth/Analytic,WISPr Detection,Stop,ut:WISPrDetection,Windows 11,22H2,Pro,2022/12/20,22621.963,WISPr detection completed for interface {InterfaceGuid} with status ({WisprScenarioType}),{InterfaceGuid} | {WisprScenarioType}
2004,0,Information,Microsoft-Windows-HotspotAuth/Analytic,WISPr Detection,Stop,ut:WISPrDetection,Windows 11,22H2,Pro,2022/11/15,22621.819,WISPr detection completed for interface {InterfaceGuid} with status ({WisprScenarioType}),{InterfaceGuid} | {WisprScenarioType}
2004,0,Information,Microsoft-Windows-HotspotAuth/Analytic,WISPr Detection,Stop,ut:WISPrDetection,Windows 11,22H2,Pro,2022/10/18,22621.674,WISPr detection completed for interface {InterfaceGuid} with status ({WisprScenarioType}),{InterfaceGuid} | {WisprScenarioType}
2004,0,Information,Microsoft-Windows-HotspotAuth/Analytic,WISPr Detection,Stop,ut:WISPrDetection,Windows 11,22H2,Pro,2022/09/20,22621.382,WISPr detection completed for interface {InterfaceGuid} with status ({WisprScenarioType}),{InterfaceGuid} | {WisprScenarioType}
2004,0,Information,Microsoft-Windows-HotspotAuth/Analytic,WISPr Detection,Stop,ut:WISPrDetection,Windows 11,22H2,Pro,2023/03/21,22621.1413,WISPr detection completed for interface {InterfaceGuid} with status ({WisprScenarioType}),{InterfaceGuid} | {WisprScenarioType}
2004,0,Information,Microsoft-Windows-HotspotAuth/Analytic,WISPr Detection,Stop,ut:WISPrDetection,Windows 11,22H2,Pro,2023/02/21,22621.1265,WISPr detection completed for interface {InterfaceGuid} with status ({WisprScenarioType}),{InterfaceGuid} | {WisprScenarioType}
2004,0,Information,Microsoft-Windows-HotspotAuth/Analytic,WISPr Detection,Stop,ut:WISPrDetection,Windows 11,22H2,Pro,2023/01/17,22621.1105,WISPr detection completed for interface {InterfaceGuid} with status ({WisprScenarioType}),{InterfaceGuid} | {WisprScenarioType}
2004,0,Information,Microsoft-Windows-HotspotAuth/Analytic,WISPr Detection,Stop,ut:WISPrDetection,Windows 11,21H2,Pro,2022/09/20,22000.978,WISPr detection completed for interface {InterfaceGuid} with status ({WisprScenarioType}),{InterfaceGuid} | {WisprScenarioType}
2004,0,Information,Microsoft-Windows-HotspotAuth/Analytic,WISPr Detection,Stop,ut:WISPrDetection,Windows 11,21H2,Pro,2022/08/16,22000.856,WISPr detection completed for interface {InterfaceGuid} with status ({WisprScenarioType}),{InterfaceGuid} | {WisprScenarioType}
2004,0,Information,Microsoft-Windows-HotspotAuth/Analytic,WISPr Detection,Stop,ut:WISPrDetection,Windows 11,21H2,Pro,2022/07/19,22000.795,WISPr detection completed for interface {InterfaceGuid} with status ({WisprScenarioType}),{InterfaceGuid} | {WisprScenarioType}
2004,0,Information,Microsoft-Windows-HotspotAuth/Analytic,WISPr Detection,Stop,ut:WISPrDetection,Windows 11,21H2,Pro,2022/06/21,22000.739,WISPr detection completed for interface {InterfaceGuid} with status ({WisprScenarioType}),{InterfaceGuid} | {WisprScenarioType}
2004,0,Information,Microsoft-Windows-HotspotAuth/Analytic,WISPr Detection,Stop,ut:WISPrDetection,Windows 11,21H2,Pro,2022/05/17,22000.675,WISPr detection completed for interface {InterfaceGuid} with status ({WisprScenarioType}),{InterfaceGuid} | {WisprScenarioType}
2004,0,Information,Microsoft-Windows-HotspotAuth/Analytic,WISPr Detection,Stop,ut:WISPrDetection,Windows 11,21H2,Pro,2022/04/19,22000.613,WISPr detection completed for interface {InterfaceGuid} with status ({WisprScenarioType}),{InterfaceGuid} | {WisprScenarioType}
2004,0,Information,Microsoft-Windows-HotspotAuth/Analytic,WISPr Detection,Stop,ut:WISPrDetection,Windows 11,21H2,Pro,2022/03/15,22000.556,WISPr detection completed for interface {InterfaceGuid} with status ({WisprScenarioType}),{InterfaceGuid} | {WisprScenarioType}
2004,0,Information,Microsoft-Windows-HotspotAuth/Analytic,WISPr Detection,Stop,ut:WISPrDetection,Windows 11,21H2,Pro,2022/02/15,22000.493,WISPr detection completed for interface {InterfaceGuid} with status ({WisprScenarioType}),{InterfaceGuid} | {WisprScenarioType}
2004,0,Information,Microsoft-Windows-HotspotAuth/Analytic,WISPr Detection,Stop,ut:WISPrDetection,Windows 11,21H2,Pro,2022/01/11,22000.434,WISPr detection completed for interface {InterfaceGuid} with status ({WisprScenarioType}),{InterfaceGuid} | {WisprScenarioType}
2004,0,Information,Microsoft-Windows-HotspotAuth/Analytic,WISPr Detection,Stop,ut:WISPrDetection,Windows 11,21H2,Pro,2021/12/14,22000.376,WISPr detection completed for interface {InterfaceGuid} with status ({WisprScenarioType}),{InterfaceGuid} | {WisprScenarioType}
2004,0,Information,Microsoft-Windows-HotspotAuth/Analytic,WISPr Detection,Stop,ut:WISPrDetection,Windows 11,21H2,Pro,2021/11/09,22000.318,WISPr detection completed for interface {InterfaceGuid} with status ({WisprScenarioType}),{InterfaceGuid} | {WisprScenarioType}
2004,0,Information,Microsoft-Windows-HotspotAuth/Analytic,WISPr Detection,Stop,ut:WISPrDetection,Windows 11,21H2,Pro,2021/09/16,22000.194,WISPr detection completed for interface {InterfaceGuid} with status ({WisprScenarioType}),{InterfaceGuid} | {WisprScenarioType}
2004,0,Information,Microsoft-Windows-HotspotAuth/Analytic,WISPr Detection,Stop,ut:WISPrDetection,Windows 11,21H2,Pro,2023/03/21,22000.1696,WISPr detection completed for interface {InterfaceGuid} with status ({WisprScenarioType}),{InterfaceGuid} | {WisprScenarioType}
2004,0,Information,Microsoft-Windows-HotspotAuth/Analytic,WISPr Detection,Stop,ut:WISPrDetection,Windows 11,21H2,Pro,2023/02/21,22000.1574,WISPr detection completed for interface {InterfaceGuid} with status ({WisprScenarioType}),{InterfaceGuid} | {WisprScenarioType}
2004,0,Information,Microsoft-Windows-HotspotAuth/Analytic,WISPr Detection,Stop,ut:WISPrDetection,Windows 11,21H2,Pro,2023/01/17,22000.1455,WISPr detection completed for interface {InterfaceGuid} with status ({WisprScenarioType}),{InterfaceGuid} | {WisprScenarioType}
2004,0,Information,Microsoft-Windows-HotspotAuth/Analytic,WISPr Detection,Stop,ut:WISPrDetection,Windows 11,21H2,Pro,2022/12/20,22000.1335,WISPr detection completed for interface {InterfaceGuid} with status ({WisprScenarioType}),{InterfaceGuid} | {WisprScenarioType}
2004,0,Information,Microsoft-Windows-HotspotAuth/Analytic,WISPr Detection,Stop,ut:WISPrDetection,Windows 11,21H2,Pro,2022/11/15,22000.1219,WISPr detection completed for interface {InterfaceGuid} with status ({WisprScenarioType}),{InterfaceGuid} | {WisprScenarioType}
2004,0,Information,Microsoft-Windows-HotspotAuth/Analytic,WISPr Detection,Stop,ut:WISPrDetection,Windows 11,21H2,Pro,2022/10/18,22000.1098,WISPr detection completed for interface {InterfaceGuid} with status ({WisprScenarioType}),{InterfaceGuid} | {WisprScenarioType}
2004,0,Information,Microsoft-Windows-HotspotAuth/Analytic,WISPr Detection,Stop,ut:WISPrDetection,Windows 11,21H2,Pro-Dev,1970/01/01,21996.1,WISPr detection completed for interface {InterfaceGuid} with status ({WisprScenarioType}),{InterfaceGuid} | {WisprScenarioType}
2004,0,Information,Microsoft-Windows-HotspotAuth/Analytic,WISPr Detection,Stop,ut:WISPrDetection,Windows 10,22H2,Pro,2023/03/21,19045.2728,WISPr detection completed for interface {InterfaceGuid} with status ({WisprScenarioType}),{InterfaceGuid} | {WisprScenarioType}
2004,0,Information,Microsoft-Windows-HotspotAuth/Analytic,WISPr Detection,Stop,ut:WISPrDetection,Windows 10,22H2,Pro,2023/02/21,19045.2604,WISPr detection completed for interface {InterfaceGuid} with status ({WisprScenarioType}),{InterfaceGuid} | {WisprScenarioType}
2004,0,Information,Microsoft-Windows-HotspotAuth/Analytic,WISPr Detection,Stop,ut:WISPrDetection,Windows 10,22H2,Pro,2023/01/17,19045.2486,WISPr detection completed for interface {InterfaceGuid} with status ({WisprScenarioType}),{InterfaceGuid} | {WisprScenarioType}
2004,0,Information,Microsoft-Windows-HotspotAuth/Analytic,WISPr Detection,Stop,ut:WISPrDetection,Windows 10,22H2,Pro,2022/12/20,19045.2364,WISPr detection completed for interface {InterfaceGuid} with status ({WisprScenarioType}),{InterfaceGuid} | {WisprScenarioType}
2004,0,Information,Microsoft-Windows-HotspotAuth/Analytic,WISPr Detection,Stop,ut:WISPrDetection,Windows 10,22H2,Pro,2022/11/15,19045.2251,WISPr detection completed for interface {InterfaceGuid} with status ({WisprScenarioType}),{InterfaceGuid} | {WisprScenarioType}
2004,0,Information,Microsoft-Windows-HotspotAuth/Analytic,WISPr Detection,Stop,ut:WISPrDetection,Windows 10,21H2,Pro,2023/03/21,19044.2728,WISPr detection completed for interface {InterfaceGuid} with status ({WisprScenarioType}),{InterfaceGuid} | {WisprScenarioType}
2004,0,Information,Microsoft-Windows-HotspotAuth/Analytic,WISPr Detection,Stop,ut:WISPrDetection,Windows 10,21H2,Pro,2023/02/21,19044.2604,WISPr detection completed for interface {InterfaceGuid} with status ({WisprScenarioType}),{InterfaceGuid} | {WisprScenarioType}
2004,0,Information,Microsoft-Windows-HotspotAuth/Analytic,WISPr Detection,Stop,ut:WISPrDetection,Windows 10,21H2,Pro,2023/01/17,19044.2486,WISPr detection completed for interface {InterfaceGuid} with status ({WisprScenarioType}),{InterfaceGuid} | {WisprScenarioType}
2004,0,Information,Microsoft-Windows-HotspotAuth/Analytic,WISPr Detection,Stop,ut:WISPrDetection,Windows 10,21H2,Pro,2022/12/20,19044.2364,WISPr detection completed for interface {InterfaceGuid} with status ({WisprScenarioType}),{InterfaceGuid} | {WisprScenarioType}
2004,0,Information,Microsoft-Windows-HotspotAuth/Analytic,WISPr Detection,Stop,ut:WISPrDetection,Windows 10,21H2,Pro,2022/11/15,19044.2251,WISPr detection completed for interface {InterfaceGuid} with status ({WisprScenarioType}),{InterfaceGuid} | {WisprScenarioType}
2004,0,Information,Microsoft-Windows-HotspotAuth/Analytic,WISPr Detection,Stop,ut:WISPrDetection,Windows 10,21H2,Pro,2022/10/18,19044.213,WISPr detection completed for interface {InterfaceGuid} with status ({WisprScenarioType}),{InterfaceGuid} | {WisprScenarioType}
2004,0,Information,Microsoft-Windows-HotspotAuth/Analytic,WISPr Detection,Stop,ut:WISPrDetection,Windows 10,21H2,Pro,2022/09/20,19044.2006,WISPr detection completed for interface {InterfaceGuid} with status ({WisprScenarioType}),{InterfaceGuid} | {WisprScenarioType}
2004,0,Information,Microsoft-Windows-HotspotAuth/Analytic,WISPr Detection,Stop,ut:WISPrDetection,Windows 10,21H2,Pro,2022/08/16,19044.1889,WISPr detection completed for interface {InterfaceGuid} with status ({WisprScenarioType}),{InterfaceGuid} | {WisprScenarioType}
2004,0,Information,Microsoft-Windows-HotspotAuth/Analytic,WISPr Detection,Stop,ut:WISPrDetection,Windows 10,21H2,Pro,2022/07/19,19044.1826,WISPr detection completed for interface {InterfaceGuid} with status ({WisprScenarioType}),{InterfaceGuid} | {WisprScenarioType}
2004,0,Information,Microsoft-Windows-HotspotAuth/Analytic,WISPr Detection,Stop,ut:WISPrDetection,Windows 10,21H2,Pro,2022/06/21,19044.1766,WISPr detection completed for interface {InterfaceGuid} with status ({WisprScenarioType}),{InterfaceGuid} | {WisprScenarioType}
2004,0,Information,Microsoft-Windows-HotspotAuth/Analytic,WISPr Detection,Stop,ut:WISPrDetection,Windows 10,21H2,Pro,2022/05/17,19044.1706,WISPr detection completed for interface {InterfaceGuid} with status ({WisprScenarioType}),{InterfaceGuid} | {WisprScenarioType}
2004,0,Information,Microsoft-Windows-HotspotAuth/Analytic,WISPr Detection,Stop,ut:WISPrDetection,Windows 10,21H2,Pro,2022/04/19,19044.1645,WISPr detection completed for interface {InterfaceGuid} with status ({WisprScenarioType}),{InterfaceGuid} | {WisprScenarioType}
2004,0,Information,Microsoft-Windows-HotspotAuth/Analytic,WISPr Detection,Stop,ut:WISPrDetection,Windows 10,21H2,Pro,2022/01/11,19044.1466,WISPr detection completed for interface {InterfaceGuid} with status ({WisprScenarioType}),{InterfaceGuid} | {WisprScenarioType}
2004,0,Information,Microsoft-Windows-HotspotAuth/Analytic,WISPr Detection,Stop,ut:WISPrDetection,Windows 10,21H2,Pro,2021/10/12,19044.1288,WISPr detection completed for interface {InterfaceGuid} with status ({WisprScenarioType}),{InterfaceGuid} | {WisprScenarioType}
2004,0,Information,Microsoft-Windows-HotspotAuth/Analytic,WISPr Detection,Stop,ut:WISPrDetection,Windows 10,21H1,Pro,2021/04/13,19043.928,WISPr detection completed for interface {InterfaceGuid} with status ({WisprScenarioType}),{InterfaceGuid} | {WisprScenarioType}
2004,0,Information,Microsoft-Windows-HotspotAuth/Analytic,WISPr Detection,Stop,ut:WISPrDetection,Windows 10,21H1,Pro,2022/12/20,19043.2364,WISPr detection completed for interface {InterfaceGuid} with status ({WisprScenarioType}),{InterfaceGuid} | {WisprScenarioType}
2004,0,Information,Microsoft-Windows-HotspotAuth/Analytic,WISPr Detection,Stop,ut:WISPrDetection,Windows 10,21H1,Pro,2022/11/15,19043.2251,WISPr detection completed for interface {InterfaceGuid} with status ({WisprScenarioType}),{InterfaceGuid} | {WisprScenarioType}
2004,0,Information,Microsoft-Windows-HotspotAuth/Analytic,WISPr Detection,Stop,ut:WISPrDetection,Windows 10,21H1,Pro,2022/10/18,19043.213,WISPr detection completed for interface {InterfaceGuid} with status ({WisprScenarioType}),{InterfaceGuid} | {WisprScenarioType}
2004,0,Information,Microsoft-Windows-HotspotAuth/Analytic,WISPr Detection,Stop,ut:WISPrDetection,Windows 10,21H1,Pro,2022/09/20,19043.2006,WISPr detection completed for interface {InterfaceGuid} with status ({WisprScenarioType}),{InterfaceGuid} | {WisprScenarioType}
2004,0,Information,Microsoft-Windows-HotspotAuth/Analytic,WISPr Detection,Stop,ut:WISPrDetection,Windows 10,21H1,Pro,2022/08/16,19043.1889,WISPr detection completed for interface {InterfaceGuid} with status ({WisprScenarioType}),{InterfaceGuid} | {WisprScenarioType}
2004,0,Information,Microsoft-Windows-HotspotAuth/Analytic,WISPr Detection,Stop,ut:WISPrDetection,Windows 10,21H1,Pro,2022/07/19,19043.1826,WISPr detection completed for interface {InterfaceGuid} with status ({WisprScenarioType}),{InterfaceGuid} | {WisprScenarioType}
2004,0,Information,Microsoft-Windows-HotspotAuth/Analytic,WISPr Detection,Stop,ut:WISPrDetection,Windows 10,21H1,Pro,2022/06/21,19043.1766,WISPr detection completed for interface {InterfaceGuid} with status ({WisprScenarioType}),{InterfaceGuid} | {WisprScenarioType}
2004,0,Information,Microsoft-Windows-HotspotAuth/Analytic,WISPr Detection,Stop,ut:WISPrDetection,Windows 10,21H1,Pro,2022/05/17,19043.1706,WISPr detection completed for interface {InterfaceGuid} with status ({WisprScenarioType}),{InterfaceGuid} | {WisprScenarioType}
2004,0,Information,Microsoft-Windows-HotspotAuth/Analytic,WISPr Detection,Stop,ut:WISPrDetection,Windows 10,21H1,Pro,2022/04/19,19043.1645,WISPr detection completed for interface {InterfaceGuid} with status ({WisprScenarioType}),{InterfaceGuid} | {WisprScenarioType}
2004,0,Information,Microsoft-Windows-HotspotAuth/Analytic,WISPr Detection,Stop,ut:WISPrDetection,Windows 10,21H1,Pro,2022/01/11,19043.1466,WISPr detection completed for interface {InterfaceGuid} with status ({WisprScenarioType}),{InterfaceGuid} | {WisprScenarioType}
2004,0,Information,Microsoft-Windows-HotspotAuth/Analytic,WISPr Detection,Stop,ut:WISPrDetection,Windows 10,21H1,Pro,2021/12/14,19043.1415,WISPr detection completed for interface {InterfaceGuid} with status ({WisprScenarioType}),{InterfaceGuid} | {WisprScenarioType}
2004,0,Information,Microsoft-Windows-HotspotAuth/Analytic,WISPr Detection,Stop,ut:WISPrDetection,Windows 10,21H2,Pro,2021/12/14,19043.1415,WISPr detection completed for interface {InterfaceGuid} with status ({WisprScenarioType}),{InterfaceGuid} | {WisprScenarioType}
2004,0,Information,Microsoft-Windows-HotspotAuth/Analytic,WISPr Detection,Stop,ut:WISPrDetection,Windows 10,21H1,Pro,2021/11/09,19043.1348,WISPr detection completed for interface {InterfaceGuid} with status ({WisprScenarioType}),{InterfaceGuid} | {WisprScenarioType}
2004,0,Information,Microsoft-Windows-HotspotAuth/Analytic,WISPr Detection,Stop,ut:WISPrDetection,Windows 10,21H1,Pro,2021/10/12,19043.1288,WISPr detection completed for interface {InterfaceGuid} with status ({WisprScenarioType}),{InterfaceGuid} | {WisprScenarioType}
2004,0,Information,Microsoft-Windows-HotspotAuth/Analytic,WISPr Detection,Stop,ut:WISPrDetection,Windows 10,21H1,Pro,2021/09/14,19043.1237,WISPr detection completed for interface {InterfaceGuid} with status ({WisprScenarioType}),{InterfaceGuid} | {WisprScenarioType}
2004,0,Information,Microsoft-Windows-HotspotAuth/Analytic,WISPr Detection,Stop,ut:WISPrDetection,Windows 10,21H1,Pro,2021/08/10,19043.1165,WISPr detection completed for interface {InterfaceGuid} with status ({WisprScenarioType}),{InterfaceGuid} | {WisprScenarioType}
2004,0,Information,Microsoft-Windows-HotspotAuth/Analytic,WISPr Detection,Stop,ut:WISPrDetection,Windows 10,21H1,Pro,2021/07/13,19043.111,WISPr detection completed for interface {InterfaceGuid} with status ({WisprScenarioType}),{InterfaceGuid} | {WisprScenarioType}
2004,0,Information,Microsoft-Windows-HotspotAuth/Analytic,WISPr Detection,Stop,ut:WISPrDetection,Windows 10,21H1,Pro,2021/06/08,19043.1052,WISPr detection completed for interface {InterfaceGuid} with status ({WisprScenarioType}),{InterfaceGuid} | {WisprScenarioType}
2004,0,Information,Microsoft-Windows-HotspotAuth/Analytic,WISPr Detection,Stop,ut:WISPrDetection,Windows 10,20H2,Pro,2022/04/19,19042.1645,WISPr detection completed for interface {InterfaceGuid} with status ({WisprScenarioType}),{InterfaceGuid} | {WisprScenarioType}
2004,0,Information,Microsoft-Windows-HotspotAuth/Analytic,WISPr Detection,Stop,ut:WISPrDetection,Windows 10,20H2,Pro,2022/01/11,19042.1466,WISPr detection completed for interface {InterfaceGuid} with status ({WisprScenarioType}),{InterfaceGuid} | {WisprScenarioType}
2004,0,Information,Microsoft-Windows-HotspotAuth/Analytic,WISPr Detection,Stop,ut:WISPrDetection,Windows 10,2004,Pro,2021/05/11,19041.985,WISPr detection completed for interface {InterfaceGuid} with status ({WisprScenarioType}),{InterfaceGuid} | {WisprScenarioType}
2004,0,Information,Microsoft-Windows-HotspotAuth/Analytic,WISPr Detection,Stop,ut:WISPrDetection,Windows 10,20H2,Pro,2021/05/11,19041.985,WISPr detection completed for interface {InterfaceGuid} with status ({WisprScenarioType}),{InterfaceGuid} | {WisprScenarioType}
2004,0,Information,Microsoft-Windows-HotspotAuth/Analytic,WISPr Detection,Stop,ut:WISPrDetection,Windows 10,2004,Pro,2021/04/13,19041.928,WISPr detection completed for interface {InterfaceGuid} with status ({WisprScenarioType}),{InterfaceGuid} | {WisprScenarioType}
2004,0,Information,Microsoft-Windows-HotspotAuth/Analytic,WISPr Detection,Stop,ut:WISPrDetection,Windows 10,20H2,Pro,2021/04/13,19041.928,WISPr detection completed for interface {InterfaceGuid} with status ({WisprScenarioType}),{InterfaceGuid} | {WisprScenarioType}
2004,0,Information,Microsoft-Windows-HotspotAuth/Analytic,WISPr Detection,Stop,ut:WISPrDetection,Windows 10,2004,Pro,2021/03/09,19041.867,WISPr detection completed for interface {InterfaceGuid} with status ({WisprScenarioType}),{InterfaceGuid} | {WisprScenarioType}
2004,0,Information,Microsoft-Windows-HotspotAuth/Analytic,WISPr Detection,Stop,ut:WISPrDetection,Windows 10,20H2,Pro,2021/03/09,19041.867,WISPr detection completed for interface {InterfaceGuid} with status ({WisprScenarioType}),{InterfaceGuid} | {WisprScenarioType}
2004,0,Information,Microsoft-Windows-HotspotAuth/Analytic,WISPr Detection,Stop,ut:WISPrDetection,Windows 10,2004,Pro,2021/02/09,19041.804,WISPr detection completed for interface {InterfaceGuid} with status ({WisprScenarioType}),{InterfaceGuid} | {WisprScenarioType}
2004,0,Information,Microsoft-Windows-HotspotAuth/Analytic,WISPr Detection,Stop,ut:WISPrDetection,Windows 10,20H2,Pro,2021/02/09,19041.804,WISPr detection completed for interface {InterfaceGuid} with status ({WisprScenarioType}),{InterfaceGuid} | {WisprScenarioType}
2004,0,Information,Microsoft-Windows-HotspotAuth/Analytic,WISPr Detection,Stop,ut:WISPrDetection,Windows 10,2004,Pro,2021/01/12,19041.746,WISPr detection completed for interface {InterfaceGuid} with status ({WisprScenarioType}),{InterfaceGuid} | {WisprScenarioType}
2004,0,Information,Microsoft-Windows-HotspotAuth/Analytic,WISPr Detection,Stop,ut:WISPrDetection,Windows 10,20H2,Pro,2021/01/12,19041.746,WISPr detection completed for interface {InterfaceGuid} with status ({WisprScenarioType}),{InterfaceGuid} | {WisprScenarioType}
2004,0,Information,Microsoft-Windows-HotspotAuth/Analytic,WISPr Detection,Stop,ut:WISPrDetection,Windows 10,2004,Pro,2020/12/08,19041.685,WISPr detection completed for interface {InterfaceGuid} with status ({WisprScenarioType}),{InterfaceGuid} | {WisprScenarioType}
2004,0,Information,Microsoft-Windows-HotspotAuth/Analytic,WISPr Detection,Stop,ut:WISPrDetection,Windows 10,20H2,Pro,2020/12/08,19041.685,WISPr detection completed for interface {InterfaceGuid} with status ({WisprScenarioType}),{InterfaceGuid} | {WisprScenarioType}
2004,0,Information,Microsoft-Windows-HotspotAuth/Analytic,WISPr Detection,Stop,ut:WISPrDetection,Windows 10,20H2,Pro,2020/11/19,19041.631,WISPr detection completed for interface {InterfaceGuid} with status ({WisprScenarioType}),{InterfaceGuid} | {WisprScenarioType}
2004,0,Information,Microsoft-Windows-HotspotAuth/Analytic,WISPr Detection,Stop,ut:WISPrDetection,Windows 10,2004,Pro,2020/11/10,19041.63,WISPr detection completed for interface {InterfaceGuid} with status ({WisprScenarioType}),{InterfaceGuid} | {WisprScenarioType}
2004,0,Information,Microsoft-Windows-HotspotAuth/Analytic,WISPr Detection,Stop,ut:WISPrDetection,Windows 10,2004,Pro,2020/10/13,19041.572,WISPr detection completed for interface {InterfaceGuid} with status ({WisprScenarioType}),{InterfaceGuid} | {WisprScenarioType}
2004,0,Information,Microsoft-Windows-HotspotAuth/Analytic,WISPr Detection,Stop,ut:WISPrDetection,Windows 10,2004,Pro,2020/09/08,19041.508,WISPr detection completed for interface {InterfaceGuid} with status ({WisprScenarioType}),{InterfaceGuid} | {WisprScenarioType}
2004,0,Information,Microsoft-Windows-HotspotAuth/Analytic,WISPr Detection,Stop,ut:WISPrDetection,Windows 10,2004,Pro,2020/08/11,19041.45,WISPr detection completed for interface {InterfaceGuid} with status ({WisprScenarioType}),{InterfaceGuid} | {WisprScenarioType}
2004,0,Information,Microsoft-Windows-HotspotAuth/Analytic,WISPr Detection,Stop,ut:WISPrDetection,Windows 10,2004,Pro,2020/07/14,19041.388,WISPr detection completed for interface {InterfaceGuid} with status ({WisprScenarioType}),{InterfaceGuid} | {WisprScenarioType}
2004,0,Information,Microsoft-Windows-HotspotAuth/Analytic,WISPr Detection,Stop,ut:WISPrDetection,Windows 10,2004,Pro,2020/06/09,19041.329,WISPr detection completed for interface {InterfaceGuid} with status ({WisprScenarioType}),{InterfaceGuid} | {WisprScenarioType}
2004,0,Information,Microsoft-Windows-HotspotAuth/Analytic,WISPr Detection,Stop,ut:WISPrDetection,Windows 10,2004,Pro,2020/05/27,19041.264,WISPr detection completed for interface {InterfaceGuid} with status ({WisprScenarioType}),{InterfaceGuid} | {WisprScenarioType}
2004,0,Information,Microsoft-Windows-HotspotAuth/Analytic,WISPr Detection,Stop,ut:WISPrDetection,Windows 10,2004,Pro,2020/04/16,19041.208,WISPr detection completed for interface {InterfaceGuid} with status ({WisprScenarioType}),{InterfaceGuid} | {WisprScenarioType}
2004,0,Information,Microsoft-Windows-HotspotAuth/Analytic,WISPr Detection,Stop,ut:WISPrDetection,Windows 10,21H1,Pro,2022/03/15,19041.1586,WISPr detection completed for interface {InterfaceGuid} with status ({WisprScenarioType}),{InterfaceGuid} | {WisprScenarioType}
2004,0,Information,Microsoft-Windows-HotspotAuth/Analytic,WISPr Detection,Stop,ut:WISPrDetection,Windows 10,20H2,Pro,2022/03/15,19041.1586,WISPr detection completed for interface {InterfaceGuid} with status ({WisprScenarioType}),{InterfaceGuid} | {WisprScenarioType}
2004,0,Information,Microsoft-Windows-HotspotAuth/Analytic,WISPr Detection,Stop,ut:WISPrDetection,Windows 10,21H2,Pro,2022/03/15,19041.1586,WISPr detection completed for interface {InterfaceGuid} with status ({WisprScenarioType}),{InterfaceGuid} | {WisprScenarioType}
2004,0,Information,Microsoft-Windows-HotspotAuth/Analytic,WISPr Detection,Stop,ut:WISPrDetection,Windows 10,21H1,Pro,2022/02/15,19041.1526,WISPr detection completed for interface {InterfaceGuid} with status ({WisprScenarioType}),{InterfaceGuid} | {WisprScenarioType}
2004,0,Information,Microsoft-Windows-HotspotAuth/Analytic,WISPr Detection,Stop,ut:WISPrDetection,Windows 10,20H2,Pro,2022/02/15,19041.1526,WISPr detection completed for interface {InterfaceGuid} with status ({WisprScenarioType}),{InterfaceGuid} | {WisprScenarioType}
2004,0,Information,Microsoft-Windows-HotspotAuth/Analytic,WISPr Detection,Stop,ut:WISPrDetection,Windows 10,21H2,Pro,2022/02/15,19041.1526,WISPr detection completed for interface {InterfaceGuid} with status ({WisprScenarioType}),{InterfaceGuid} | {WisprScenarioType}
2004,0,Information,Microsoft-Windows-HotspotAuth/Analytic,WISPr Detection,Stop,ut:WISPrDetection,Windows 10,20H2,Pro,2021/12/14,19041.1415,WISPr detection completed for interface {InterfaceGuid} with status ({WisprScenarioType}),{InterfaceGuid} | {WisprScenarioType}
2004,0,Information,Microsoft-Windows-HotspotAuth/Analytic,WISPr Detection,Stop,ut:WISPrDetection,Windows 10,2004,Pro,2021/11/09,19041.1348,WISPr detection completed for interface {InterfaceGuid} with status ({WisprScenarioType}),{InterfaceGuid} | {WisprScenarioType}
2004,0,Information,Microsoft-Windows-HotspotAuth/Analytic,WISPr Detection,Stop,ut:WISPrDetection,Windows 10,20H2,Pro,2021/11/09,19041.1348,WISPr detection completed for interface {InterfaceGuid} with status ({WisprScenarioType}),{InterfaceGuid} | {WisprScenarioType}
2004,0,Information,Microsoft-Windows-HotspotAuth/Analytic,WISPr Detection,Stop,ut:WISPrDetection,Windows 10,2004,Pro,2021/10/12,19041.1288,WISPr detection completed for interface {InterfaceGuid} with status ({WisprScenarioType}),{InterfaceGuid} | {WisprScenarioType}
2004,0,Information,Microsoft-Windows-HotspotAuth/Analytic,WISPr Detection,Stop,ut:WISPrDetection,Windows 10,20H2,Pro,2021/10/12,19041.1288,WISPr detection completed for interface {InterfaceGuid} with status ({WisprScenarioType}),{InterfaceGuid} | {WisprScenarioType}
2004,0,Information,Microsoft-Windows-HotspotAuth/Analytic,WISPr Detection,Stop,ut:WISPrDetection,Windows 10,2004,Pro,2021/09/14,19041.1237,WISPr detection completed for interface {InterfaceGuid} with status ({WisprScenarioType}),{InterfaceGuid} | {WisprScenarioType}
2004,0,Information,Microsoft-Windows-HotspotAuth/Analytic,WISPr Detection,Stop,ut:WISPrDetection,Windows 10,20H2,Pro,2021/09/14,19041.1237,WISPr detection completed for interface {InterfaceGuid} with status ({WisprScenarioType}),{InterfaceGuid} | {WisprScenarioType}
2004,0,Information,Microsoft-Windows-HotspotAuth/Analytic,WISPr Detection,Stop,ut:WISPrDetection,Windows 10,2004,Pro,2021/08/10,19041.1165,WISPr detection completed for interface {InterfaceGuid} with status ({WisprScenarioType}),{InterfaceGuid} | {WisprScenarioType}
2004,0,Information,Microsoft-Windows-HotspotAuth/Analytic,WISPr Detection,Stop,ut:WISPrDetection,Windows 10,20H2,Pro,2021/08/10,19041.1165,WISPr detection completed for interface {InterfaceGuid} with status ({WisprScenarioType}),{InterfaceGuid} | {WisprScenarioType}
2004,0,Information,Microsoft-Windows-HotspotAuth/Analytic,WISPr Detection,Stop,ut:WISPrDetection,Windows 10,2004,Pro,2021/07/13,19041.111,WISPr detection completed for interface {InterfaceGuid} with status ({WisprScenarioType}),{InterfaceGuid} | {WisprScenarioType}
2004,0,Information,Microsoft-Windows-HotspotAuth/Analytic,WISPr Detection,Stop,ut:WISPrDetection,Windows 10,20H2,Pro,2021/07/13,19041.111,WISPr detection completed for interface {InterfaceGuid} with status ({WisprScenarioType}),{InterfaceGuid} | {WisprScenarioType}
2004,0,Information,Microsoft-Windows-HotspotAuth/Analytic,WISPr Detection,Stop,ut:WISPrDetection,Windows 10,2004,Pro,2021/06/08,19041.1052,WISPr detection completed for interface {InterfaceGuid} with status ({WisprScenarioType}),{InterfaceGuid} | {WisprScenarioType}
2004,0,Information,Microsoft-Windows-HotspotAuth/Analytic,WISPr Detection,Stop,ut:WISPrDetection,Windows 10,20H2,Pro,2021/06/08,19041.1052,WISPr detection completed for interface {InterfaceGuid} with status ({WisprScenarioType}),{InterfaceGuid} | {WisprScenarioType}
2004,0,Information,Microsoft-Windows-HotspotAuth/Analytic,WISPr Detection,Stop,ut:WISPrDetection,Windows 10,1909,Pro,2020/07/14,18363.959,WISPr detection completed for interface {InterfaceGuid} with status ({WisprScenarioType}),{InterfaceGuid} | {WisprScenarioType}
2004,0,Information,Microsoft-Windows-HotspotAuth/Analytic,WISPr Detection,Stop,ut:WISPrDetection,Windows 10,1909,Pro,2020/06/09,18363.9,WISPr detection completed for interface {InterfaceGuid} with status ({WisprScenarioType}),{InterfaceGuid} | {WisprScenarioType}
2004,0,Information,Microsoft-Windows-HotspotAuth/Analytic,WISPr Detection,Stop,ut:WISPrDetection,Windows 10,1909,Pro,2020/05/12,18363.836,WISPr detection completed for interface {InterfaceGuid} with status ({WisprScenarioType}),{InterfaceGuid} | {WisprScenarioType}
2004,0,Information,Microsoft-Windows-HotspotAuth/Analytic,WISPr Detection,Stop,ut:WISPrDetection,Windows 10,1909,Pro,2020/04/14,18363.778,WISPr detection completed for interface {InterfaceGuid} with status ({WisprScenarioType}),{InterfaceGuid} | {WisprScenarioType}
2004,0,Information,Microsoft-Windows-HotspotAuth/Analytic,WISPr Detection,Stop,ut:WISPrDetection,Windows 10,1909,Pro,2020/03/12,18363.72,WISPr detection completed for interface {InterfaceGuid} with status ({WisprScenarioType}),{InterfaceGuid} | {WisprScenarioType}
2004,0,Information,Microsoft-Windows-HotspotAuth/Analytic,WISPr Detection,Stop,ut:WISPrDetection,Windows 10,1909,Pro,2020/02/11,18363.657,WISPr detection completed for interface {InterfaceGuid} with status ({WisprScenarioType}),{InterfaceGuid} | {WisprScenarioType}
2004,0,Information,Microsoft-Windows-HotspotAuth/Analytic,WISPr Detection,Stop,ut:WISPrDetection,Windows 10,1909,Pro,2020/01/14,18363.592,WISPr detection completed for interface {InterfaceGuid} with status ({WisprScenarioType}),{InterfaceGuid} | {WisprScenarioType}
2004,0,Information,Microsoft-Windows-HotspotAuth/Analytic,WISPr Detection,Stop,ut:WISPrDetection,Windows 10,1909,Pro,2019/12/10,18363.535,WISPr detection completed for interface {InterfaceGuid} with status ({WisprScenarioType}),{InterfaceGuid} | {WisprScenarioType}
2004,0,Information,Microsoft-Windows-HotspotAuth/Analytic,WISPr Detection,Stop,ut:WISPrDetection,Windows 10,1909,Pro,2019/10/05,18363.418,WISPr detection completed for interface {InterfaceGuid} with status ({WisprScenarioType}),{InterfaceGuid} | {WisprScenarioType}
2004,0,Information,Microsoft-Windows-HotspotAuth/Analytic,WISPr Detection,Stop,ut:WISPrDetection,Windows 10,1909,Pro,2021/06/08,18363.1621,WISPr detection completed for interface {InterfaceGuid} with status ({WisprScenarioType}),{InterfaceGuid} | {WisprScenarioType}
2004,0,Information,Microsoft-Windows-HotspotAuth/Analytic,WISPr Detection,Stop,ut:WISPrDetection,Windows 10,1909,Pro,2021/05/11,18363.1556,WISPr detection completed for interface {InterfaceGuid} with status ({WisprScenarioType}),{InterfaceGuid} | {WisprScenarioType}
2004,0,Information,Microsoft-Windows-HotspotAuth/Analytic,WISPr Detection,Stop,ut:WISPrDetection,Windows 10,1909,Pro,2021/04/13,18363.15,WISPr detection completed for interface {InterfaceGuid} with status ({WisprScenarioType}),{InterfaceGuid} | {WisprScenarioType}
2004,0,Information,Microsoft-Windows-HotspotAuth/Analytic,WISPr Detection,Stop,ut:WISPrDetection,Windows 10,1909,Pro,2021/03/09,18363.144,WISPr detection completed for interface {InterfaceGuid} with status ({WisprScenarioType}),{InterfaceGuid} | {WisprScenarioType}
2004,0,Information,Microsoft-Windows-HotspotAuth/Analytic,WISPr Detection,Stop,ut:WISPrDetection,Windows 10,1909,Pro,2021/02/11,18363.1379,WISPr detection completed for interface {InterfaceGuid} with status ({WisprScenarioType}),{InterfaceGuid} | {WisprScenarioType}
2004,0,Information,Microsoft-Windows-HotspotAuth/Analytic,WISPr Detection,Stop,ut:WISPrDetection,Windows 10,1909,Pro,2021/01/12,18363.1316,WISPr detection completed for interface {InterfaceGuid} with status ({WisprScenarioType}),{InterfaceGuid} | {WisprScenarioType}
2004,0,Information,Microsoft-Windows-HotspotAuth/Analytic,WISPr Detection,Stop,ut:WISPrDetection,Windows 10,1909,Pro,2020/12/08,18363.1256,WISPr detection completed for interface {InterfaceGuid} with status ({WisprScenarioType}),{InterfaceGuid} | {WisprScenarioType}
2004,0,Information,Microsoft-Windows-HotspotAuth/Analytic,WISPr Detection,Stop,ut:WISPrDetection,Windows 10,1909,Pro,2020/11/10,18363.1198,WISPr detection completed for interface {InterfaceGuid} with status ({WisprScenarioType}),{InterfaceGuid} | {WisprScenarioType}
2004,0,Information,Microsoft-Windows-HotspotAuth/Analytic,WISPr Detection,Stop,ut:WISPrDetection,Windows 10,1909,Pro,2020/10/13,18363.1139,WISPr detection completed for interface {InterfaceGuid} with status ({WisprScenarioType}),{InterfaceGuid} | {WisprScenarioType}
2004,0,Information,Microsoft-Windows-HotspotAuth/Analytic,WISPr Detection,Stop,ut:WISPrDetection,Windows 10,1909,Pro,2020/09/08,18363.1082,WISPr detection completed for interface {InterfaceGuid} with status ({WisprScenarioType}),{InterfaceGuid} | {WisprScenarioType}
2004,0,Information,Microsoft-Windows-HotspotAuth/Analytic,WISPr Detection,Stop,ut:WISPrDetection,Windows 10,1909,Pro,2020/08/11,18363.1016,WISPr detection completed for interface {InterfaceGuid} with status ({WisprScenarioType}),{InterfaceGuid} | {WisprScenarioType}
2004,0,Information,Microsoft-Windows-HotspotAuth/Analytic,WISPr Detection,Stop,ut:WISPrDetection,Windows 10,1903,Pro,2020/07/14,18362.959,WISPr detection completed for interface {InterfaceGuid} with status ({WisprScenarioType}),{InterfaceGuid} | {WisprScenarioType}
2004,0,Information,Microsoft-Windows-HotspotAuth/Analytic,WISPr Detection,Stop,ut:WISPrDetection,Windows 10,1903,Pro,2020/05/12,18362.836,WISPr detection completed for interface {InterfaceGuid} with status ({WisprScenarioType}),{InterfaceGuid} | {WisprScenarioType}
2004,0,Information,Microsoft-Windows-HotspotAuth/Analytic,WISPr Detection,Stop,ut:WISPrDetection,Windows 10,1903,Pro,2020/03/12,18362.72,WISPr detection completed for interface {InterfaceGuid} with status ({WisprScenarioType}),{InterfaceGuid} | {WisprScenarioType}
2004,0,Information,Microsoft-Windows-HotspotAuth/Analytic,WISPr Detection,Stop,ut:WISPrDetection,Windows 10,1903,Pro,2020/02/11,18362.657,WISPr detection completed for interface {InterfaceGuid} with status ({WisprScenarioType}),{InterfaceGuid} | {WisprScenarioType}
2004,0,Information,Microsoft-Windows-HotspotAuth/Analytic,WISPr Detection,Stop,ut:WISPrDetection,Windows 10,1903,Pro,2019/12/10,18362.535,WISPr detection completed for interface {InterfaceGuid} with status ({WisprScenarioType}),{InterfaceGuid} | {WisprScenarioType}
2004,0,Information,Microsoft-Windows-HotspotAuth/Analytic,WISPr Detection,Stop,ut:WISPrDetection,Windows 10,1903,Pro,2019/11/12,18362.476,WISPr detection completed for interface {InterfaceGuid} with status ({WisprScenarioType}),{InterfaceGuid} | {WisprScenarioType}
2004,0,Information,Microsoft-Windows-HotspotAuth/Analytic,WISPr Detection,Stop,ut:WISPrDetection,Windows 10,1903,Pro,2019/09/10,18362.356,WISPr detection completed for interface {InterfaceGuid} with status ({WisprScenarioType}),{InterfaceGuid} | {WisprScenarioType}
2004,0,Information,Microsoft-Windows-HotspotAuth/Analytic,WISPr Detection,Stop,ut:WISPrDetection,Windows 10,1903,Pro,2019/03/29,18362.3,WISPr detection completed for interface {InterfaceGuid} with status ({WisprScenarioType}),{InterfaceGuid} | {WisprScenarioType}
2004,0,Information,Microsoft-Windows-HotspotAuth/Analytic,WISPr Detection,Stop,ut:WISPrDetection,Windows 10,1903,Pro,2019/07/09,18362.239,WISPr detection completed for interface {InterfaceGuid} with status ({WisprScenarioType}),{InterfaceGuid} | {WisprScenarioType}
2004,0,Information,Microsoft-Windows-HotspotAuth/Analytic,WISPr Detection,Stop,ut:WISPrDetection,Windows 10,1903,Pro,2019/06/11,18362.175,WISPr detection completed for interface {InterfaceGuid} with status ({WisprScenarioType}),{InterfaceGuid} | {WisprScenarioType}
2004,0,Information,Microsoft-Windows-HotspotAuth/Analytic,WISPr Detection,Stop,ut:WISPrDetection,Windows 10,1903,Pro,2020/12/08,18362.1256,WISPr detection completed for interface {InterfaceGuid} with status ({WisprScenarioType}),{InterfaceGuid} | {WisprScenarioType}
2004,0,Information,Microsoft-Windows-HotspotAuth/Analytic,WISPr Detection,Stop,ut:WISPrDetection,Windows 10,1903,Pro,2020/11/10,18362.1198,WISPr detection completed for interface {InterfaceGuid} with status ({WisprScenarioType}),{InterfaceGuid} | {WisprScenarioType}
2004,0,Information,Microsoft-Windows-HotspotAuth/Analytic,WISPr Detection,Stop,ut:WISPrDetection,Windows 10,1903,Pro,2020/10/13,18362.1139,WISPr detection completed for interface {InterfaceGuid} with status ({WisprScenarioType}),{InterfaceGuid} | {WisprScenarioType}
2004,0,Information,Microsoft-Windows-HotspotAuth/Analytic,WISPr Detection,Stop,ut:WISPrDetection,Windows 10,1903,Pro,2020/09/08,18362.1082,WISPr detection completed for interface {InterfaceGuid} with status ({WisprScenarioType}),{InterfaceGuid} | {WisprScenarioType}
2004,0,Information,Microsoft-Windows-HotspotAuth/Analytic,WISPr Detection,Stop,ut:WISPrDetection,Windows 10,1903,Pro,2019/12/10,18362.1016,WISPr detection completed for interface {InterfaceGuid} with status ({WisprScenarioType}),{InterfaceGuid} | {WisprScenarioType}
2004,0,Information,Microsoft-Windows-HotspotAuth/Analytic,WISPr Detection,Stop,ut:WISPrDetection,Windows 10,1809,Pro,2020/01/14,17763.973,WISPr detection completed for interface {InterfaceGuid} with status ({WisprScenarioType}),{InterfaceGuid} | {WisprScenarioType}
2004,0,Information,Microsoft-Windows-HotspotAuth/Analytic,WISPr Detection,Stop,ut:WISPrDetection,Windows 10,1809,Pro,2019/12/10,17763.914,WISPr detection completed for interface {InterfaceGuid} with status ({WisprScenarioType}),{InterfaceGuid} | {WisprScenarioType}
2004,0,Information,Microsoft-Windows-HotspotAuth/Analytic,WISPr Detection,Stop,ut:WISPrDetection,Windows 10,1809,Pro,2019/11/12,17763.864,WISPr detection completed for interface {InterfaceGuid} with status ({WisprScenarioType}),{InterfaceGuid} | {WisprScenarioType}
2004,0,Information,Microsoft-Windows-HotspotAuth/Analytic,WISPr Detection,Stop,ut:WISPrDetection,Windows 10,1809,Pro,2019/10/08,17763.805,WISPr detection completed for interface {InterfaceGuid} with status ({WisprScenarioType}),{InterfaceGuid} | {WisprScenarioType}
2004,0,Information,Microsoft-Windows-HotspotAuth/Analytic,WISPr Detection,Stop,ut:WISPrDetection,Windows 10,1809,Pro,2019/09/10,17763.737,WISPr detection completed for interface {InterfaceGuid} with status ({WisprScenarioType}),{InterfaceGuid} | {WisprScenarioType}
2004,0,Information,Microsoft-Windows-HotspotAuth/Analytic,WISPr Detection,Stop,ut:WISPrDetection,Windows 10,1809,Pro,2019/08/13,17763.678,WISPr detection completed for interface {InterfaceGuid} with status ({WisprScenarioType}),{InterfaceGuid} | {WisprScenarioType}
2004,0,Information,Microsoft-Windows-HotspotAuth/Analytic,WISPr Detection,Stop,ut:WISPrDetection,Windows 10,1809,Pro,2019/07/09,17763.615,WISPr detection completed for interface {InterfaceGuid} with status ({WisprScenarioType}),{InterfaceGuid} | {WisprScenarioType}
2004,0,Information,Microsoft-Windows-HotspotAuth/Analytic,WISPr Detection,Stop,ut:WISPrDetection,Windows 10,1809,Pro,2019/06/11,17763.557,WISPr detection completed for interface {InterfaceGuid} with status ({WisprScenarioType}),{InterfaceGuid} | {WisprScenarioType}
2004,0,Information,Microsoft-Windows-HotspotAuth/Analytic,WISPr Detection,Stop,ut:WISPrDetection,Windows 10,1809,Pro,2019/05/19,17763.504,WISPr detection completed for interface {InterfaceGuid} with status ({WisprScenarioType}),{InterfaceGuid} | {WisprScenarioType}
2004,0,Information,Microsoft-Windows-HotspotAuth/Analytic,WISPr Detection,Stop,ut:WISPrDetection,Windows 10,1809,Pro,2019/04/09,17763.437,WISPr detection completed for interface {InterfaceGuid} with status ({WisprScenarioType}),{InterfaceGuid} | {WisprScenarioType}
2004,0,Information,Microsoft-Windows-HotspotAuth/Analytic,WISPr Detection,Stop,ut:WISPrDetection,Windows 10,1809,Pro,2019/03/12,17763.379,WISPr detection completed for interface {InterfaceGuid} with status ({WisprScenarioType}),{InterfaceGuid} | {WisprScenarioType}
2004,0,Information,Microsoft-Windows-HotspotAuth/Analytic,WISPr Detection,Stop,ut:WISPrDetection,Windows 10,1809,Pro,2019/02/12,17763.316,WISPr detection completed for interface {InterfaceGuid} with status ({WisprScenarioType}),{InterfaceGuid} | {WisprScenarioType}
2004,0,Information,Microsoft-Windows-HotspotAuth/Analytic,WISPr Detection,Stop,ut:WISPrDetection,Windows 10,1803,Pro,2019/01/08,17763.253,WISPr detection completed for interface {InterfaceGuid} with status ({WisprScenarioType}),{InterfaceGuid} | {WisprScenarioType}
2004,0,Information,Microsoft-Windows-HotspotAuth/Analytic,WISPr Detection,Stop,ut:WISPrDetection,Windows 10,1809,Pro,2018/12/11,17763.194,WISPr detection completed for interface {InterfaceGuid} with status ({WisprScenarioType}),{InterfaceGuid} | {WisprScenarioType}
2004,0,Information,Microsoft-Windows-HotspotAuth/Analytic,WISPr Detection,Stop,ut:WISPrDetection,Windows 10,1809,Pro,2020/11/10,17763.1577,WISPr detection completed for interface {InterfaceGuid} with status ({WisprScenarioType}),{InterfaceGuid} | {WisprScenarioType}
2004,0,Information,Microsoft-Windows-HotspotAuth/Analytic,WISPr Detection,Stop,ut:WISPrDetection,Windows 10,1809,Pro,2020/10/13,17763.1518,WISPr detection completed for interface {InterfaceGuid} with status ({WisprScenarioType}),{InterfaceGuid} | {WisprScenarioType}
2004,0,Information,Microsoft-Windows-HotspotAuth/Analytic,WISPr Detection,Stop,ut:WISPrDetection,Windows 10,1809,Pro,2020/09/08,17763.1457,WISPr detection completed for interface {InterfaceGuid} with status ({WisprScenarioType}),{InterfaceGuid} | {WisprScenarioType}
2004,0,Information,Microsoft-Windows-HotspotAuth/Analytic,WISPr Detection,Stop,ut:WISPrDetection,Windows 10,1809,Pro,2020/08/11,17763.1397,WISPr detection completed for interface {InterfaceGuid} with status ({WisprScenarioType}),{InterfaceGuid} | {WisprScenarioType}
2004,0,Information,Microsoft-Windows-HotspotAuth/Analytic,WISPr Detection,Stop,ut:WISPrDetection,Windows 10,1809,Pro,2020/07/14,17763.1339,WISPr detection completed for interface {InterfaceGuid} with status ({WisprScenarioType}),{InterfaceGuid} | {WisprScenarioType}
2004,0,Information,Microsoft-Windows-HotspotAuth/Analytic,WISPr Detection,Stop,ut:WISPrDetection,Windows 10,1809,Pro,2020/06/09,17763.1282,WISPr detection completed for interface {InterfaceGuid} with status ({WisprScenarioType}),{InterfaceGuid} | {WisprScenarioType}
2004,0,Information,Microsoft-Windows-HotspotAuth/Analytic,WISPr Detection,Stop,ut:WISPrDetection,Windows 10,1809,Pro,2020/05/12,17763.1217,WISPr detection completed for interface {InterfaceGuid} with status ({WisprScenarioType}),{InterfaceGuid} | {WisprScenarioType}
2004,0,Information,Microsoft-Windows-HotspotAuth/Analytic,WISPr Detection,Stop,ut:WISPrDetection,Windows 10,1809,Pro,2020/04/14,17763.1158,WISPr detection completed for interface {InterfaceGuid} with status ({WisprScenarioType}),{InterfaceGuid} | {WisprScenarioType}
2004,0,Information,Microsoft-Windows-HotspotAuth/Analytic,WISPr Detection,Stop,ut:WISPrDetection,Windows 10,1809,Pro,2020/03/12,17763.1098,WISPr detection completed for interface {InterfaceGuid} with status ({WisprScenarioType}),{InterfaceGuid} | {WisprScenarioType}
2004,0,Information,Microsoft-Windows-HotspotAuth/Analytic,WISPr Detection,Stop,ut:WISPrDetection,Windows 10,1809,Pro,2018/11/13,17763.107,WISPr detection completed for interface {InterfaceGuid} with status ({WisprScenarioType}),{InterfaceGuid} | {WisprScenarioType}
2004,0,Information,Microsoft-Windows-HotspotAuth/Analytic,WISPr Detection,Stop,ut:WISPrDetection,Windows 10,1809,Pro,2020/02/11,17763.1039,WISPr detection completed for interface {InterfaceGuid} with status ({WisprScenarioType}),{InterfaceGuid} | {WisprScenarioType}
2004,0,Information,Microsoft-Windows-HotspotAuth/Analytic,WISPr Detection,Stop,ut:WISPrDetection,Windows 10,1803,Pro,2019/08/13,17134.95,WISPr detection completed for interface {InterfaceGuid} with status ({WisprScenarioType}),{InterfaceGuid} | {WisprScenarioType}
2004,0,Information,Microsoft-Windows-HotspotAuth/Analytic,WISPr Detection,Stop,ut:WISPrDetection,Windows 10,1803,Pro,2019/07/09,17134.885,WISPr detection completed for interface {InterfaceGuid} with status ({WisprScenarioType}),{InterfaceGuid} | {WisprScenarioType}
2004,0,Information,Microsoft-Windows-HotspotAuth/Analytic,WISPr Detection,Stop,ut:WISPrDetection,Windows 10,1803,Pro,2019/06/11,17134.829,WISPr detection completed for interface {InterfaceGuid} with status ({WisprScenarioType}),{InterfaceGuid} | {WisprScenarioType}
2004,0,Information,Microsoft-Windows-HotspotAuth/Analytic,WISPr Detection,Stop,ut:WISPrDetection,Windows 10,1803,Pro,2019/05/19,17134.766,WISPr detection completed for interface {InterfaceGuid} with status ({WisprScenarioType}),{InterfaceGuid} | {WisprScenarioType}
2004,0,Information,Microsoft-Windows-HotspotAuth/Analytic,WISPr Detection,Stop,ut:WISPrDetection,Windows 10,1803,Pro,2019/04/09,17134.706,WISPr detection completed for interface {InterfaceGuid} with status ({WisprScenarioType}),{InterfaceGuid} | {WisprScenarioType}
2004,0,Information,Microsoft-Windows-HotspotAuth/Analytic,WISPr Detection,Stop,ut:WISPrDetection,Windows 10,1803,Pro,2019/03/12,17134.648,WISPr detection completed for interface {InterfaceGuid} with status ({WisprScenarioType}),{InterfaceGuid} | {WisprScenarioType}
2004,0,Information,Microsoft-Windows-HotspotAuth/Analytic,WISPr Detection,Stop,ut:WISPrDetection,Windows 10,1803,Pro,2019/01/08,17134.523,WISPr detection completed for interface {InterfaceGuid} with status ({WisprScenarioType}),{InterfaceGuid} | {WisprScenarioType}
2004,0,Information,Microsoft-Windows-HotspotAuth/Analytic,WISPr Detection,Stop,ut:WISPrDetection,Windows 10,1803,Pro,2018/09/11,17134.285,WISPr detection completed for interface {InterfaceGuid} with status ({WisprScenarioType}),{InterfaceGuid} | {WisprScenarioType}
2004,0,Information,Microsoft-Windows-HotspotAuth/Analytic,WISPr Detection,Stop,ut:WISPrDetection,Windows 10,1803,Pro,2018/08/14,17134.228,WISPr detection completed for interface {InterfaceGuid} with status ({WisprScenarioType}),{InterfaceGuid} | {WisprScenarioType}
2004,0,Information,Microsoft-Windows-HotspotAuth/Analytic,WISPr Detection,Stop,ut:WISPrDetection,Windows 10,1803,Pro,2018/06/12,17134.112,WISPr detection completed for interface {InterfaceGuid} with status ({WisprScenarioType}),{InterfaceGuid} | {WisprScenarioType}
2004,0,Information,Microsoft-Windows-HotspotAuth/Analytic,WISPr Detection,Stop,ut:WISPrDetection,Windows 10,1803,Pro,2019/09/10,17134.1006,WISPr detection completed for interface {InterfaceGuid} with status ({WisprScenarioType}),{InterfaceGuid} | {WisprScenarioType}
2004,0,Information,Microsoft-Windows-HotspotAuth/Analytic,WISPr Detection,Stop,ut:WISPrDetection,Windows 10,1803,Pro,1970/01/01,17134.1,WISPr detection completed for interface {InterfaceGuid} with status ({WisprScenarioType}),{InterfaceGuid} | {WisprScenarioType}
2004,0,Information,Microsoft-Windows-HotspotAuth/Analytic,WISPr Detection,Stop,ut:WISPrDetection,Windows 10,1709,Pro,2017/11/14,16299.64,WISPr detection completed for interface {InterfaceGuid} with status ({WisprScenarioType}),{InterfaceGuid} | {WisprScenarioType}
2004,0,Information,Microsoft-Windows-HotspotAuth/Analytic,WISPr Detection,Stop,ut:WISPrDetection,Windows 10,1709,Pro,2017/11/14,16299.15,WISPr detection completed for interface {InterfaceGuid} with status ({WisprScenarioType}),{InterfaceGuid} | {WisprScenarioType}
2004,0,Information,Microsoft-Windows-HotspotAuth/Analytic,WISPr Detection,Stop,ut:WISPrDetection,Windows 10,1709,Pro,2017/12/12,16299.125,WISPr detection completed for interface {InterfaceGuid} with status ({WisprScenarioType}),{InterfaceGuid} | {WisprScenarioType}
2004,0,Information,Microsoft-Windows-HotspotAuth/Analytic,WISPr Detection,Stop,ut:WISPrDetection,Windows 10,1703,Pro,2017/07/11,15063.483,WISPr detection completed for interface {InterfaceGuid} with status ({WisprScenarioType}),{InterfaceGuid} | {WisprScenarioType}
2004,0,Information,Microsoft-Windows-HotspotAuth/Analytic,WISPr Detection,Stop,ut:WISPrDetection,Windows 10,1703,Pro,2017/06/13,15063.413,WISPr detection completed for interface {InterfaceGuid} with status ({WisprScenarioType}),{InterfaceGuid} | {WisprScenarioType}
2004,0,Information,Microsoft-Windows-HotspotAuth/Analytic,WISPr Detection,Stop,ut:WISPrDetection,Windows 10,1703,Pro,2017/03/20,15063.0,WISPr detection completed for interface {InterfaceGuid} with status ({WisprScenarioType}),{InterfaceGuid} | {WisprScenarioType}
2004,0,Information,Microsoft-Windows-HotspotAuth/Analytic,WISPr Detection,Stop,ut:WISPrDetection,Windows 10,1607,Pro,2016/11/08,14393.447,WISPr detection completed for interface {InterfaceGuid} with status ({WisprScenarioType}),{InterfaceGuid} | {WisprScenarioType}
2004,0,Information,Microsoft-Windows-HotspotAuth/Analytic,WISPr Detection,Stop,ut:WISPrDetection,Windows 10,1511,Pro,2016/03/08,10586.164,WISPr detection completed for interface {InterfaceGuid} with status ({WisprScenarioType}),{InterfaceGuid} | {WisprScenarioType}
2004,0,Information,Microsoft-Windows-HotspotAuth/Analytic,WISPr Detection,Stop,ut:WISPrDetection,Windows 10,1511,Enterprise,2016/02/09,10586.104,WISPr detection completed for interface {InterfaceGuid} with status ({WisprScenarioType}),{InterfaceGuid} | {WisprScenarioType}
2004,0,Information,Microsoft-Windows-HotspotAuth/Analytic,WISPr Detection,Stop,ut:WISPrDetection,Windows 10,1511,Pro,1970/01/01,10586.0,WISPr detection completed for interface {InterfaceGuid} with status ({WisprScenarioType}),{InterfaceGuid} | {WisprScenarioType}
2004,0,Information,Microsoft-Windows-HotspotAuth/Analytic,WISPr Detection,Stop,ut:WISPrDetection,Windows 10,1507,Pro,2015/07/29,10240.0,WISPr detection completed for interface {InterfaceGuid} with status ({WisprScenarioType}),{InterfaceGuid} | {WisprScenarioType}
2004,0,Information,Microsoft-Windows-HotspotAuth/Analytic,WISPr Detection,Stop,ut:WISPrDetection,Windows 8.1,8.1,Pro,1970/01/01,9600.0,WISPr detection completed for interface {InterfaceGuid} with status ({WisprScenarioType}),{InterfaceGuid} | {WisprScenarioType}
2004,0,Information,Microsoft-Windows-HotspotAuth/Analytic,WISPr Detection,Stop,ut:WISPrDetection,Windows 8,8,Pro,1970/01/01,9200.0,WISPr detection completed for interface {InterfaceGuid} with status ({WisprScenarioType}),{InterfaceGuid} | {WisprScenarioType}
2005,0,Information,Microsoft-Windows-HotspotAuth/Analytic,WISPr Detection,Stop,ut:WISPrDetection,Windows 11,24H2,Pro,2024/10/2,26100.1742,WISPr detection scenario has cancelled for interface {InterfaceGuid},{InterfaceGuid}
2005,0,Information,Microsoft-Windows-HotspotAuth/Analytic,WISPr Detection,Stop,ut:WISPrDetection,Windows 11,22H2,Pro,2022/12/20,22621.963,WISPr detection scenario has cancelled for interface {InterfaceGuid},{InterfaceGuid}
2005,0,Information,Microsoft-Windows-HotspotAuth/Analytic,WISPr Detection,Stop,ut:WISPrDetection,Windows 11,22H2,Pro,2022/11/15,22621.819,WISPr detection scenario has cancelled for interface {InterfaceGuid},{InterfaceGuid}
2005,0,Information,Microsoft-Windows-HotspotAuth/Analytic,WISPr Detection,Stop,ut:WISPrDetection,Windows 11,22H2,Pro,2022/10/18,22621.674,WISPr detection scenario has cancelled for interface {InterfaceGuid},{InterfaceGuid}
2005,0,Information,Microsoft-Windows-HotspotAuth/Analytic,WISPr Detection,Stop,ut:WISPrDetection,Windows 11,22H2,Pro,2022/09/20,22621.382,WISPr detection scenario has cancelled for interface {InterfaceGuid},{InterfaceGuid}
2005,0,Information,Microsoft-Windows-HotspotAuth/Analytic,WISPr Detection,Stop,ut:WISPrDetection,Windows 11,22H2,Pro,2023/03/21,22621.1413,WISPr detection scenario has cancelled for interface {InterfaceGuid},{InterfaceGuid}
2005,0,Information,Microsoft-Windows-HotspotAuth/Analytic,WISPr Detection,Stop,ut:WISPrDetection,Windows 11,22H2,Pro,2023/02/21,22621.1265,WISPr detection scenario has cancelled for interface {InterfaceGuid},{InterfaceGuid}
2005,0,Information,Microsoft-Windows-HotspotAuth/Analytic,WISPr Detection,Stop,ut:WISPrDetection,Windows 11,22H2,Pro,2023/01/17,22621.1105,WISPr detection scenario has cancelled for interface {InterfaceGuid},{InterfaceGuid}
2005,0,Information,Microsoft-Windows-HotspotAuth/Analytic,WISPr Detection,Stop,ut:WISPrDetection,Windows 11,21H2,Pro,2022/09/20,22000.978,WISPr detection scenario has cancelled for interface {InterfaceGuid},{InterfaceGuid}
2005,0,Information,Microsoft-Windows-HotspotAuth/Analytic,WISPr Detection,Stop,ut:WISPrDetection,Windows 11,21H2,Pro,2022/08/16,22000.856,WISPr detection scenario has cancelled for interface {InterfaceGuid},{InterfaceGuid}
2005,0,Information,Microsoft-Windows-HotspotAuth/Analytic,WISPr Detection,Stop,ut:WISPrDetection,Windows 11,21H2,Pro,2022/07/19,22000.795,WISPr detection scenario has cancelled for interface {InterfaceGuid},{InterfaceGuid}
2005,0,Information,Microsoft-Windows-HotspotAuth/Analytic,WISPr Detection,Stop,ut:WISPrDetection,Windows 11,21H2,Pro,2022/06/21,22000.739,WISPr detection scenario has cancelled for interface {InterfaceGuid},{InterfaceGuid}
2005,0,Information,Microsoft-Windows-HotspotAuth/Analytic,WISPr Detection,Stop,ut:WISPrDetection,Windows 11,21H2,Pro,2022/05/17,22000.675,WISPr detection scenario has cancelled for interface {InterfaceGuid},{InterfaceGuid}
2005,0,Information,Microsoft-Windows-HotspotAuth/Analytic,WISPr Detection,Stop,ut:WISPrDetection,Windows 11,21H2,Pro,2022/04/19,22000.613,WISPr detection scenario has cancelled for interface {InterfaceGuid},{InterfaceGuid}
2005,0,Information,Microsoft-Windows-HotspotAuth/Analytic,WISPr Detection,Stop,ut:WISPrDetection,Windows 11,21H2,Pro,2022/03/15,22000.556,WISPr detection scenario has cancelled for interface {InterfaceGuid},{InterfaceGuid}
2005,0,Information,Microsoft-Windows-HotspotAuth/Analytic,WISPr Detection,Stop,ut:WISPrDetection,Windows 11,21H2,Pro,2022/02/15,22000.493,WISPr detection scenario has cancelled for interface {InterfaceGuid},{InterfaceGuid}
2005,0,Information,Microsoft-Windows-HotspotAuth/Analytic,WISPr Detection,Stop,ut:WISPrDetection,Windows 11,21H2,Pro,2022/01/11,22000.434,WISPr detection scenario has cancelled for interface {InterfaceGuid},{InterfaceGuid}
2005,0,Information,Microsoft-Windows-HotspotAuth/Analytic,WISPr Detection,Stop,ut:WISPrDetection,Windows 11,21H2,Pro,2021/12/14,22000.376,WISPr detection scenario has cancelled for interface {InterfaceGuid},{InterfaceGuid}
2005,0,Information,Microsoft-Windows-HotspotAuth/Analytic,WISPr Detection,Stop,ut:WISPrDetection,Windows 11,21H2,Pro,2021/11/09,22000.318,WISPr detection scenario has cancelled for interface {InterfaceGuid},{InterfaceGuid}
2005,0,Information,Microsoft-Windows-HotspotAuth/Analytic,WISPr Detection,Stop,ut:WISPrDetection,Windows 11,21H2,Pro,2021/09/16,22000.194,WISPr detection scenario has cancelled for interface {InterfaceGuid},{InterfaceGuid}
2005,0,Information,Microsoft-Windows-HotspotAuth/Analytic,WISPr Detection,Stop,ut:WISPrDetection,Windows 11,21H2,Pro,2023/03/21,22000.1696,WISPr detection scenario has cancelled for interface {InterfaceGuid},{InterfaceGuid}
2005,0,Information,Microsoft-Windows-HotspotAuth/Analytic,WISPr Detection,Stop,ut:WISPrDetection,Windows 11,21H2,Pro,2023/02/21,22000.1574,WISPr detection scenario has cancelled for interface {InterfaceGuid},{InterfaceGuid}
2005,0,Information,Microsoft-Windows-HotspotAuth/Analytic,WISPr Detection,Stop,ut:WISPrDetection,Windows 11,21H2,Pro,2023/01/17,22000.1455,WISPr detection scenario has cancelled for interface {InterfaceGuid},{InterfaceGuid}
2005,0,Information,Microsoft-Windows-HotspotAuth/Analytic,WISPr Detection,Stop,ut:WISPrDetection,Windows 11,21H2,Pro,2022/12/20,22000.1335,WISPr detection scenario has cancelled for interface {InterfaceGuid},{InterfaceGuid}
2005,0,Information,Microsoft-Windows-HotspotAuth/Analytic,WISPr Detection,Stop,ut:WISPrDetection,Windows 11,21H2,Pro,2022/11/15,22000.1219,WISPr detection scenario has cancelled for interface {InterfaceGuid},{InterfaceGuid}
2005,0,Information,Microsoft-Windows-HotspotAuth/Analytic,WISPr Detection,Stop,ut:WISPrDetection,Windows 11,21H2,Pro,2022/10/18,22000.1098,WISPr detection scenario has cancelled for interface {InterfaceGuid},{InterfaceGuid}
2005,0,Information,Microsoft-Windows-HotspotAuth/Analytic,WISPr Detection,Stop,ut:WISPrDetection,Windows 11,21H2,Pro-Dev,1970/01/01,21996.1,WISPr detection scenario has cancelled for interface {InterfaceGuid},{InterfaceGuid}
2005,0,Information,Microsoft-Windows-HotspotAuth/Analytic,WISPr Detection,Stop,ut:WISPrDetection,Windows 10,22H2,Pro,2023/03/21,19045.2728,WISPr detection scenario has cancelled for interface {InterfaceGuid},{InterfaceGuid}
2005,0,Information,Microsoft-Windows-HotspotAuth/Analytic,WISPr Detection,Stop,ut:WISPrDetection,Windows 10,22H2,Pro,2023/02/21,19045.2604,WISPr detection scenario has cancelled for interface {InterfaceGuid},{InterfaceGuid}
2005,0,Information,Microsoft-Windows-HotspotAuth/Analytic,WISPr Detection,Stop,ut:WISPrDetection,Windows 10,22H2,Pro,2023/01/17,19045.2486,WISPr detection scenario has cancelled for interface {InterfaceGuid},{InterfaceGuid}
2005,0,Information,Microsoft-Windows-HotspotAuth/Analytic,WISPr Detection,Stop,ut:WISPrDetection,Windows 10,22H2,Pro,2022/12/20,19045.2364,WISPr detection scenario has cancelled for interface {InterfaceGuid},{InterfaceGuid}
2005,0,Information,Microsoft-Windows-HotspotAuth/Analytic,WISPr Detection,Stop,ut:WISPrDetection,Windows 10,22H2,Pro,2022/11/15,19045.2251,WISPr detection scenario has cancelled for interface {InterfaceGuid},{InterfaceGuid}
2005,0,Information,Microsoft-Windows-HotspotAuth/Analytic,WISPr Detection,Stop,ut:WISPrDetection,Windows 10,21H2,Pro,2023/03/21,19044.2728,WISPr detection scenario has cancelled for interface {InterfaceGuid},{InterfaceGuid}
2005,0,Information,Microsoft-Windows-HotspotAuth/Analytic,WISPr Detection,Stop,ut:WISPrDetection,Windows 10,21H2,Pro,2023/02/21,19044.2604,WISPr detection scenario has cancelled for interface {InterfaceGuid},{InterfaceGuid}
2005,0,Information,Microsoft-Windows-HotspotAuth/Analytic,WISPr Detection,Stop,ut:WISPrDetection,Windows 10,21H2,Pro,2023/01/17,19044.2486,WISPr detection scenario has cancelled for interface {InterfaceGuid},{InterfaceGuid}
2005,0,Information,Microsoft-Windows-HotspotAuth/Analytic,WISPr Detection,Stop,ut:WISPrDetection,Windows 10,21H2,Pro,2022/12/20,19044.2364,WISPr detection scenario has cancelled for interface {InterfaceGuid},{InterfaceGuid}
2005,0,Information,Microsoft-Windows-HotspotAuth/Analytic,WISPr Detection,Stop,ut:WISPrDetection,Windows 10,21H2,Pro,2022/11/15,19044.2251,WISPr detection scenario has cancelled for interface {InterfaceGuid},{InterfaceGuid}
2005,0,Information,Microsoft-Windows-HotspotAuth/Analytic,WISPr Detection,Stop,ut:WISPrDetection,Windows 10,21H2,Pro,2022/10/18,19044.213,WISPr detection scenario has cancelled for interface {InterfaceGuid},{InterfaceGuid}
2005,0,Information,Microsoft-Windows-HotspotAuth/Analytic,WISPr Detection,Stop,ut:WISPrDetection,Windows 10,21H2,Pro,2022/09/20,19044.2006,WISPr detection scenario has cancelled for interface {InterfaceGuid},{InterfaceGuid}
2005,0,Information,Microsoft-Windows-HotspotAuth/Analytic,WISPr Detection,Stop,ut:WISPrDetection,Windows 10,21H2,Pro,2022/08/16,19044.1889,WISPr detection scenario has cancelled for interface {InterfaceGuid},{InterfaceGuid}
2005,0,Information,Microsoft-Windows-HotspotAuth/Analytic,WISPr Detection,Stop,ut:WISPrDetection,Windows 10,21H2,Pro,2022/07/19,19044.1826,WISPr detection scenario has cancelled for interface {InterfaceGuid},{InterfaceGuid}
2005,0,Information,Microsoft-Windows-HotspotAuth/Analytic,WISPr Detection,Stop,ut:WISPrDetection,Windows 10,21H2,Pro,2022/06/21,19044.1766,WISPr detection scenario has cancelled for interface {InterfaceGuid},{InterfaceGuid}
2005,0,Information,Microsoft-Windows-HotspotAuth/Analytic,WISPr Detection,Stop,ut:WISPrDetection,Windows 10,21H2,Pro,2022/05/17,19044.1706,WISPr detection scenario has cancelled for interface {InterfaceGuid},{InterfaceGuid}
2005,0,Information,Microsoft-Windows-HotspotAuth/Analytic,WISPr Detection,Stop,ut:WISPrDetection,Windows 10,21H2,Pro,2022/04/19,19044.1645,WISPr detection scenario has cancelled for interface {InterfaceGuid},{InterfaceGuid}
2005,0,Information,Microsoft-Windows-HotspotAuth/Analytic,WISPr Detection,Stop,ut:WISPrDetection,Windows 10,21H2,Pro,2022/01/11,19044.1466,WISPr detection scenario has cancelled for interface {InterfaceGuid},{InterfaceGuid}
2005,0,Information,Microsoft-Windows-HotspotAuth/Analytic,WISPr Detection,Stop,ut:WISPrDetection,Windows 10,21H2,Pro,2021/10/12,19044.1288,WISPr detection scenario has cancelled for interface {InterfaceGuid},{InterfaceGuid}
2005,0,Information,Microsoft-Windows-HotspotAuth/Analytic,WISPr Detection,Stop,ut:WISPrDetection,Windows 10,21H1,Pro,2021/04/13,19043.928,WISPr detection scenario has cancelled for interface {InterfaceGuid},{InterfaceGuid}
2005,0,Information,Microsoft-Windows-HotspotAuth/Analytic,WISPr Detection,Stop,ut:WISPrDetection,Windows 10,21H1,Pro,2022/12/20,19043.2364,WISPr detection scenario has cancelled for interface {InterfaceGuid},{InterfaceGuid}
2005,0,Information,Microsoft-Windows-HotspotAuth/Analytic,WISPr Detection,Stop,ut:WISPrDetection,Windows 10,21H1,Pro,2022/11/15,19043.2251,WISPr detection scenario has cancelled for interface {InterfaceGuid},{InterfaceGuid}
2005,0,Information,Microsoft-Windows-HotspotAuth/Analytic,WISPr Detection,Stop,ut:WISPrDetection,Windows 10,21H1,Pro,2022/10/18,19043.213,WISPr detection scenario has cancelled for interface {InterfaceGuid},{InterfaceGuid}
2005,0,Information,Microsoft-Windows-HotspotAuth/Analytic,WISPr Detection,Stop,ut:WISPrDetection,Windows 10,21H1,Pro,2022/09/20,19043.2006,WISPr detection scenario has cancelled for interface {InterfaceGuid},{InterfaceGuid}
2005,0,Information,Microsoft-Windows-HotspotAuth/Analytic,WISPr Detection,Stop,ut:WISPrDetection,Windows 10,21H1,Pro,2022/08/16,19043.1889,WISPr detection scenario has cancelled for interface {InterfaceGuid},{InterfaceGuid}
2005,0,Information,Microsoft-Windows-HotspotAuth/Analytic,WISPr Detection,Stop,ut:WISPrDetection,Windows 10,21H1,Pro,2022/07/19,19043.1826,WISPr detection scenario has cancelled for interface {InterfaceGuid},{InterfaceGuid}
2005,0,Information,Microsoft-Windows-HotspotAuth/Analytic,WISPr Detection,Stop,ut:WISPrDetection,Windows 10,21H1,Pro,2022/06/21,19043.1766,WISPr detection scenario has cancelled for interface {InterfaceGuid},{InterfaceGuid}
2005,0,Information,Microsoft-Windows-HotspotAuth/Analytic,WISPr Detection,Stop,ut:WISPrDetection,Windows 10,21H1,Pro,2022/05/17,19043.1706,WISPr detection scenario has cancelled for interface {InterfaceGuid},{InterfaceGuid}
2005,0,Information,Microsoft-Windows-HotspotAuth/Analytic,WISPr Detection,Stop,ut:WISPrDetection,Windows 10,21H1,Pro,2022/04/19,19043.1645,WISPr detection scenario has cancelled for interface {InterfaceGuid},{InterfaceGuid}
2005,0,Information,Microsoft-Windows-HotspotAuth/Analytic,WISPr Detection,Stop,ut:WISPrDetection,Windows 10,21H1,Pro,2022/01/11,19043.1466,WISPr detection scenario has cancelled for interface {InterfaceGuid},{InterfaceGuid}
2005,0,Information,Microsoft-Windows-HotspotAuth/Analytic,WISPr Detection,Stop,ut:WISPrDetection,Windows 10,21H1,Pro,2021/12/14,19043.1415,WISPr detection scenario has cancelled for interface {InterfaceGuid},{InterfaceGuid}
2005,0,Information,Microsoft-Windows-HotspotAuth/Analytic,WISPr Detection,Stop,ut:WISPrDetection,Windows 10,21H2,Pro,2021/12/14,19043.1415,WISPr detection scenario has cancelled for interface {InterfaceGuid},{InterfaceGuid}
2005,0,Information,Microsoft-Windows-HotspotAuth/Analytic,WISPr Detection,Stop,ut:WISPrDetection,Windows 10,21H1,Pro,2021/11/09,19043.1348,WISPr detection scenario has cancelled for interface {InterfaceGuid},{InterfaceGuid}
2005,0,Information,Microsoft-Windows-HotspotAuth/Analytic,WISPr Detection,Stop,ut:WISPrDetection,Windows 10,21H1,Pro,2021/10/12,19043.1288,WISPr detection scenario has cancelled for interface {InterfaceGuid},{InterfaceGuid}
2005,0,Information,Microsoft-Windows-HotspotAuth/Analytic,WISPr Detection,Stop,ut:WISPrDetection,Windows 10,21H1,Pro,2021/09/14,19043.1237,WISPr detection scenario has cancelled for interface {InterfaceGuid},{InterfaceGuid}
2005,0,Information,Microsoft-Windows-HotspotAuth/Analytic,WISPr Detection,Stop,ut:WISPrDetection,Windows 10,21H1,Pro,2021/08/10,19043.1165,WISPr detection scenario has cancelled for interface {InterfaceGuid},{InterfaceGuid}
2005,0,Information,Microsoft-Windows-HotspotAuth/Analytic,WISPr Detection,Stop,ut:WISPrDetection,Windows 10,21H1,Pro,2021/07/13,19043.111,WISPr detection scenario has cancelled for interface {InterfaceGuid},{InterfaceGuid}
2005,0,Information,Microsoft-Windows-HotspotAuth/Analytic,WISPr Detection,Stop,ut:WISPrDetection,Windows 10,21H1,Pro,2021/06/08,19043.1052,WISPr detection scenario has cancelled for interface {InterfaceGuid},{InterfaceGuid}
2005,0,Information,Microsoft-Windows-HotspotAuth/Analytic,WISPr Detection,Stop,ut:WISPrDetection,Windows 10,20H2,Pro,2022/04/19,19042.1645,WISPr detection scenario has cancelled for interface {InterfaceGuid},{InterfaceGuid}
2005,0,Information,Microsoft-Windows-HotspotAuth/Analytic,WISPr Detection,Stop,ut:WISPrDetection,Windows 10,20H2,Pro,2022/01/11,19042.1466,WISPr detection scenario has cancelled for interface {InterfaceGuid},{InterfaceGuid}
2005,0,Information,Microsoft-Windows-HotspotAuth/Analytic,WISPr Detection,Stop,ut:WISPrDetection,Windows 10,2004,Pro,2021/05/11,19041.985,WISPr detection scenario has cancelled for interface {InterfaceGuid},{InterfaceGuid}
2005,0,Information,Microsoft-Windows-HotspotAuth/Analytic,WISPr Detection,Stop,ut:WISPrDetection,Windows 10,20H2,Pro,2021/05/11,19041.985,WISPr detection scenario has cancelled for interface {InterfaceGuid},{InterfaceGuid}
2005,0,Information,Microsoft-Windows-HotspotAuth/Analytic,WISPr Detection,Stop,ut:WISPrDetection,Windows 10,2004,Pro,2021/04/13,19041.928,WISPr detection scenario has cancelled for interface {InterfaceGuid},{InterfaceGuid}
2005,0,Information,Microsoft-Windows-HotspotAuth/Analytic,WISPr Detection,Stop,ut:WISPrDetection,Windows 10,20H2,Pro,2021/04/13,19041.928,WISPr detection scenario has cancelled for interface {InterfaceGuid},{InterfaceGuid}
2005,0,Information,Microsoft-Windows-HotspotAuth/Analytic,WISPr Detection,Stop,ut:WISPrDetection,Windows 10,2004,Pro,2021/03/09,19041.867,WISPr detection scenario has cancelled for interface {InterfaceGuid},{InterfaceGuid}
2005,0,Information,Microsoft-Windows-HotspotAuth/Analytic,WISPr Detection,Stop,ut:WISPrDetection,Windows 10,20H2,Pro,2021/03/09,19041.867,WISPr detection scenario has cancelled for interface {InterfaceGuid},{InterfaceGuid}
2005,0,Information,Microsoft-Windows-HotspotAuth/Analytic,WISPr Detection,Stop,ut:WISPrDetection,Windows 10,2004,Pro,2021/02/09,19041.804,WISPr detection scenario has cancelled for interface {InterfaceGuid},{InterfaceGuid}
2005,0,Information,Microsoft-Windows-HotspotAuth/Analytic,WISPr Detection,Stop,ut:WISPrDetection,Windows 10,20H2,Pro,2021/02/09,19041.804,WISPr detection scenario has cancelled for interface {InterfaceGuid},{InterfaceGuid}
2005,0,Information,Microsoft-Windows-HotspotAuth/Analytic,WISPr Detection,Stop,ut:WISPrDetection,Windows 10,2004,Pro,2021/01/12,19041.746,WISPr detection scenario has cancelled for interface {InterfaceGuid},{InterfaceGuid}
2005,0,Information,Microsoft-Windows-HotspotAuth/Analytic,WISPr Detection,Stop,ut:WISPrDetection,Windows 10,20H2,Pro,2021/01/12,19041.746,WISPr detection scenario has cancelled for interface {InterfaceGuid},{InterfaceGuid}
2005,0,Information,Microsoft-Windows-HotspotAuth/Analytic,WISPr Detection,Stop,ut:WISPrDetection,Windows 10,2004,Pro,2020/12/08,19041.685,WISPr detection scenario has cancelled for interface {InterfaceGuid},{InterfaceGuid}
2005,0,Information,Microsoft-Windows-HotspotAuth/Analytic,WISPr Detection,Stop,ut:WISPrDetection,Windows 10,20H2,Pro,2020/12/08,19041.685,WISPr detection scenario has cancelled for interface {InterfaceGuid},{InterfaceGuid}
2005,0,Information,Microsoft-Windows-HotspotAuth/Analytic,WISPr Detection,Stop,ut:WISPrDetection,Windows 10,20H2,Pro,2020/11/19,19041.631,WISPr detection scenario has cancelled for interface {InterfaceGuid},{InterfaceGuid}
2005,0,Information,Microsoft-Windows-HotspotAuth/Analytic,WISPr Detection,Stop,ut:WISPrDetection,Windows 10,2004,Pro,2020/11/10,19041.63,WISPr detection scenario has cancelled for interface {InterfaceGuid},{InterfaceGuid}
2005,0,Information,Microsoft-Windows-HotspotAuth/Analytic,WISPr Detection,Stop,ut:WISPrDetection,Windows 10,2004,Pro,2020/10/13,19041.572,WISPr detection scenario has cancelled for interface {InterfaceGuid},{InterfaceGuid}
2005,0,Information,Microsoft-Windows-HotspotAuth/Analytic,WISPr Detection,Stop,ut:WISPrDetection,Windows 10,2004,Pro,2020/09/08,19041.508,WISPr detection scenario has cancelled for interface {InterfaceGuid},{InterfaceGuid}
2005,0,Information,Microsoft-Windows-HotspotAuth/Analytic,WISPr Detection,Stop,ut:WISPrDetection,Windows 10,2004,Pro,2020/08/11,19041.45,WISPr detection scenario has cancelled for interface {InterfaceGuid},{InterfaceGuid}
2005,0,Information,Microsoft-Windows-HotspotAuth/Analytic,WISPr Detection,Stop,ut:WISPrDetection,Windows 10,2004,Pro,2020/07/14,19041.388,WISPr detection scenario has cancelled for interface {InterfaceGuid},{InterfaceGuid}
2005,0,Information,Microsoft-Windows-HotspotAuth/Analytic,WISPr Detection,Stop,ut:WISPrDetection,Windows 10,2004,Pro,2020/06/09,19041.329,WISPr detection scenario has cancelled for interface {InterfaceGuid},{InterfaceGuid}
2005,0,Information,Microsoft-Windows-HotspotAuth/Analytic,WISPr Detection,Stop,ut:WISPrDetection,Windows 10,2004,Pro,2020/05/27,19041.264,WISPr detection scenario has cancelled for interface {InterfaceGuid},{InterfaceGuid}
2005,0,Information,Microsoft-Windows-HotspotAuth/Analytic,WISPr Detection,Stop,ut:WISPrDetection,Windows 10,2004,Pro,2020/04/16,19041.208,WISPr detection scenario has cancelled for interface {InterfaceGuid},{InterfaceGuid}
2005,0,Information,Microsoft-Windows-HotspotAuth/Analytic,WISPr Detection,Stop,ut:WISPrDetection,Windows 10,21H1,Pro,2022/03/15,19041.1586,WISPr detection scenario has cancelled for interface {InterfaceGuid},{InterfaceGuid}
2005,0,Information,Microsoft-Windows-HotspotAuth/Analytic,WISPr Detection,Stop,ut:WISPrDetection,Windows 10,20H2,Pro,2022/03/15,19041.1586,WISPr detection scenario has cancelled for interface {InterfaceGuid},{InterfaceGuid}
2005,0,Information,Microsoft-Windows-HotspotAuth/Analytic,WISPr Detection,Stop,ut:WISPrDetection,Windows 10,21H2,Pro,2022/03/15,19041.1586,WISPr detection scenario has cancelled for interface {InterfaceGuid},{InterfaceGuid}
2005,0,Information,Microsoft-Windows-HotspotAuth/Analytic,WISPr Detection,Stop,ut:WISPrDetection,Windows 10,21H1,Pro,2022/02/15,19041.1526,WISPr detection scenario has cancelled for interface {InterfaceGuid},{InterfaceGuid}
2005,0,Information,Microsoft-Windows-HotspotAuth/Analytic,WISPr Detection,Stop,ut:WISPrDetection,Windows 10,20H2,Pro,2022/02/15,19041.1526,WISPr detection scenario has cancelled for interface {InterfaceGuid},{InterfaceGuid}
2005,0,Information,Microsoft-Windows-HotspotAuth/Analytic,WISPr Detection,Stop,ut:WISPrDetection,Windows 10,21H2,Pro,2022/02/15,19041.1526,WISPr detection scenario has cancelled for interface {InterfaceGuid},{InterfaceGuid}
2005,0,Information,Microsoft-Windows-HotspotAuth/Analytic,WISPr Detection,Stop,ut:WISPrDetection,Windows 10,20H2,Pro,2021/12/14,19041.1415,WISPr detection scenario has cancelled for interface {InterfaceGuid},{InterfaceGuid}
2005,0,Information,Microsoft-Windows-HotspotAuth/Analytic,WISPr Detection,Stop,ut:WISPrDetection,Windows 10,2004,Pro,2021/11/09,19041.1348,WISPr detection scenario has cancelled for interface {InterfaceGuid},{InterfaceGuid}
2005,0,Information,Microsoft-Windows-HotspotAuth/Analytic,WISPr Detection,Stop,ut:WISPrDetection,Windows 10,20H2,Pro,2021/11/09,19041.1348,WISPr detection scenario has cancelled for interface {InterfaceGuid},{InterfaceGuid}
2005,0,Information,Microsoft-Windows-HotspotAuth/Analytic,WISPr Detection,Stop,ut:WISPrDetection,Windows 10,2004,Pro,2021/10/12,19041.1288,WISPr detection scenario has cancelled for interface {InterfaceGuid},{InterfaceGuid}
2005,0,Information,Microsoft-Windows-HotspotAuth/Analytic,WISPr Detection,Stop,ut:WISPrDetection,Windows 10,20H2,Pro,2021/10/12,19041.1288,WISPr detection scenario has cancelled for interface {InterfaceGuid},{InterfaceGuid}
2005,0,Information,Microsoft-Windows-HotspotAuth/Analytic,WISPr Detection,Stop,ut:WISPrDetection,Windows 10,2004,Pro,2021/09/14,19041.1237,WISPr detection scenario has cancelled for interface {InterfaceGuid},{InterfaceGuid}
2005,0,Information,Microsoft-Windows-HotspotAuth/Analytic,WISPr Detection,Stop,ut:WISPrDetection,Windows 10,20H2,Pro,2021/09/14,19041.1237,WISPr detection scenario has cancelled for interface {InterfaceGuid},{InterfaceGuid}
2005,0,Information,Microsoft-Windows-HotspotAuth/Analytic,WISPr Detection,Stop,ut:WISPrDetection,Windows 10,2004,Pro,2021/08/10,19041.1165,WISPr detection scenario has cancelled for interface {InterfaceGuid},{InterfaceGuid}
2005,0,Information,Microsoft-Windows-HotspotAuth/Analytic,WISPr Detection,Stop,ut:WISPrDetection,Windows 10,20H2,Pro,2021/08/10,19041.1165,WISPr detection scenario has cancelled for interface {InterfaceGuid},{InterfaceGuid}
2005,0,Information,Microsoft-Windows-HotspotAuth/Analytic,WISPr Detection,Stop,ut:WISPrDetection,Windows 10,2004,Pro,2021/07/13,19041.111,WISPr detection scenario has cancelled for interface {InterfaceGuid},{InterfaceGuid}
2005,0,Information,Microsoft-Windows-HotspotAuth/Analytic,WISPr Detection,Stop,ut:WISPrDetection,Windows 10,20H2,Pro,2021/07/13,19041.111,WISPr detection scenario has cancelled for interface {InterfaceGuid},{InterfaceGuid}
2005,0,Information,Microsoft-Windows-HotspotAuth/Analytic,WISPr Detection,Stop,ut:WISPrDetection,Windows 10,2004,Pro,2021/06/08,19041.1052,WISPr detection scenario has cancelled for interface {InterfaceGuid},{InterfaceGuid}
2005,0,Information,Microsoft-Windows-HotspotAuth/Analytic,WISPr Detection,Stop,ut:WISPrDetection,Windows 10,20H2,Pro,2021/06/08,19041.1052,WISPr detection scenario has cancelled for interface {InterfaceGuid},{InterfaceGuid}
2005,0,Information,Microsoft-Windows-HotspotAuth/Analytic,WISPr Detection,Stop,ut:WISPrDetection,Windows 10,1909,Pro,2020/07/14,18363.959,WISPr detection scenario has cancelled for interface {InterfaceGuid},{InterfaceGuid}
2005,0,Information,Microsoft-Windows-HotspotAuth/Analytic,WISPr Detection,Stop,ut:WISPrDetection,Windows 10,1909,Pro,2020/06/09,18363.9,WISPr detection scenario has cancelled for interface {InterfaceGuid},{InterfaceGuid}
2005,0,Information,Microsoft-Windows-HotspotAuth/Analytic,WISPr Detection,Stop,ut:WISPrDetection,Windows 10,1909,Pro,2020/05/12,18363.836,WISPr detection scenario has cancelled for interface {InterfaceGuid},{InterfaceGuid}
2005,0,Information,Microsoft-Windows-HotspotAuth/Analytic,WISPr Detection,Stop,ut:WISPrDetection,Windows 10,1909,Pro,2020/04/14,18363.778,WISPr detection scenario has cancelled for interface {InterfaceGuid},{InterfaceGuid}
2005,0,Information,Microsoft-Windows-HotspotAuth/Analytic,WISPr Detection,Stop,ut:WISPrDetection,Windows 10,1909,Pro,2020/03/12,18363.72,WISPr detection scenario has cancelled for interface {InterfaceGuid},{InterfaceGuid}
2005,0,Information,Microsoft-Windows-HotspotAuth/Analytic,WISPr Detection,Stop,ut:WISPrDetection,Windows 10,1909,Pro,2020/02/11,18363.657,WISPr detection scenario has cancelled for interface {InterfaceGuid},{InterfaceGuid}
2005,0,Information,Microsoft-Windows-HotspotAuth/Analytic,WISPr Detection,Stop,ut:WISPrDetection,Windows 10,1909,Pro,2020/01/14,18363.592,WISPr detection scenario has cancelled for interface {InterfaceGuid},{InterfaceGuid}
2005,0,Information,Microsoft-Windows-HotspotAuth/Analytic,WISPr Detection,Stop,ut:WISPrDetection,Windows 10,1909,Pro,2019/12/10,18363.535,WISPr detection scenario has cancelled for interface {InterfaceGuid},{InterfaceGuid}
2005,0,Information,Microsoft-Windows-HotspotAuth/Analytic,WISPr Detection,Stop,ut:WISPrDetection,Windows 10,1909,Pro,2019/10/05,18363.418,WISPr detection scenario has cancelled for interface {InterfaceGuid},{InterfaceGuid}
2005,0,Information,Microsoft-Windows-HotspotAuth/Analytic,WISPr Detection,Stop,ut:WISPrDetection,Windows 10,1909,Pro,2021/06/08,18363.1621,WISPr detection scenario has cancelled for interface {InterfaceGuid},{InterfaceGuid}
2005,0,Information,Microsoft-Windows-HotspotAuth/Analytic,WISPr Detection,Stop,ut:WISPrDetection,Windows 10,1909,Pro,2021/05/11,18363.1556,WISPr detection scenario has cancelled for interface {InterfaceGuid},{InterfaceGuid}
2005,0,Information,Microsoft-Windows-HotspotAuth/Analytic,WISPr Detection,Stop,ut:WISPrDetection,Windows 10,1909,Pro,2021/04/13,18363.15,WISPr detection scenario has cancelled for interface {InterfaceGuid},{InterfaceGuid}
2005,0,Information,Microsoft-Windows-HotspotAuth/Analytic,WISPr Detection,Stop,ut:WISPrDetection,Windows 10,1909,Pro,2021/03/09,18363.144,WISPr detection scenario has cancelled for interface {InterfaceGuid},{InterfaceGuid}
2005,0,Information,Microsoft-Windows-HotspotAuth/Analytic,WISPr Detection,Stop,ut:WISPrDetection,Windows 10,1909,Pro,2021/02/11,18363.1379,WISPr detection scenario has cancelled for interface {InterfaceGuid},{InterfaceGuid}
2005,0,Information,Microsoft-Windows-HotspotAuth/Analytic,WISPr Detection,Stop,ut:WISPrDetection,Windows 10,1909,Pro,2021/01/12,18363.1316,WISPr detection scenario has cancelled for interface {InterfaceGuid},{InterfaceGuid}
2005,0,Information,Microsoft-Windows-HotspotAuth/Analytic,WISPr Detection,Stop,ut:WISPrDetection,Windows 10,1909,Pro,2020/12/08,18363.1256,WISPr detection scenario has cancelled for interface {InterfaceGuid},{InterfaceGuid}
2005,0,Information,Microsoft-Windows-HotspotAuth/Analytic,WISPr Detection,Stop,ut:WISPrDetection,Windows 10,1909,Pro,2020/11/10,18363.1198,WISPr detection scenario has cancelled for interface {InterfaceGuid},{InterfaceGuid}
2005,0,Information,Microsoft-Windows-HotspotAuth/Analytic,WISPr Detection,Stop,ut:WISPrDetection,Windows 10,1909,Pro,2020/10/13,18363.1139,WISPr detection scenario has cancelled for interface {InterfaceGuid},{InterfaceGuid}
2005,0,Information,Microsoft-Windows-HotspotAuth/Analytic,WISPr Detection,Stop,ut:WISPrDetection,Windows 10,1909,Pro,2020/09/08,18363.1082,WISPr detection scenario has cancelled for interface {InterfaceGuid},{InterfaceGuid}
2005,0,Information,Microsoft-Windows-HotspotAuth/Analytic,WISPr Detection,Stop,ut:WISPrDetection,Windows 10,1909,Pro,2020/08/11,18363.1016,WISPr detection scenario has cancelled for interface {InterfaceGuid},{InterfaceGuid}
2005,0,Information,Microsoft-Windows-HotspotAuth/Analytic,WISPr Detection,Stop,ut:WISPrDetection,Windows 10,1903,Pro,2020/07/14,18362.959,WISPr detection scenario has cancelled for interface {InterfaceGuid},{InterfaceGuid}
2005,0,Information,Microsoft-Windows-HotspotAuth/Analytic,WISPr Detection,Stop,ut:WISPrDetection,Windows 10,1903,Pro,2020/05/12,18362.836,WISPr detection scenario has cancelled for interface {InterfaceGuid},{InterfaceGuid}
2005,0,Information,Microsoft-Windows-HotspotAuth/Analytic,WISPr Detection,Stop,ut:WISPrDetection,Windows 10,1903,Pro,2020/03/12,18362.72,WISPr detection scenario has cancelled for interface {InterfaceGuid},{InterfaceGuid}
2005,0,Information,Microsoft-Windows-HotspotAuth/Analytic,WISPr Detection,Stop,ut:WISPrDetection,Windows 10,1903,Pro,2020/02/11,18362.657,WISPr detection scenario has cancelled for interface {InterfaceGuid},{InterfaceGuid}
2005,0,Information,Microsoft-Windows-HotspotAuth/Analytic,WISPr Detection,Stop,ut:WISPrDetection,Windows 10,1903,Pro,2019/12/10,18362.535,WISPr detection scenario has cancelled for interface {InterfaceGuid},{InterfaceGuid}
2005,0,Information,Microsoft-Windows-HotspotAuth/Analytic,WISPr Detection,Stop,ut:WISPrDetection,Windows 10,1903,Pro,2019/11/12,18362.476,WISPr detection scenario has cancelled for interface {InterfaceGuid},{InterfaceGuid}
2005,0,Information,Microsoft-Windows-HotspotAuth/Analytic,WISPr Detection,Stop,ut:WISPrDetection,Windows 10,1903,Pro,2019/09/10,18362.356,WISPr detection scenario has cancelled for interface {InterfaceGuid},{InterfaceGuid}
2005,0,Information,Microsoft-Windows-HotspotAuth/Analytic,WISPr Detection,Stop,ut:WISPrDetection,Windows 10,1903,Pro,2019/03/29,18362.3,WISPr detection scenario has cancelled for interface {InterfaceGuid},{InterfaceGuid}
2005,0,Information,Microsoft-Windows-HotspotAuth/Analytic,WISPr Detection,Stop,ut:WISPrDetection,Windows 10,1903,Pro,2019/07/09,18362.239,WISPr detection scenario has cancelled for interface {InterfaceGuid},{InterfaceGuid}
2005,0,Information,Microsoft-Windows-HotspotAuth/Analytic,WISPr Detection,Stop,ut:WISPrDetection,Windows 10,1903,Pro,2019/06/11,18362.175,WISPr detection scenario has cancelled for interface {InterfaceGuid},{InterfaceGuid}
2005,0,Information,Microsoft-Windows-HotspotAuth/Analytic,WISPr Detection,Stop,ut:WISPrDetection,Windows 10,1903,Pro,2020/12/08,18362.1256,WISPr detection scenario has cancelled for interface {InterfaceGuid},{InterfaceGuid}
2005,0,Information,Microsoft-Windows-HotspotAuth/Analytic,WISPr Detection,Stop,ut:WISPrDetection,Windows 10,1903,Pro,2020/11/10,18362.1198,WISPr detection scenario has cancelled for interface {InterfaceGuid},{InterfaceGuid}
2005,0,Information,Microsoft-Windows-HotspotAuth/Analytic,WISPr Detection,Stop,ut:WISPrDetection,Windows 10,1903,Pro,2020/10/13,18362.1139,WISPr detection scenario has cancelled for interface {InterfaceGuid},{InterfaceGuid}
2005,0,Information,Microsoft-Windows-HotspotAuth/Analytic,WISPr Detection,Stop,ut:WISPrDetection,Windows 10,1903,Pro,2020/09/08,18362.1082,WISPr detection scenario has cancelled for interface {InterfaceGuid},{InterfaceGuid}
2005,0,Information,Microsoft-Windows-HotspotAuth/Analytic,WISPr Detection,Stop,ut:WISPrDetection,Windows 10,1903,Pro,2019/12/10,18362.1016,WISPr detection scenario has cancelled for interface {InterfaceGuid},{InterfaceGuid}
2005,0,Information,Microsoft-Windows-HotspotAuth/Analytic,WISPr Detection,Stop,ut:WISPrDetection,Windows 10,1809,Pro,2020/01/14,17763.973,WISPr detection scenario has cancelled for interface {InterfaceGuid},{InterfaceGuid}
2005,0,Information,Microsoft-Windows-HotspotAuth/Analytic,WISPr Detection,Stop,ut:WISPrDetection,Windows 10,1809,Pro,2019/12/10,17763.914,WISPr detection scenario has cancelled for interface {InterfaceGuid},{InterfaceGuid}
2005,0,Information,Microsoft-Windows-HotspotAuth/Analytic,WISPr Detection,Stop,ut:WISPrDetection,Windows 10,1809,Pro,2019/11/12,17763.864,WISPr detection scenario has cancelled for interface {InterfaceGuid},{InterfaceGuid}
2005,0,Information,Microsoft-Windows-HotspotAuth/Analytic,WISPr Detection,Stop,ut:WISPrDetection,Windows 10,1809,Pro,2019/10/08,17763.805,WISPr detection scenario has cancelled for interface {InterfaceGuid},{InterfaceGuid}
2005,0,Information,Microsoft-Windows-HotspotAuth/Analytic,WISPr Detection,Stop,ut:WISPrDetection,Windows 10,1809,Pro,2019/09/10,17763.737,WISPr detection scenario has cancelled for interface {InterfaceGuid},{InterfaceGuid}
2005,0,Information,Microsoft-Windows-HotspotAuth/Analytic,WISPr Detection,Stop,ut:WISPrDetection,Windows 10,1809,Pro,2019/08/13,17763.678,WISPr detection scenario has cancelled for interface {InterfaceGuid},{InterfaceGuid}
2005,0,Information,Microsoft-Windows-HotspotAuth/Analytic,WISPr Detection,Stop,ut:WISPrDetection,Windows 10,1809,Pro,2019/07/09,17763.615,WISPr detection scenario has cancelled for interface {InterfaceGuid},{InterfaceGuid}
2005,0,Information,Microsoft-Windows-HotspotAuth/Analytic,WISPr Detection,Stop,ut:WISPrDetection,Windows 10,1809,Pro,2019/06/11,17763.557,WISPr detection scenario has cancelled for interface {InterfaceGuid},{InterfaceGuid}
2005,0,Information,Microsoft-Windows-HotspotAuth/Analytic,WISPr Detection,Stop,ut:WISPrDetection,Windows 10,1809,Pro,2019/05/19,17763.504,WISPr detection scenario has cancelled for interface {InterfaceGuid},{InterfaceGuid}
2005,0,Information,Microsoft-Windows-HotspotAuth/Analytic,WISPr Detection,Stop,ut:WISPrDetection,Windows 10,1809,Pro,2019/04/09,17763.437,WISPr detection scenario has cancelled for interface {InterfaceGuid},{InterfaceGuid}
2005,0,Information,Microsoft-Windows-HotspotAuth/Analytic,WISPr Detection,Stop,ut:WISPrDetection,Windows 10,1809,Pro,2019/03/12,17763.379,WISPr detection scenario has cancelled for interface {InterfaceGuid},{InterfaceGuid}
2005,0,Information,Microsoft-Windows-HotspotAuth/Analytic,WISPr Detection,Stop,ut:WISPrDetection,Windows 10,1809,Pro,2019/02/12,17763.316,WISPr detection scenario has cancelled for interface {InterfaceGuid},{InterfaceGuid}
2005,0,Information,Microsoft-Windows-HotspotAuth/Analytic,WISPr Detection,Stop,ut:WISPrDetection,Windows 10,1803,Pro,2019/01/08,17763.253,WISPr detection scenario has cancelled for interface {InterfaceGuid},{InterfaceGuid}
2005,0,Information,Microsoft-Windows-HotspotAuth/Analytic,WISPr Detection,Stop,ut:WISPrDetection,Windows 10,1809,Pro,2018/12/11,17763.194,WISPr detection scenario has cancelled for interface {InterfaceGuid},{InterfaceGuid}
2005,0,Information,Microsoft-Windows-HotspotAuth/Analytic,WISPr Detection,Stop,ut:WISPrDetection,Windows 10,1809,Pro,2020/11/10,17763.1577,WISPr detection scenario has cancelled for interface {InterfaceGuid},{InterfaceGuid}
2005,0,Information,Microsoft-Windows-HotspotAuth/Analytic,WISPr Detection,Stop,ut:WISPrDetection,Windows 10,1809,Pro,2020/10/13,17763.1518,WISPr detection scenario has cancelled for interface {InterfaceGuid},{InterfaceGuid}
2005,0,Information,Microsoft-Windows-HotspotAuth/Analytic,WISPr Detection,Stop,ut:WISPrDetection,Windows 10,1809,Pro,2020/09/08,17763.1457,WISPr detection scenario has cancelled for interface {InterfaceGuid},{InterfaceGuid}
2005,0,Information,Microsoft-Windows-HotspotAuth/Analytic,WISPr Detection,Stop,ut:WISPrDetection,Windows 10,1809,Pro,2020/08/11,17763.1397,WISPr detection scenario has cancelled for interface {InterfaceGuid},{InterfaceGuid}
2005,0,Information,Microsoft-Windows-HotspotAuth/Analytic,WISPr Detection,Stop,ut:WISPrDetection,Windows 10,1809,Pro,2020/07/14,17763.1339,WISPr detection scenario has cancelled for interface {InterfaceGuid},{InterfaceGuid}
2005,0,Information,Microsoft-Windows-HotspotAuth/Analytic,WISPr Detection,Stop,ut:WISPrDetection,Windows 10,1809,Pro,2020/06/09,17763.1282,WISPr detection scenario has cancelled for interface {InterfaceGuid},{InterfaceGuid}
2005,0,Information,Microsoft-Windows-HotspotAuth/Analytic,WISPr Detection,Stop,ut:WISPrDetection,Windows 10,1809,Pro,2020/05/12,17763.1217,WISPr detection scenario has cancelled for interface {InterfaceGuid},{InterfaceGuid}
2005,0,Information,Microsoft-Windows-HotspotAuth/Analytic,WISPr Detection,Stop,ut:WISPrDetection,Windows 10,1809,Pro,2020/04/14,17763.1158,WISPr detection scenario has cancelled for interface {InterfaceGuid},{InterfaceGuid}
2005,0,Information,Microsoft-Windows-HotspotAuth/Analytic,WISPr Detection,Stop,ut:WISPrDetection,Windows 10,1809,Pro,2020/03/12,17763.1098,WISPr detection scenario has cancelled for interface {InterfaceGuid},{InterfaceGuid}
2005,0,Information,Microsoft-Windows-HotspotAuth/Analytic,WISPr Detection,Stop,ut:WISPrDetection,Windows 10,1809,Pro,2018/11/13,17763.107,WISPr detection scenario has cancelled for interface {InterfaceGuid},{InterfaceGuid}
2005,0,Information,Microsoft-Windows-HotspotAuth/Analytic,WISPr Detection,Stop,ut:WISPrDetection,Windows 10,1809,Pro,2020/02/11,17763.1039,WISPr detection scenario has cancelled for interface {InterfaceGuid},{InterfaceGuid}
2005,0,Information,Microsoft-Windows-HotspotAuth/Analytic,WISPr Detection,Stop,ut:WISPrDetection,Windows 10,1803,Pro,2019/08/13,17134.95,WISPr detection scenario has cancelled for interface {InterfaceGuid},{InterfaceGuid}
2005,0,Information,Microsoft-Windows-HotspotAuth/Analytic,WISPr Detection,Stop,ut:WISPrDetection,Windows 10,1803,Pro,2019/07/09,17134.885,WISPr detection scenario has cancelled for interface {InterfaceGuid},{InterfaceGuid}
2005,0,Information,Microsoft-Windows-HotspotAuth/Analytic,WISPr Detection,Stop,ut:WISPrDetection,Windows 10,1803,Pro,2019/06/11,17134.829,WISPr detection scenario has cancelled for interface {InterfaceGuid},{InterfaceGuid}
2005,0,Information,Microsoft-Windows-HotspotAuth/Analytic,WISPr Detection,Stop,ut:WISPrDetection,Windows 10,1803,Pro,2019/05/19,17134.766,WISPr detection scenario has cancelled for interface {InterfaceGuid},{InterfaceGuid}
2005,0,Information,Microsoft-Windows-HotspotAuth/Analytic,WISPr Detection,Stop,ut:WISPrDetection,Windows 10,1803,Pro,2019/04/09,17134.706,WISPr detection scenario has cancelled for interface {InterfaceGuid},{InterfaceGuid}
2005,0,Information,Microsoft-Windows-HotspotAuth/Analytic,WISPr Detection,Stop,ut:WISPrDetection,Windows 10,1803,Pro,2019/03/12,17134.648,WISPr detection scenario has cancelled for interface {InterfaceGuid},{InterfaceGuid}
2005,0,Information,Microsoft-Windows-HotspotAuth/Analytic,WISPr Detection,Stop,ut:WISPrDetection,Windows 10,1803,Pro,2019/01/08,17134.523,WISPr detection scenario has cancelled for interface {InterfaceGuid},{InterfaceGuid}
2005,0,Information,Microsoft-Windows-HotspotAuth/Analytic,WISPr Detection,Stop,ut:WISPrDetection,Windows 10,1803,Pro,2018/09/11,17134.285,WISPr detection scenario has cancelled for interface {InterfaceGuid},{InterfaceGuid}
2005,0,Information,Microsoft-Windows-HotspotAuth/Analytic,WISPr Detection,Stop,ut:WISPrDetection,Windows 10,1803,Pro,2018/08/14,17134.228,WISPr detection scenario has cancelled for interface {InterfaceGuid},{InterfaceGuid}
2005,0,Information,Microsoft-Windows-HotspotAuth/Analytic,WISPr Detection,Stop,ut:WISPrDetection,Windows 10,1803,Pro,2018/06/12,17134.112,WISPr detection scenario has cancelled for interface {InterfaceGuid},{InterfaceGuid}
2005,0,Information,Microsoft-Windows-HotspotAuth/Analytic,WISPr Detection,Stop,ut:WISPrDetection,Windows 10,1803,Pro,2019/09/10,17134.1006,WISPr detection scenario has cancelled for interface {InterfaceGuid},{InterfaceGuid}
2005,0,Information,Microsoft-Windows-HotspotAuth/Analytic,WISPr Detection,Stop,ut:WISPrDetection,Windows 10,1803,Pro,1970/01/01,17134.1,WISPr detection scenario has cancelled for interface {InterfaceGuid},{InterfaceGuid}
2005,0,Information,Microsoft-Windows-HotspotAuth/Analytic,WISPr Detection,Stop,ut:WISPrDetection,Windows 10,1709,Pro,2017/11/14,16299.64,WISPr detection scenario has cancelled for interface {InterfaceGuid},{InterfaceGuid}
2005,0,Information,Microsoft-Windows-HotspotAuth/Analytic,WISPr Detection,Stop,ut:WISPrDetection,Windows 10,1709,Pro,2017/11/14,16299.15,WISPr detection scenario has cancelled for interface {InterfaceGuid},{InterfaceGuid}
2005,0,Information,Microsoft-Windows-HotspotAuth/Analytic,WISPr Detection,Stop,ut:WISPrDetection,Windows 10,1709,Pro,2017/12/12,16299.125,WISPr detection scenario has cancelled for interface {InterfaceGuid},{InterfaceGuid}
2005,0,Information,Microsoft-Windows-HotspotAuth/Analytic,WISPr Detection,Stop,ut:WISPrDetection,Windows 10,1703,Pro,2017/07/11,15063.483,WISPr detection scenario has cancelled for interface {InterfaceGuid},{InterfaceGuid}
2005,0,Information,Microsoft-Windows-HotspotAuth/Analytic,WISPr Detection,Stop,ut:WISPrDetection,Windows 10,1703,Pro,2017/06/13,15063.413,WISPr detection scenario has cancelled for interface {InterfaceGuid},{InterfaceGuid}
2005,0,Information,Microsoft-Windows-HotspotAuth/Analytic,WISPr Detection,Stop,ut:WISPrDetection,Windows 10,1703,Pro,2017/03/20,15063.0,WISPr detection scenario has cancelled for interface {InterfaceGuid},{InterfaceGuid}
2005,0,Information,Microsoft-Windows-HotspotAuth/Analytic,WISPr Detection,Stop,ut:WISPrDetection,Windows 10,1607,Pro,2016/11/08,14393.447,WISPr detection scenario has cancelled for interface {InterfaceGuid},{InterfaceGuid}
2005,0,Information,Microsoft-Windows-HotspotAuth/Analytic,WISPr Detection,Stop,ut:WISPrDetection,Windows 10,1511,Pro,2016/03/08,10586.164,WISPr detection scenario has cancelled for interface {InterfaceGuid},{InterfaceGuid}
2005,0,Information,Microsoft-Windows-HotspotAuth/Analytic,WISPr Detection,Stop,ut:WISPrDetection,Windows 10,1511,Enterprise,2016/02/09,10586.104,WISPr detection scenario has been cancelled for interface {InterfaceGuid},{InterfaceGuid}
2005,0,Information,Microsoft-Windows-HotspotAuth/Analytic,WISPr Detection,Stop,ut:WISPrDetection,Windows 10,1511,Pro,1970/01/01,10586.0,WISPr detection scenario has cancelled for interface {InterfaceGuid},{InterfaceGuid}
2005,0,Information,Microsoft-Windows-HotspotAuth/Analytic,WISPr Detection,Stop,ut:WISPrDetection,Windows 10,1507,Pro,2015/07/29,10240.0,WISPr detection scenario has cancelled for interface {InterfaceGuid},{InterfaceGuid}
2005,0,Information,Microsoft-Windows-HotspotAuth/Analytic,WISPr Detection,Stop,ut:WISPrDetection,Windows 8.1,8.1,Pro,1970/01/01,9600.0,WISPr detection scenario has cancelled for interface {InterfaceGuid},{InterfaceGuid}
2005,0,Information,Microsoft-Windows-HotspotAuth/Analytic,WISPr Detection,Stop,ut:WISPrDetection,Windows 8,8,Pro,1970/01/01,9200.0,WISPr detection scenario has cancelled for interface {InterfaceGuid},{InterfaceGuid}
2006,0,Information,Microsoft-Windows-HotspotAuth/Operational,WISPr Detection,Stop,ut:WISPrDetection,Windows 11,24H2,Pro,2024/10/2,26100.1742,The hotspot on interface {InterfaceGuid} does not support WISPr,{InterfaceGuid}
2006,0,Information,Microsoft-Windows-HotspotAuth/Operational,WISPr Detection,Stop,ut:WISPrDetection,Windows 11,22H2,Pro,2022/12/20,22621.963,The hotspot on interface {InterfaceGuid} does not support WISPr,{InterfaceGuid}
2006,0,Information,Microsoft-Windows-HotspotAuth/Operational,WISPr Detection,Stop,ut:WISPrDetection,Windows 11,22H2,Pro,2022/11/15,22621.819,The hotspot on interface {InterfaceGuid} does not support WISPr,{InterfaceGuid}
2006,0,Information,Microsoft-Windows-HotspotAuth/Operational,WISPr Detection,Stop,ut:WISPrDetection,Windows 11,22H2,Pro,2022/10/18,22621.674,The hotspot on interface {InterfaceGuid} does not support WISPr,{InterfaceGuid}
2006,0,Information,Microsoft-Windows-HotspotAuth/Operational,WISPr Detection,Stop,ut:WISPrDetection,Windows 11,22H2,Pro,2022/09/20,22621.382,The hotspot on interface {InterfaceGuid} does not support WISPr,{InterfaceGuid}
2006,0,Information,Microsoft-Windows-HotspotAuth/Operational,WISPr Detection,Stop,ut:WISPrDetection,Windows 11,22H2,Pro,2023/03/21,22621.1413,The hotspot on interface {InterfaceGuid} does not support WISPr,{InterfaceGuid}
2006,0,Information,Microsoft-Windows-HotspotAuth/Operational,WISPr Detection,Stop,ut:WISPrDetection,Windows 11,22H2,Pro,2023/02/21,22621.1265,The hotspot on interface {InterfaceGuid} does not support WISPr,{InterfaceGuid}
2006,0,Information,Microsoft-Windows-HotspotAuth/Operational,WISPr Detection,Stop,ut:WISPrDetection,Windows 11,22H2,Pro,2023/01/17,22621.1105,The hotspot on interface {InterfaceGuid} does not support WISPr,{InterfaceGuid}
2006,0,Information,Microsoft-Windows-HotspotAuth/Operational,WISPr Detection,Stop,ut:WISPrDetection,Windows 11,21H2,Pro,2022/09/20,22000.978,The hotspot on interface {InterfaceGuid} does not support WISPr,{InterfaceGuid}
2006,0,Information,Microsoft-Windows-HotspotAuth/Operational,WISPr Detection,Stop,ut:WISPrDetection,Windows 11,21H2,Pro,2022/08/16,22000.856,The hotspot on interface {InterfaceGuid} does not support WISPr,{InterfaceGuid}
2006,0,Information,Microsoft-Windows-HotspotAuth/Operational,WISPr Detection,Stop,ut:WISPrDetection,Windows 11,21H2,Pro,2022/07/19,22000.795,The hotspot on interface {InterfaceGuid} does not support WISPr,{InterfaceGuid}
2006,0,Information,Microsoft-Windows-HotspotAuth/Operational,WISPr Detection,Stop,ut:WISPrDetection,Windows 11,21H2,Pro,2022/06/21,22000.739,The hotspot on interface {InterfaceGuid} does not support WISPr,{InterfaceGuid}
2006,0,Information,Microsoft-Windows-HotspotAuth/Operational,WISPr Detection,Stop,ut:WISPrDetection,Windows 11,21H2,Pro,2022/05/17,22000.675,The hotspot on interface {InterfaceGuid} does not support WISPr,{InterfaceGuid}
2006,0,Information,Microsoft-Windows-HotspotAuth/Operational,WISPr Detection,Stop,ut:WISPrDetection,Windows 11,21H2,Pro,2022/04/19,22000.613,The hotspot on interface {InterfaceGuid} does not support WISPr,{InterfaceGuid}
2006,0,Information,Microsoft-Windows-HotspotAuth/Operational,WISPr Detection,Stop,ut:WISPrDetection,Windows 11,21H2,Pro,2022/03/15,22000.556,The hotspot on interface {InterfaceGuid} does not support WISPr,{InterfaceGuid}
2006,0,Information,Microsoft-Windows-HotspotAuth/Operational,WISPr Detection,Stop,ut:WISPrDetection,Windows 11,21H2,Pro,2022/02/15,22000.493,The hotspot on interface {InterfaceGuid} does not support WISPr,{InterfaceGuid}
2006,0,Information,Microsoft-Windows-HotspotAuth/Operational,WISPr Detection,Stop,ut:WISPrDetection,Windows 11,21H2,Pro,2022/01/11,22000.434,The hotspot on interface {InterfaceGuid} does not support WISPr,{InterfaceGuid}
2006,0,Information,Microsoft-Windows-HotspotAuth/Operational,WISPr Detection,Stop,ut:WISPrDetection,Windows 11,21H2,Pro,2021/12/14,22000.376,The hotspot on interface {InterfaceGuid} does not support WISPr,{InterfaceGuid}
2006,0,Information,Microsoft-Windows-HotspotAuth/Operational,WISPr Detection,Stop,ut:WISPrDetection,Windows 11,21H2,Pro,2021/11/09,22000.318,The hotspot on interface {InterfaceGuid} does not support WISPr,{InterfaceGuid}
2006,0,Information,Microsoft-Windows-HotspotAuth/Operational,WISPr Detection,Stop,ut:WISPrDetection,Windows 11,21H2,Pro,2021/09/16,22000.194,The hotspot on interface {InterfaceGuid} does not support WISPr,{InterfaceGuid}
2006,0,Information,Microsoft-Windows-HotspotAuth/Operational,WISPr Detection,Stop,ut:WISPrDetection,Windows 11,21H2,Pro,2023/03/21,22000.1696,The hotspot on interface {InterfaceGuid} does not support WISPr,{InterfaceGuid}
2006,0,Information,Microsoft-Windows-HotspotAuth/Operational,WISPr Detection,Stop,ut:WISPrDetection,Windows 11,21H2,Pro,2023/02/21,22000.1574,The hotspot on interface {InterfaceGuid} does not support WISPr,{InterfaceGuid}
2006,0,Information,Microsoft-Windows-HotspotAuth/Operational,WISPr Detection,Stop,ut:WISPrDetection,Windows 11,21H2,Pro,2023/01/17,22000.1455,The hotspot on interface {InterfaceGuid} does not support WISPr,{InterfaceGuid}
2006,0,Information,Microsoft-Windows-HotspotAuth/Operational,WISPr Detection,Stop,ut:WISPrDetection,Windows 11,21H2,Pro,2022/12/20,22000.1335,The hotspot on interface {InterfaceGuid} does not support WISPr,{InterfaceGuid}
2006,0,Information,Microsoft-Windows-HotspotAuth/Operational,WISPr Detection,Stop,ut:WISPrDetection,Windows 11,21H2,Pro,2022/11/15,22000.1219,The hotspot on interface {InterfaceGuid} does not support WISPr,{InterfaceGuid}
2006,0,Information,Microsoft-Windows-HotspotAuth/Operational,WISPr Detection,Stop,ut:WISPrDetection,Windows 11,21H2,Pro,2022/10/18,22000.1098,The hotspot on interface {InterfaceGuid} does not support WISPr,{InterfaceGuid}
2006,0,Information,Microsoft-Windows-HotspotAuth/Operational,WISPr Detection,Stop,ut:WISPrDetection,Windows 11,21H2,Pro-Dev,1970/01/01,21996.1,The hotspot on interface {InterfaceGuid} does not support WISPr,{InterfaceGuid}
2006,0,Information,Microsoft-Windows-HotspotAuth/Operational,WISPr Detection,Stop,ut:WISPrDetection,Windows 10,22H2,Pro,2023/03/21,19045.2728,The hotspot on interface {InterfaceGuid} does not support WISPr,{InterfaceGuid}
2006,0,Information,Microsoft-Windows-HotspotAuth/Operational,WISPr Detection,Stop,ut:WISPrDetection,Windows 10,22H2,Pro,2023/02/21,19045.2604,The hotspot on interface {InterfaceGuid} does not support WISPr,{InterfaceGuid}
2006,0,Information,Microsoft-Windows-HotspotAuth/Operational,WISPr Detection,Stop,ut:WISPrDetection,Windows 10,22H2,Pro,2023/01/17,19045.2486,The hotspot on interface {InterfaceGuid} does not support WISPr,{InterfaceGuid}
2006,0,Information,Microsoft-Windows-HotspotAuth/Operational,WISPr Detection,Stop,ut:WISPrDetection,Windows 10,22H2,Pro,2022/12/20,19045.2364,The hotspot on interface {InterfaceGuid} does not support WISPr,{InterfaceGuid}
2006,0,Information,Microsoft-Windows-HotspotAuth/Operational,WISPr Detection,Stop,ut:WISPrDetection,Windows 10,22H2,Pro,2022/11/15,19045.2251,The hotspot on interface {InterfaceGuid} does not support WISPr,{InterfaceGuid}
2006,0,Information,Microsoft-Windows-HotspotAuth/Operational,WISPr Detection,Stop,ut:WISPrDetection,Windows 10,21H2,Pro,2023/03/21,19044.2728,The hotspot on interface {InterfaceGuid} does not support WISPr,{InterfaceGuid}
2006,0,Information,Microsoft-Windows-HotspotAuth/Operational,WISPr Detection,Stop,ut:WISPrDetection,Windows 10,21H2,Pro,2023/02/21,19044.2604,The hotspot on interface {InterfaceGuid} does not support WISPr,{InterfaceGuid}
2006,0,Information,Microsoft-Windows-HotspotAuth/Operational,WISPr Detection,Stop,ut:WISPrDetection,Windows 10,21H2,Pro,2023/01/17,19044.2486,The hotspot on interface {InterfaceGuid} does not support WISPr,{InterfaceGuid}
2006,0,Information,Microsoft-Windows-HotspotAuth/Operational,WISPr Detection,Stop,ut:WISPrDetection,Windows 10,21H2,Pro,2022/12/20,19044.2364,The hotspot on interface {InterfaceGuid} does not support WISPr,{InterfaceGuid}
2006,0,Information,Microsoft-Windows-HotspotAuth/Operational,WISPr Detection,Stop,ut:WISPrDetection,Windows 10,21H2,Pro,2022/11/15,19044.2251,The hotspot on interface {InterfaceGuid} does not support WISPr,{InterfaceGuid}
2006,0,Information,Microsoft-Windows-HotspotAuth/Operational,WISPr Detection,Stop,ut:WISPrDetection,Windows 10,21H2,Pro,2022/10/18,19044.213,The hotspot on interface {InterfaceGuid} does not support WISPr,{InterfaceGuid}
2006,0,Information,Microsoft-Windows-HotspotAuth/Operational,WISPr Detection,Stop,ut:WISPrDetection,Windows 10,21H2,Pro,2022/09/20,19044.2006,The hotspot on interface {InterfaceGuid} does not support WISPr,{InterfaceGuid}
2006,0,Information,Microsoft-Windows-HotspotAuth/Operational,WISPr Detection,Stop,ut:WISPrDetection,Windows 10,21H2,Pro,2022/08/16,19044.1889,The hotspot on interface {InterfaceGuid} does not support WISPr,{InterfaceGuid}
2006,0,Information,Microsoft-Windows-HotspotAuth/Operational,WISPr Detection,Stop,ut:WISPrDetection,Windows 10,21H2,Pro,2022/07/19,19044.1826,The hotspot on interface {InterfaceGuid} does not support WISPr,{InterfaceGuid}
2006,0,Information,Microsoft-Windows-HotspotAuth/Operational,WISPr Detection,Stop,ut:WISPrDetection,Windows 10,21H2,Pro,2022/06/21,19044.1766,The hotspot on interface {InterfaceGuid} does not support WISPr,{InterfaceGuid}
2006,0,Information,Microsoft-Windows-HotspotAuth/Operational,WISPr Detection,Stop,ut:WISPrDetection,Windows 10,21H2,Pro,2022/05/17,19044.1706,The hotspot on interface {InterfaceGuid} does not support WISPr,{InterfaceGuid}
2006,0,Information,Microsoft-Windows-HotspotAuth/Operational,WISPr Detection,Stop,ut:WISPrDetection,Windows 10,21H2,Pro,2022/04/19,19044.1645,The hotspot on interface {InterfaceGuid} does not support WISPr,{InterfaceGuid}
2006,0,Information,Microsoft-Windows-HotspotAuth/Operational,WISPr Detection,Stop,ut:WISPrDetection,Windows 10,21H2,Pro,2022/01/11,19044.1466,The hotspot on interface {InterfaceGuid} does not support WISPr,{InterfaceGuid}
2006,0,Information,Microsoft-Windows-HotspotAuth/Operational,WISPr Detection,Stop,ut:WISPrDetection,Windows 10,21H2,Pro,2021/10/12,19044.1288,The hotspot on interface {InterfaceGuid} does not support WISPr,{InterfaceGuid}
2006,0,Information,Microsoft-Windows-HotspotAuth/Operational,WISPr Detection,Stop,ut:WISPrDetection,Windows 10,21H1,Pro,2021/04/13,19043.928,The hotspot on interface {InterfaceGuid} does not support WISPr,{InterfaceGuid}
2006,0,Information,Microsoft-Windows-HotspotAuth/Operational,WISPr Detection,Stop,ut:WISPrDetection,Windows 10,21H1,Pro,2022/12/20,19043.2364,The hotspot on interface {InterfaceGuid} does not support WISPr,{InterfaceGuid}
2006,0,Information,Microsoft-Windows-HotspotAuth/Operational,WISPr Detection,Stop,ut:WISPrDetection,Windows 10,21H1,Pro,2022/11/15,19043.2251,The hotspot on interface {InterfaceGuid} does not support WISPr,{InterfaceGuid}
2006,0,Information,Microsoft-Windows-HotspotAuth/Operational,WISPr Detection,Stop,ut:WISPrDetection,Windows 10,21H1,Pro,2022/10/18,19043.213,The hotspot on interface {InterfaceGuid} does not support WISPr,{InterfaceGuid}
2006,0,Information,Microsoft-Windows-HotspotAuth/Operational,WISPr Detection,Stop,ut:WISPrDetection,Windows 10,21H1,Pro,2022/09/20,19043.2006,The hotspot on interface {InterfaceGuid} does not support WISPr,{InterfaceGuid}
2006,0,Information,Microsoft-Windows-HotspotAuth/Operational,WISPr Detection,Stop,ut:WISPrDetection,Windows 10,21H1,Pro,2022/08/16,19043.1889,The hotspot on interface {InterfaceGuid} does not support WISPr,{InterfaceGuid}
2006,0,Information,Microsoft-Windows-HotspotAuth/Operational,WISPr Detection,Stop,ut:WISPrDetection,Windows 10,21H1,Pro,2022/07/19,19043.1826,The hotspot on interface {InterfaceGuid} does not support WISPr,{InterfaceGuid}
2006,0,Information,Microsoft-Windows-HotspotAuth/Operational,WISPr Detection,Stop,ut:WISPrDetection,Windows 10,21H1,Pro,2022/06/21,19043.1766,The hotspot on interface {InterfaceGuid} does not support WISPr,{InterfaceGuid}
2006,0,Information,Microsoft-Windows-HotspotAuth/Operational,WISPr Detection,Stop,ut:WISPrDetection,Windows 10,21H1,Pro,2022/05/17,19043.1706,The hotspot on interface {InterfaceGuid} does not support WISPr,{InterfaceGuid}
2006,0,Information,Microsoft-Windows-HotspotAuth/Operational,WISPr Detection,Stop,ut:WISPrDetection,Windows 10,21H1,Pro,2022/04/19,19043.1645,The hotspot on interface {InterfaceGuid} does not support WISPr,{InterfaceGuid}
2006,0,Information,Microsoft-Windows-HotspotAuth/Operational,WISPr Detection,Stop,ut:WISPrDetection,Windows 10,21H1,Pro,2022/01/11,19043.1466,The hotspot on interface {InterfaceGuid} does not support WISPr,{InterfaceGuid}
2006,0,Information,Microsoft-Windows-HotspotAuth/Operational,WISPr Detection,Stop,ut:WISPrDetection,Windows 10,21H1,Pro,2021/12/14,19043.1415,The hotspot on interface {InterfaceGuid} does not support WISPr,{InterfaceGuid}
2006,0,Information,Microsoft-Windows-HotspotAuth/Operational,WISPr Detection,Stop,ut:WISPrDetection,Windows 10,21H2,Pro,2021/12/14,19043.1415,The hotspot on interface {InterfaceGuid} does not support WISPr,{InterfaceGuid}
2006,0,Information,Microsoft-Windows-HotspotAuth/Operational,WISPr Detection,Stop,ut:WISPrDetection,Windows 10,21H1,Pro,2021/11/09,19043.1348,The hotspot on interface {InterfaceGuid} does not support WISPr,{InterfaceGuid}
2006,0,Information,Microsoft-Windows-HotspotAuth/Operational,WISPr Detection,Stop,ut:WISPrDetection,Windows 10,21H1,Pro,2021/10/12,19043.1288,The hotspot on interface {InterfaceGuid} does not support WISPr,{InterfaceGuid}
2006,0,Information,Microsoft-Windows-HotspotAuth/Operational,WISPr Detection,Stop,ut:WISPrDetection,Windows 10,21H1,Pro,2021/09/14,19043.1237,The hotspot on interface {InterfaceGuid} does not support WISPr,{InterfaceGuid}
2006,0,Information,Microsoft-Windows-HotspotAuth/Operational,WISPr Detection,Stop,ut:WISPrDetection,Windows 10,21H1,Pro,2021/08/10,19043.1165,The hotspot on interface {InterfaceGuid} does not support WISPr,{InterfaceGuid}
2006,0,Information,Microsoft-Windows-HotspotAuth/Operational,WISPr Detection,Stop,ut:WISPrDetection,Windows 10,21H1,Pro,2021/07/13,19043.111,The hotspot on interface {InterfaceGuid} does not support WISPr,{InterfaceGuid}
2006,0,Information,Microsoft-Windows-HotspotAuth/Operational,WISPr Detection,Stop,ut:WISPrDetection,Windows 10,21H1,Pro,2021/06/08,19043.1052,The hotspot on interface {InterfaceGuid} does not support WISPr,{InterfaceGuid}
2006,0,Information,Microsoft-Windows-HotspotAuth/Operational,WISPr Detection,Stop,ut:WISPrDetection,Windows 10,20H2,Pro,2022/04/19,19042.1645,The hotspot on interface {InterfaceGuid} does not support WISPr,{InterfaceGuid}
2006,0,Information,Microsoft-Windows-HotspotAuth/Operational,WISPr Detection,Stop,ut:WISPrDetection,Windows 10,20H2,Pro,2022/01/11,19042.1466,The hotspot on interface {InterfaceGuid} does not support WISPr,{InterfaceGuid}
2006,0,Information,Microsoft-Windows-HotspotAuth/Operational,WISPr Detection,Stop,ut:WISPrDetection,Windows 10,2004,Pro,2021/05/11,19041.985,The hotspot on interface {InterfaceGuid} does not support WISPr,{InterfaceGuid}
2006,0,Information,Microsoft-Windows-HotspotAuth/Operational,WISPr Detection,Stop,ut:WISPrDetection,Windows 10,20H2,Pro,2021/05/11,19041.985,The hotspot on interface {InterfaceGuid} does not support WISPr,{InterfaceGuid}
2006,0,Information,Microsoft-Windows-HotspotAuth/Operational,WISPr Detection,Stop,ut:WISPrDetection,Windows 10,2004,Pro,2021/04/13,19041.928,The hotspot on interface {InterfaceGuid} does not support WISPr,{InterfaceGuid}
2006,0,Information,Microsoft-Windows-HotspotAuth/Operational,WISPr Detection,Stop,ut:WISPrDetection,Windows 10,20H2,Pro,2021/04/13,19041.928,The hotspot on interface {InterfaceGuid} does not support WISPr,{InterfaceGuid}
2006,0,Information,Microsoft-Windows-HotspotAuth/Operational,WISPr Detection,Stop,ut:WISPrDetection,Windows 10,2004,Pro,2021/03/09,19041.867,The hotspot on interface {InterfaceGuid} does not support WISPr,{InterfaceGuid}
2006,0,Information,Microsoft-Windows-HotspotAuth/Operational,WISPr Detection,Stop,ut:WISPrDetection,Windows 10,20H2,Pro,2021/03/09,19041.867,The hotspot on interface {InterfaceGuid} does not support WISPr,{InterfaceGuid}
2006,0,Information,Microsoft-Windows-HotspotAuth/Operational,WISPr Detection,Stop,ut:WISPrDetection,Windows 10,2004,Pro,2021/02/09,19041.804,The hotspot on interface {InterfaceGuid} does not support WISPr,{InterfaceGuid}
2006,0,Information,Microsoft-Windows-HotspotAuth/Operational,WISPr Detection,Stop,ut:WISPrDetection,Windows 10,20H2,Pro,2021/02/09,19041.804,The hotspot on interface {InterfaceGuid} does not support WISPr,{InterfaceGuid}
2006,0,Information,Microsoft-Windows-HotspotAuth/Operational,WISPr Detection,Stop,ut:WISPrDetection,Windows 10,2004,Pro,2021/01/12,19041.746,The hotspot on interface {InterfaceGuid} does not support WISPr,{InterfaceGuid}
2006,0,Information,Microsoft-Windows-HotspotAuth/Operational,WISPr Detection,Stop,ut:WISPrDetection,Windows 10,20H2,Pro,2021/01/12,19041.746,The hotspot on interface {InterfaceGuid} does not support WISPr,{InterfaceGuid}
2006,0,Information,Microsoft-Windows-HotspotAuth/Operational,WISPr Detection,Stop,ut:WISPrDetection,Windows 10,2004,Pro,2020/12/08,19041.685,The hotspot on interface {InterfaceGuid} does not support WISPr,{InterfaceGuid}
2006,0,Information,Microsoft-Windows-HotspotAuth/Operational,WISPr Detection,Stop,ut:WISPrDetection,Windows 10,20H2,Pro,2020/12/08,19041.685,The hotspot on interface {InterfaceGuid} does not support WISPr,{InterfaceGuid}
2006,0,Information,Microsoft-Windows-HotspotAuth/Operational,WISPr Detection,Stop,ut:WISPrDetection,Windows 10,20H2,Pro,2020/11/19,19041.631,The hotspot on interface {InterfaceGuid} does not support WISPr,{InterfaceGuid}
2006,0,Information,Microsoft-Windows-HotspotAuth/Operational,WISPr Detection,Stop,ut:WISPrDetection,Windows 10,2004,Pro,2020/11/10,19041.63,The hotspot on interface {InterfaceGuid} does not support WISPr,{InterfaceGuid}
2006,0,Information,Microsoft-Windows-HotspotAuth/Operational,WISPr Detection,Stop,ut:WISPrDetection,Windows 10,2004,Pro,2020/10/13,19041.572,The hotspot on interface {InterfaceGuid} does not support WISPr,{InterfaceGuid}
2006,0,Information,Microsoft-Windows-HotspotAuth/Operational,WISPr Detection,Stop,ut:WISPrDetection,Windows 10,2004,Pro,2020/09/08,19041.508,The hotspot on interface {InterfaceGuid} does not support WISPr,{InterfaceGuid}
2006,0,Information,Microsoft-Windows-HotspotAuth/Operational,WISPr Detection,Stop,ut:WISPrDetection,Windows 10,2004,Pro,2020/08/11,19041.45,The hotspot on interface {InterfaceGuid} does not support WISPr,{InterfaceGuid}
2006,0,Information,Microsoft-Windows-HotspotAuth/Operational,WISPr Detection,Stop,ut:WISPrDetection,Windows 10,2004,Pro,2020/07/14,19041.388,The hotspot on interface {InterfaceGuid} does not support WISPr,{InterfaceGuid}
2006,0,Information,Microsoft-Windows-HotspotAuth/Operational,WISPr Detection,Stop,ut:WISPrDetection,Windows 10,2004,Pro,2020/06/09,19041.329,The hotspot on interface {InterfaceGuid} does not support WISPr,{InterfaceGuid}
2006,0,Information,Microsoft-Windows-HotspotAuth/Operational,WISPr Detection,Stop,ut:WISPrDetection,Windows 10,2004,Pro,2020/05/27,19041.264,The hotspot on interface {InterfaceGuid} does not support WISPr,{InterfaceGuid}
2006,0,Information,Microsoft-Windows-HotspotAuth/Operational,WISPr Detection,Stop,ut:WISPrDetection,Windows 10,2004,Pro,2020/04/16,19041.208,The hotspot on interface {InterfaceGuid} does not support WISPr,{InterfaceGuid}
2006,0,Information,Microsoft-Windows-HotspotAuth/Operational,WISPr Detection,Stop,ut:WISPrDetection,Windows 10,21H1,Pro,2022/03/15,19041.1586,The hotspot on interface {InterfaceGuid} does not support WISPr,{InterfaceGuid}
2006,0,Information,Microsoft-Windows-HotspotAuth/Operational,WISPr Detection,Stop,ut:WISPrDetection,Windows 10,20H2,Pro,2022/03/15,19041.1586,The hotspot on interface {InterfaceGuid} does not support WISPr,{InterfaceGuid}
2006,0,Information,Microsoft-Windows-HotspotAuth/Operational,WISPr Detection,Stop,ut:WISPrDetection,Windows 10,21H2,Pro,2022/03/15,19041.1586,The hotspot on interface {InterfaceGuid} does not support WISPr,{InterfaceGuid}
2006,0,Information,Microsoft-Windows-HotspotAuth/Operational,WISPr Detection,Stop,ut:WISPrDetection,Windows 10,21H1,Pro,2022/02/15,19041.1526,The hotspot on interface {InterfaceGuid} does not support WISPr,{InterfaceGuid}
2006,0,Information,Microsoft-Windows-HotspotAuth/Operational,WISPr Detection,Stop,ut:WISPrDetection,Windows 10,20H2,Pro,2022/02/15,19041.1526,The hotspot on interface {InterfaceGuid} does not support WISPr,{InterfaceGuid}
2006,0,Information,Microsoft-Windows-HotspotAuth/Operational,WISPr Detection,Stop,ut:WISPrDetection,Windows 10,21H2,Pro,2022/02/15,19041.1526,The hotspot on interface {InterfaceGuid} does not support WISPr,{InterfaceGuid}
2006,0,Information,Microsoft-Windows-HotspotAuth/Operational,WISPr Detection,Stop,ut:WISPrDetection,Windows 10,20H2,Pro,2021/12/14,19041.1415,The hotspot on interface {InterfaceGuid} does not support WISPr,{InterfaceGuid}
2006,0,Information,Microsoft-Windows-HotspotAuth/Operational,WISPr Detection,Stop,ut:WISPrDetection,Windows 10,2004,Pro,2021/11/09,19041.1348,The hotspot on interface {InterfaceGuid} does not support WISPr,{InterfaceGuid}
2006,0,Information,Microsoft-Windows-HotspotAuth/Operational,WISPr Detection,Stop,ut:WISPrDetection,Windows 10,20H2,Pro,2021/11/09,19041.1348,The hotspot on interface {InterfaceGuid} does not support WISPr,{InterfaceGuid}
2006,0,Information,Microsoft-Windows-HotspotAuth/Operational,WISPr Detection,Stop,ut:WISPrDetection,Windows 10,2004,Pro,2021/10/12,19041.1288,The hotspot on interface {InterfaceGuid} does not support WISPr,{InterfaceGuid}
2006,0,Information,Microsoft-Windows-HotspotAuth/Operational,WISPr Detection,Stop,ut:WISPrDetection,Windows 10,20H2,Pro,2021/10/12,19041.1288,The hotspot on interface {InterfaceGuid} does not support WISPr,{InterfaceGuid}
2006,0,Information,Microsoft-Windows-HotspotAuth/Operational,WISPr Detection,Stop,ut:WISPrDetection,Windows 10,2004,Pro,2021/09/14,19041.1237,The hotspot on interface {InterfaceGuid} does not support WISPr,{InterfaceGuid}
2006,0,Information,Microsoft-Windows-HotspotAuth/Operational,WISPr Detection,Stop,ut:WISPrDetection,Windows 10,20H2,Pro,2021/09/14,19041.1237,The hotspot on interface {InterfaceGuid} does not support WISPr,{InterfaceGuid}
2006,0,Information,Microsoft-Windows-HotspotAuth/Operational,WISPr Detection,Stop,ut:WISPrDetection,Windows 10,2004,Pro,2021/08/10,19041.1165,The hotspot on interface {InterfaceGuid} does not support WISPr,{InterfaceGuid}
2006,0,Information,Microsoft-Windows-HotspotAuth/Operational,WISPr Detection,Stop,ut:WISPrDetection,Windows 10,20H2,Pro,2021/08/10,19041.1165,The hotspot on interface {InterfaceGuid} does not support WISPr,{InterfaceGuid}
2006,0,Information,Microsoft-Windows-HotspotAuth/Operational,WISPr Detection,Stop,ut:WISPrDetection,Windows 10,2004,Pro,2021/07/13,19041.111,The hotspot on interface {InterfaceGuid} does not support WISPr,{InterfaceGuid}
2006,0,Information,Microsoft-Windows-HotspotAuth/Operational,WISPr Detection,Stop,ut:WISPrDetection,Windows 10,20H2,Pro,2021/07/13,19041.111,The hotspot on interface {InterfaceGuid} does not support WISPr,{InterfaceGuid}
2006,0,Information,Microsoft-Windows-HotspotAuth/Operational,WISPr Detection,Stop,ut:WISPrDetection,Windows 10,2004,Pro,2021/06/08,19041.1052,The hotspot on interface {InterfaceGuid} does not support WISPr,{InterfaceGuid}
2006,0,Information,Microsoft-Windows-HotspotAuth/Operational,WISPr Detection,Stop,ut:WISPrDetection,Windows 10,20H2,Pro,2021/06/08,19041.1052,The hotspot on interface {InterfaceGuid} does not support WISPr,{InterfaceGuid}
2006,0,Information,Microsoft-Windows-HotspotAuth/Operational,WISPr Detection,Stop,ut:WISPrDetection,Windows 10,1909,Pro,2020/07/14,18363.959,The hotspot on interface {InterfaceGuid} does not support WISPr,{InterfaceGuid}
2006,0,Information,Microsoft-Windows-HotspotAuth/Operational,WISPr Detection,Stop,ut:WISPrDetection,Windows 10,1909,Pro,2020/06/09,18363.9,The hotspot on interface {InterfaceGuid} does not support WISPr,{InterfaceGuid}
2006,0,Information,Microsoft-Windows-HotspotAuth/Operational,WISPr Detection,Stop,ut:WISPrDetection,Windows 10,1909,Pro,2020/05/12,18363.836,The hotspot on interface {InterfaceGuid} does not support WISPr,{InterfaceGuid}
2006,0,Information,Microsoft-Windows-HotspotAuth/Operational,WISPr Detection,Stop,ut:WISPrDetection,Windows 10,1909,Pro,2020/04/14,18363.778,The hotspot on interface {InterfaceGuid} does not support WISPr,{InterfaceGuid}
2006,0,Information,Microsoft-Windows-HotspotAuth/Operational,WISPr Detection,Stop,ut:WISPrDetection,Windows 10,1909,Pro,2020/03/12,18363.72,The hotspot on interface {InterfaceGuid} does not support WISPr,{InterfaceGuid}
2006,0,Information,Microsoft-Windows-HotspotAuth/Operational,WISPr Detection,Stop,ut:WISPrDetection,Windows 10,1909,Pro,2020/02/11,18363.657,The hotspot on interface {InterfaceGuid} does not support WISPr,{InterfaceGuid}
2006,0,Information,Microsoft-Windows-HotspotAuth/Operational,WISPr Detection,Stop,ut:WISPrDetection,Windows 10,1909,Pro,2020/01/14,18363.592,The hotspot on interface {InterfaceGuid} does not support WISPr,{InterfaceGuid}
2006,0,Information,Microsoft-Windows-HotspotAuth/Operational,WISPr Detection,Stop,ut:WISPrDetection,Windows 10,1909,Pro,2019/12/10,18363.535,The hotspot on interface {InterfaceGuid} does not support WISPr,{InterfaceGuid}
2006,0,Information,Microsoft-Windows-HotspotAuth/Operational,WISPr Detection,Stop,ut:WISPrDetection,Windows 10,1909,Pro,2019/10/05,18363.418,The hotspot on interface {InterfaceGuid} does not support WISPr,{InterfaceGuid}
2006,0,Information,Microsoft-Windows-HotspotAuth/Operational,WISPr Detection,Stop,ut:WISPrDetection,Windows 10,1909,Pro,2021/06/08,18363.1621,The hotspot on interface {InterfaceGuid} does not support WISPr,{InterfaceGuid}
2006,0,Information,Microsoft-Windows-HotspotAuth/Operational,WISPr Detection,Stop,ut:WISPrDetection,Windows 10,1909,Pro,2021/05/11,18363.1556,The hotspot on interface {InterfaceGuid} does not support WISPr,{InterfaceGuid}
2006,0,Information,Microsoft-Windows-HotspotAuth/Operational,WISPr Detection,Stop,ut:WISPrDetection,Windows 10,1909,Pro,2021/04/13,18363.15,The hotspot on interface {InterfaceGuid} does not support WISPr,{InterfaceGuid}
2006,0,Information,Microsoft-Windows-HotspotAuth/Operational,WISPr Detection,Stop,ut:WISPrDetection,Windows 10,1909,Pro,2021/03/09,18363.144,The hotspot on interface {InterfaceGuid} does not support WISPr,{InterfaceGuid}
2006,0,Information,Microsoft-Windows-HotspotAuth/Operational,WISPr Detection,Stop,ut:WISPrDetection,Windows 10,1909,Pro,2021/02/11,18363.1379,The hotspot on interface {InterfaceGuid} does not support WISPr,{InterfaceGuid}
2006,0,Information,Microsoft-Windows-HotspotAuth/Operational,WISPr Detection,Stop,ut:WISPrDetection,Windows 10,1909,Pro,2021/01/12,18363.1316,The hotspot on interface {InterfaceGuid} does not support WISPr,{InterfaceGuid}
2006,0,Information,Microsoft-Windows-HotspotAuth/Operational,WISPr Detection,Stop,ut:WISPrDetection,Windows 10,1909,Pro,2020/12/08,18363.1256,The hotspot on interface {InterfaceGuid} does not support WISPr,{InterfaceGuid}
2006,0,Information,Microsoft-Windows-HotspotAuth/Operational,WISPr Detection,Stop,ut:WISPrDetection,Windows 10,1909,Pro,2020/11/10,18363.1198,The hotspot on interface {InterfaceGuid} does not support WISPr,{InterfaceGuid}
2006,0,Information,Microsoft-Windows-HotspotAuth/Operational,WISPr Detection,Stop,ut:WISPrDetection,Windows 10,1909,Pro,2020/10/13,18363.1139,The hotspot on interface {InterfaceGuid} does not support WISPr,{InterfaceGuid}
2006,0,Information,Microsoft-Windows-HotspotAuth/Operational,WISPr Detection,Stop,ut:WISPrDetection,Windows 10,1909,Pro,2020/09/08,18363.1082,The hotspot on interface {InterfaceGuid} does not support WISPr,{InterfaceGuid}
2006,0,Information,Microsoft-Windows-HotspotAuth/Operational,WISPr Detection,Stop,ut:WISPrDetection,Windows 10,1909,Pro,2020/08/11,18363.1016,The hotspot on interface {InterfaceGuid} does not support WISPr,{InterfaceGuid}
2006,0,Information,Microsoft-Windows-HotspotAuth/Operational,WISPr Detection,Stop,ut:WISPrDetection,Windows 10,1903,Pro,2020/07/14,18362.959,The hotspot on interface {InterfaceGuid} does not support WISPr,{InterfaceGuid}
2006,0,Information,Microsoft-Windows-HotspotAuth/Operational,WISPr Detection,Stop,ut:WISPrDetection,Windows 10,1903,Pro,2020/05/12,18362.836,The hotspot on interface {InterfaceGuid} does not support WISPr,{InterfaceGuid}
2006,0,Information,Microsoft-Windows-HotspotAuth/Operational,WISPr Detection,Stop,ut:WISPrDetection,Windows 10,1903,Pro,2020/03/12,18362.72,The hotspot on interface {InterfaceGuid} does not support WISPr,{InterfaceGuid}
2006,0,Information,Microsoft-Windows-HotspotAuth/Operational,WISPr Detection,Stop,ut:WISPrDetection,Windows 10,1903,Pro,2020/02/11,18362.657,The hotspot on interface {InterfaceGuid} does not support WISPr,{InterfaceGuid}
2006,0,Information,Microsoft-Windows-HotspotAuth/Operational,WISPr Detection,Stop,ut:WISPrDetection,Windows 10,1903,Pro,2019/12/10,18362.535,The hotspot on interface {InterfaceGuid} does not support WISPr,{InterfaceGuid}
2006,0,Information,Microsoft-Windows-HotspotAuth/Operational,WISPr Detection,Stop,ut:WISPrDetection,Windows 10,1903,Pro,2019/11/12,18362.476,The hotspot on interface {InterfaceGuid} does not support WISPr,{InterfaceGuid}
2006,0,Information,Microsoft-Windows-HotspotAuth/Operational,WISPr Detection,Stop,ut:WISPrDetection,Windows 10,1903,Pro,2019/09/10,18362.356,The hotspot on interface {InterfaceGuid} does not support WISPr,{InterfaceGuid}
2006,0,Information,Microsoft-Windows-HotspotAuth/Operational,WISPr Detection,Stop,ut:WISPrDetection,Windows 10,1903,Pro,2019/03/29,18362.3,The hotspot on interface {InterfaceGuid} does not support WISPr,{InterfaceGuid}
2006,0,Information,Microsoft-Windows-HotspotAuth/Operational,WISPr Detection,Stop,ut:WISPrDetection,Windows 10,1903,Pro,2019/07/09,18362.239,The hotspot on interface {InterfaceGuid} does not support WISPr,{InterfaceGuid}
2006,0,Information,Microsoft-Windows-HotspotAuth/Operational,WISPr Detection,Stop,ut:WISPrDetection,Windows 10,1903,Pro,2019/06/11,18362.175,The hotspot on interface {InterfaceGuid} does not support WISPr,{InterfaceGuid}
2006,0,Information,Microsoft-Windows-HotspotAuth/Operational,WISPr Detection,Stop,ut:WISPrDetection,Windows 10,1903,Pro,2020/12/08,18362.1256,The hotspot on interface {InterfaceGuid} does not support WISPr,{InterfaceGuid}
2006,0,Information,Microsoft-Windows-HotspotAuth/Operational,WISPr Detection,Stop,ut:WISPrDetection,Windows 10,1903,Pro,2020/11/10,18362.1198,The hotspot on interface {InterfaceGuid} does not support WISPr,{InterfaceGuid}
2006,0,Information,Microsoft-Windows-HotspotAuth/Operational,WISPr Detection,Stop,ut:WISPrDetection,Windows 10,1903,Pro,2020/10/13,18362.1139,The hotspot on interface {InterfaceGuid} does not support WISPr,{InterfaceGuid}
2006,0,Information,Microsoft-Windows-HotspotAuth/Operational,WISPr Detection,Stop,ut:WISPrDetection,Windows 10,1903,Pro,2020/09/08,18362.1082,The hotspot on interface {InterfaceGuid} does not support WISPr,{InterfaceGuid}
2006,0,Information,Microsoft-Windows-HotspotAuth/Operational,WISPr Detection,Stop,ut:WISPrDetection,Windows 10,1903,Pro,2019/12/10,18362.1016,The hotspot on interface {InterfaceGuid} does not support WISPr,{InterfaceGuid}
2006,0,Information,Microsoft-Windows-HotspotAuth/Operational,WISPr Detection,Stop,ut:WISPrDetection,Windows 10,1809,Pro,2020/01/14,17763.973,The hotspot on interface {InterfaceGuid} does not support WISPr,{InterfaceGuid}
2006,0,Information,Microsoft-Windows-HotspotAuth/Operational,WISPr Detection,Stop,ut:WISPrDetection,Windows 10,1809,Pro,2019/12/10,17763.914,The hotspot on interface {InterfaceGuid} does not support WISPr,{InterfaceGuid}
2006,0,Information,Microsoft-Windows-HotspotAuth/Operational,WISPr Detection,Stop,ut:WISPrDetection,Windows 10,1809,Pro,2019/11/12,17763.864,The hotspot on interface {InterfaceGuid} does not support WISPr,{InterfaceGuid}
2006,0,Information,Microsoft-Windows-HotspotAuth/Operational,WISPr Detection,Stop,ut:WISPrDetection,Windows 10,1809,Pro,2019/10/08,17763.805,The hotspot on interface {InterfaceGuid} does not support WISPr,{InterfaceGuid}
2006,0,Information,Microsoft-Windows-HotspotAuth/Operational,WISPr Detection,Stop,ut:WISPrDetection,Windows 10,1809,Pro,2019/09/10,17763.737,The hotspot on interface {InterfaceGuid} does not support WISPr,{InterfaceGuid}
2006,0,Information,Microsoft-Windows-HotspotAuth/Operational,WISPr Detection,Stop,ut:WISPrDetection,Windows 10,1809,Pro,2019/08/13,17763.678,The hotspot on interface {InterfaceGuid} does not support WISPr,{InterfaceGuid}
2006,0,Information,Microsoft-Windows-HotspotAuth/Operational,WISPr Detection,Stop,ut:WISPrDetection,Windows 10,1809,Pro,2019/07/09,17763.615,The hotspot on interface {InterfaceGuid} does not support WISPr,{InterfaceGuid}
2006,0,Information,Microsoft-Windows-HotspotAuth/Operational,WISPr Detection,Stop,ut:WISPrDetection,Windows 10,1809,Pro,2019/06/11,17763.557,The hotspot on interface {InterfaceGuid} does not support WISPr,{InterfaceGuid}
2006,0,Information,Microsoft-Windows-HotspotAuth/Operational,WISPr Detection,Stop,ut:WISPrDetection,Windows 10,1809,Pro,2019/05/19,17763.504,The hotspot on interface {InterfaceGuid} does not support WISPr,{InterfaceGuid}
2006,0,Information,Microsoft-Windows-HotspotAuth/Operational,WISPr Detection,Stop,ut:WISPrDetection,Windows 10,1809,Pro,2019/04/09,17763.437,The hotspot on interface {InterfaceGuid} does not support WISPr,{InterfaceGuid}
2006,0,Information,Microsoft-Windows-HotspotAuth/Operational,WISPr Detection,Stop,ut:WISPrDetection,Windows 10,1809,Pro,2019/03/12,17763.379,The hotspot on interface {InterfaceGuid} does not support WISPr,{InterfaceGuid}
2006,0,Information,Microsoft-Windows-HotspotAuth/Operational,WISPr Detection,Stop,ut:WISPrDetection,Windows 10,1809,Pro,2019/02/12,17763.316,The hotspot on interface {InterfaceGuid} does not support WISPr,{InterfaceGuid}
2006,0,Information,Microsoft-Windows-HotspotAuth/Operational,WISPr Detection,Stop,ut:WISPrDetection,Windows 10,1803,Pro,2019/01/08,17763.253,The hotspot on interface {InterfaceGuid} does not support WISPr,{InterfaceGuid}
2006,0,Information,Microsoft-Windows-HotspotAuth/Operational,WISPr Detection,Stop,ut:WISPrDetection,Windows 10,1809,Pro,2018/12/11,17763.194,The hotspot on interface {InterfaceGuid} does not support WISPr,{InterfaceGuid}
2006,0,Information,Microsoft-Windows-HotspotAuth/Operational,WISPr Detection,Stop,ut:WISPrDetection,Windows 10,1809,Pro,2020/11/10,17763.1577,The hotspot on interface {InterfaceGuid} does not support WISPr,{InterfaceGuid}
2006,0,Information,Microsoft-Windows-HotspotAuth/Operational,WISPr Detection,Stop,ut:WISPrDetection,Windows 10,1809,Pro,2020/10/13,17763.1518,The hotspot on interface {InterfaceGuid} does not support WISPr,{InterfaceGuid}
2006,0,Information,Microsoft-Windows-HotspotAuth/Operational,WISPr Detection,Stop,ut:WISPrDetection,Windows 10,1809,Pro,2020/09/08,17763.1457,The hotspot on interface {InterfaceGuid} does not support WISPr,{InterfaceGuid}
2006,0,Information,Microsoft-Windows-HotspotAuth/Operational,WISPr Detection,Stop,ut:WISPrDetection,Windows 10,1809,Pro,2020/08/11,17763.1397,The hotspot on interface {InterfaceGuid} does not support WISPr,{InterfaceGuid}
2006,0,Information,Microsoft-Windows-HotspotAuth/Operational,WISPr Detection,Stop,ut:WISPrDetection,Windows 10,1809,Pro,2020/07/14,17763.1339,The hotspot on interface {InterfaceGuid} does not support WISPr,{InterfaceGuid}
2006,0,Information,Microsoft-Windows-HotspotAuth/Operational,WISPr Detection,Stop,ut:WISPrDetection,Windows 10,1809,Pro,2020/06/09,17763.1282,The hotspot on interface {InterfaceGuid} does not support WISPr,{InterfaceGuid}
2006,0,Information,Microsoft-Windows-HotspotAuth/Operational,WISPr Detection,Stop,ut:WISPrDetection,Windows 10,1809,Pro,2020/05/12,17763.1217,The hotspot on interface {InterfaceGuid} does not support WISPr,{InterfaceGuid}
2006,0,Information,Microsoft-Windows-HotspotAuth/Operational,WISPr Detection,Stop,ut:WISPrDetection,Windows 10,1809,Pro,2020/04/14,17763.1158,The hotspot on interface {InterfaceGuid} does not support WISPr,{InterfaceGuid}
2006,0,Information,Microsoft-Windows-HotspotAuth/Operational,WISPr Detection,Stop,ut:WISPrDetection,Windows 10,1809,Pro,2020/03/12,17763.1098,The hotspot on interface {InterfaceGuid} does not support WISPr,{InterfaceGuid}
2006,0,Information,Microsoft-Windows-HotspotAuth/Operational,WISPr Detection,Stop,ut:WISPrDetection,Windows 10,1809,Pro,2018/11/13,17763.107,The hotspot on interface {InterfaceGuid} does not support WISPr,{InterfaceGuid}
2006,0,Information,Microsoft-Windows-HotspotAuth/Operational,WISPr Detection,Stop,ut:WISPrDetection,Windows 10,1809,Pro,2020/02/11,17763.1039,The hotspot on interface {InterfaceGuid} does not support WISPr,{InterfaceGuid}
2006,0,Information,Microsoft-Windows-HotspotAuth/Operational,WISPr Detection,Stop,ut:WISPrDetection,Windows 10,1803,Pro,2019/08/13,17134.95,The hotspot on interface {InterfaceGuid} does not support WISPr,{InterfaceGuid}
2006,0,Information,Microsoft-Windows-HotspotAuth/Operational,WISPr Detection,Stop,ut:WISPrDetection,Windows 10,1803,Pro,2019/07/09,17134.885,The hotspot on interface {InterfaceGuid} does not support WISPr,{InterfaceGuid}
2006,0,Information,Microsoft-Windows-HotspotAuth/Operational,WISPr Detection,Stop,ut:WISPrDetection,Windows 10,1803,Pro,2019/06/11,17134.829,The hotspot on interface {InterfaceGuid} does not support WISPr,{InterfaceGuid}
2006,0,Information,Microsoft-Windows-HotspotAuth/Operational,WISPr Detection,Stop,ut:WISPrDetection,Windows 10,1803,Pro,2019/05/19,17134.766,The hotspot on interface {InterfaceGuid} does not support WISPr,{InterfaceGuid}
2006,0,Information,Microsoft-Windows-HotspotAuth/Operational,WISPr Detection,Stop,ut:WISPrDetection,Windows 10,1803,Pro,2019/04/09,17134.706,The hotspot on interface {InterfaceGuid} does not support WISPr,{InterfaceGuid}
2006,0,Information,Microsoft-Windows-HotspotAuth/Operational,WISPr Detection,Stop,ut:WISPrDetection,Windows 10,1803,Pro,2019/03/12,17134.648,The hotspot on interface {InterfaceGuid} does not support WISPr,{InterfaceGuid}
2006,0,Information,Microsoft-Windows-HotspotAuth/Operational,WISPr Detection,Stop,ut:WISPrDetection,Windows 10,1803,Pro,2019/01/08,17134.523,The hotspot on interface {InterfaceGuid} does not support WISPr,{InterfaceGuid}
2006,0,Information,Microsoft-Windows-HotspotAuth/Operational,WISPr Detection,Stop,ut:WISPrDetection,Windows 10,1803,Pro,2018/09/11,17134.285,The hotspot on interface {InterfaceGuid} does not support WISPr,{InterfaceGuid}
2006,0,Information,Microsoft-Windows-HotspotAuth/Operational,WISPr Detection,Stop,ut:WISPrDetection,Windows 10,1803,Pro,2018/08/14,17134.228,The hotspot on interface {InterfaceGuid} does not support WISPr,{InterfaceGuid}
2006,0,Information,Microsoft-Windows-HotspotAuth/Operational,WISPr Detection,Stop,ut:WISPrDetection,Windows 10,1803,Pro,2018/06/12,17134.112,The hotspot on interface {InterfaceGuid} does not support WISPr,{InterfaceGuid}
2006,0,Information,Microsoft-Windows-HotspotAuth/Operational,WISPr Detection,Stop,ut:WISPrDetection,Windows 10,1803,Pro,2019/09/10,17134.1006,The hotspot on interface {InterfaceGuid} does not support WISPr,{InterfaceGuid}
2006,0,Information,Microsoft-Windows-HotspotAuth/Operational,WISPr Detection,Stop,ut:WISPrDetection,Windows 10,1803,Pro,1970/01/01,17134.1,The hotspot on interface {InterfaceGuid} does not support WISPr,{InterfaceGuid}
2006,0,Information,Microsoft-Windows-HotspotAuth/Operational,WISPr Detection,Stop,ut:WISPrDetection,Windows 10,1709,Pro,2017/11/14,16299.64,The hotspot on interface {InterfaceGuid} does not support WISPr,{InterfaceGuid}
2006,0,Information,Microsoft-Windows-HotspotAuth/Operational,WISPr Detection,Stop,ut:WISPrDetection,Windows 10,1709,Pro,2017/11/14,16299.15,The hotspot on interface {InterfaceGuid} does not support WISPr,{InterfaceGuid}
2006,0,Information,Microsoft-Windows-HotspotAuth/Operational,WISPr Detection,Stop,ut:WISPrDetection,Windows 10,1709,Pro,2017/12/12,16299.125,The hotspot on interface {InterfaceGuid} does not support WISPr,{InterfaceGuid}
2006,0,Information,Microsoft-Windows-HotspotAuth/Operational,WISPr Detection,Stop,ut:WISPrDetection,Windows 10,1703,Pro,2017/07/11,15063.483,The hotspot on interface {InterfaceGuid} does not support WISPr,{InterfaceGuid}
2006,0,Information,Microsoft-Windows-HotspotAuth/Operational,WISPr Detection,Stop,ut:WISPrDetection,Windows 10,1703,Pro,2017/06/13,15063.413,The hotspot on interface {InterfaceGuid} does not support WISPr,{InterfaceGuid}
2006,0,Information,Microsoft-Windows-HotspotAuth/Operational,WISPr Detection,Stop,ut:WISPrDetection,Windows 10,1703,Pro,2017/03/20,15063.0,The hotspot on interface {InterfaceGuid} does not support WISPr,{InterfaceGuid}
2006,0,Information,Microsoft-Windows-HotspotAuth/Operational,WISPr Detection,Stop,ut:WISPrDetection,Windows 10,1607,Pro,2016/11/08,14393.447,The hotspot on interface {InterfaceGuid} does not support WISPr,{InterfaceGuid}
2006,0,Information,Microsoft-Windows-HotspotAuth/Operational,WISPr Detection,Stop,ut:WISPrDetection,Windows 10,1511,Pro,2016/03/08,10586.164,The hotspot on interface {InterfaceGuid} does not support WISPr,{InterfaceGuid}
2006,0,Information,Microsoft-Windows-HotspotAuth/Operational,WISPr Detection,Stop,ut:WISPrDetection,Windows 10,1511,Enterprise,2016/02/09,10586.104,The hotspot on interface {InterfaceGuid} does not support WISPr,{InterfaceGuid}
2006,0,Information,Microsoft-Windows-HotspotAuth/Operational,WISPr Detection,Stop,ut:WISPrDetection,Windows 10,1511,Pro,1970/01/01,10586.0,The hotspot on interface {InterfaceGuid} does not support WISPr,{InterfaceGuid}
2006,0,Information,Microsoft-Windows-HotspotAuth/Operational,WISPr Detection,Stop,ut:WISPrDetection,Windows 10,1507,Pro,2015/07/29,10240.0,The hotspot on interface {InterfaceGuid} does not support WISPr,{InterfaceGuid}
2006,0,Information,Microsoft-Windows-HotspotAuth/Operational,WISPr Detection,Stop,ut:WISPrDetection,Windows 8.1,8.1,Pro,1970/01/01,9600.0,The hotspot on interface {InterfaceGuid} does not support WISPr,{InterfaceGuid}
2006,0,Information,Microsoft-Windows-HotspotAuth/Operational,WISPr Detection,Stop,ut:WISPrDetection,Windows 8,8,Pro,1970/01/01,9200.0,The hotspot on interface {InterfaceGuid} does not support WISPr,{InterfaceGuid}
2007,0,Information,Microsoft-Windows-HotspotAuth/Operational,WISPr Detection,Stop,ut:WISPrDetection,Windows 11,24H2,Pro,2024/10/2,26100.1742,No WISPr discovery performed for the hotspot on interface {InterfaceGuid},{InterfaceGuid}
2007,0,Information,Microsoft-Windows-HotspotAuth/Operational,WISPr Detection,Stop,ut:WISPrDetection,Windows 11,22H2,Pro,2022/12/20,22621.963,No WISPr discovery performed for the hotspot on interface {InterfaceGuid},{InterfaceGuid}
2007,0,Information,Microsoft-Windows-HotspotAuth/Operational,WISPr Detection,Stop,ut:WISPrDetection,Windows 11,22H2,Pro,2022/11/15,22621.819,No WISPr discovery performed for the hotspot on interface {InterfaceGuid},{InterfaceGuid}
2007,0,Information,Microsoft-Windows-HotspotAuth/Operational,WISPr Detection,Stop,ut:WISPrDetection,Windows 11,22H2,Pro,2022/10/18,22621.674,No WISPr discovery performed for the hotspot on interface {InterfaceGuid},{InterfaceGuid}
2007,0,Information,Microsoft-Windows-HotspotAuth/Operational,WISPr Detection,Stop,ut:WISPrDetection,Windows 11,22H2,Pro,2022/09/20,22621.382,No WISPr discovery performed for the hotspot on interface {InterfaceGuid},{InterfaceGuid}
2007,0,Information,Microsoft-Windows-HotspotAuth/Operational,WISPr Detection,Stop,ut:WISPrDetection,Windows 11,22H2,Pro,2023/03/21,22621.1413,No WISPr discovery performed for the hotspot on interface {InterfaceGuid},{InterfaceGuid}
2007,0,Information,Microsoft-Windows-HotspotAuth/Operational,WISPr Detection,Stop,ut:WISPrDetection,Windows 11,22H2,Pro,2023/02/21,22621.1265,No WISPr discovery performed for the hotspot on interface {InterfaceGuid},{InterfaceGuid}
2007,0,Information,Microsoft-Windows-HotspotAuth/Operational,WISPr Detection,Stop,ut:WISPrDetection,Windows 11,22H2,Pro,2023/01/17,22621.1105,No WISPr discovery performed for the hotspot on interface {InterfaceGuid},{InterfaceGuid}
2007,0,Information,Microsoft-Windows-HotspotAuth/Operational,WISPr Detection,Stop,ut:WISPrDetection,Windows 11,21H2,Pro,2022/09/20,22000.978,No WISPr discovery performed for the hotspot on interface {InterfaceGuid},{InterfaceGuid}
2007,0,Information,Microsoft-Windows-HotspotAuth/Operational,WISPr Detection,Stop,ut:WISPrDetection,Windows 11,21H2,Pro,2022/08/16,22000.856,No WISPr discovery performed for the hotspot on interface {InterfaceGuid},{InterfaceGuid}
2007,0,Information,Microsoft-Windows-HotspotAuth/Operational,WISPr Detection,Stop,ut:WISPrDetection,Windows 11,21H2,Pro,2022/07/19,22000.795,No WISPr discovery performed for the hotspot on interface {InterfaceGuid},{InterfaceGuid}
2007,0,Information,Microsoft-Windows-HotspotAuth/Operational,WISPr Detection,Stop,ut:WISPrDetection,Windows 11,21H2,Pro,2022/06/21,22000.739,No WISPr discovery performed for the hotspot on interface {InterfaceGuid},{InterfaceGuid}
2007,0,Information,Microsoft-Windows-HotspotAuth/Operational,WISPr Detection,Stop,ut:WISPrDetection,Windows 11,21H2,Pro,2022/05/17,22000.675,No WISPr discovery performed for the hotspot on interface {InterfaceGuid},{InterfaceGuid}
2007,0,Information,Microsoft-Windows-HotspotAuth/Operational,WISPr Detection,Stop,ut:WISPrDetection,Windows 11,21H2,Pro,2022/04/19,22000.613,No WISPr discovery performed for the hotspot on interface {InterfaceGuid},{InterfaceGuid}
2007,0,Information,Microsoft-Windows-HotspotAuth/Operational,WISPr Detection,Stop,ut:WISPrDetection,Windows 11,21H2,Pro,2022/03/15,22000.556,No WISPr discovery performed for the hotspot on interface {InterfaceGuid},{InterfaceGuid}
2007,0,Information,Microsoft-Windows-HotspotAuth/Operational,WISPr Detection,Stop,ut:WISPrDetection,Windows 11,21H2,Pro,2022/02/15,22000.493,No WISPr discovery performed for the hotspot on interface {InterfaceGuid},{InterfaceGuid}
2007,0,Information,Microsoft-Windows-HotspotAuth/Operational,WISPr Detection,Stop,ut:WISPrDetection,Windows 11,21H2,Pro,2022/01/11,22000.434,No WISPr discovery performed for the hotspot on interface {InterfaceGuid},{InterfaceGuid}
2007,0,Information,Microsoft-Windows-HotspotAuth/Operational,WISPr Detection,Stop,ut:WISPrDetection,Windows 11,21H2,Pro,2021/12/14,22000.376,No WISPr discovery performed for the hotspot on interface {InterfaceGuid},{InterfaceGuid}
2007,0,Information,Microsoft-Windows-HotspotAuth/Operational,WISPr Detection,Stop,ut:WISPrDetection,Windows 11,21H2,Pro,2021/11/09,22000.318,No WISPr discovery performed for the hotspot on interface {InterfaceGuid},{InterfaceGuid}
2007,0,Information,Microsoft-Windows-HotspotAuth/Operational,WISPr Detection,Stop,ut:WISPrDetection,Windows 11,21H2,Pro,2021/09/16,22000.194,No WISPr discovery performed for the hotspot on interface {InterfaceGuid},{InterfaceGuid}
2007,0,Information,Microsoft-Windows-HotspotAuth/Operational,WISPr Detection,Stop,ut:WISPrDetection,Windows 11,21H2,Pro,2023/03/21,22000.1696,No WISPr discovery performed for the hotspot on interface {InterfaceGuid},{InterfaceGuid}
2007,0,Information,Microsoft-Windows-HotspotAuth/Operational,WISPr Detection,Stop,ut:WISPrDetection,Windows 11,21H2,Pro,2023/02/21,22000.1574,No WISPr discovery performed for the hotspot on interface {InterfaceGuid},{InterfaceGuid}
2007,0,Information,Microsoft-Windows-HotspotAuth/Operational,WISPr Detection,Stop,ut:WISPrDetection,Windows 11,21H2,Pro,2023/01/17,22000.1455,No WISPr discovery performed for the hotspot on interface {InterfaceGuid},{InterfaceGuid}
2007,0,Information,Microsoft-Windows-HotspotAuth/Operational,WISPr Detection,Stop,ut:WISPrDetection,Windows 11,21H2,Pro,2022/12/20,22000.1335,No WISPr discovery performed for the hotspot on interface {InterfaceGuid},{InterfaceGuid}
2007,0,Information,Microsoft-Windows-HotspotAuth/Operational,WISPr Detection,Stop,ut:WISPrDetection,Windows 11,21H2,Pro,2022/11/15,22000.1219,No WISPr discovery performed for the hotspot on interface {InterfaceGuid},{InterfaceGuid}
2007,0,Information,Microsoft-Windows-HotspotAuth/Operational,WISPr Detection,Stop,ut:WISPrDetection,Windows 11,21H2,Pro,2022/10/18,22000.1098,No WISPr discovery performed for the hotspot on interface {InterfaceGuid},{InterfaceGuid}
2007,0,Information,Microsoft-Windows-HotspotAuth/Operational,WISPr Detection,Stop,ut:WISPrDetection,Windows 11,21H2,Pro-Dev,1970/01/01,21996.1,No WISPr discovery performed for the hotspot on interface {InterfaceGuid},{InterfaceGuid}
2007,0,Information,Microsoft-Windows-HotspotAuth/Operational,WISPr Detection,Stop,ut:WISPrDetection,Windows 10,22H2,Pro,2023/03/21,19045.2728,No WISPr discovery performed for the hotspot on interface {InterfaceGuid},{InterfaceGuid}
2007,0,Information,Microsoft-Windows-HotspotAuth/Operational,WISPr Detection,Stop,ut:WISPrDetection,Windows 10,22H2,Pro,2023/02/21,19045.2604,No WISPr discovery performed for the hotspot on interface {InterfaceGuid},{InterfaceGuid}
2007,0,Information,Microsoft-Windows-HotspotAuth/Operational,WISPr Detection,Stop,ut:WISPrDetection,Windows 10,22H2,Pro,2023/01/17,19045.2486,No WISPr discovery performed for the hotspot on interface {InterfaceGuid},{InterfaceGuid}
2007,0,Information,Microsoft-Windows-HotspotAuth/Operational,WISPr Detection,Stop,ut:WISPrDetection,Windows 10,22H2,Pro,2022/12/20,19045.2364,No WISPr discovery performed for the hotspot on interface {InterfaceGuid},{InterfaceGuid}
2007,0,Information,Microsoft-Windows-HotspotAuth/Operational,WISPr Detection,Stop,ut:WISPrDetection,Windows 10,22H2,Pro,2022/11/15,19045.2251,No WISPr discovery performed for the hotspot on interface {InterfaceGuid},{InterfaceGuid}
2007,0,Information,Microsoft-Windows-HotspotAuth/Operational,WISPr Detection,Stop,ut:WISPrDetection,Windows 10,21H2,Pro,2023/03/21,19044.2728,No WISPr discovery performed for the hotspot on interface {InterfaceGuid},{InterfaceGuid}
2007,0,Information,Microsoft-Windows-HotspotAuth/Operational,WISPr Detection,Stop,ut:WISPrDetection,Windows 10,21H2,Pro,2023/02/21,19044.2604,No WISPr discovery performed for the hotspot on interface {InterfaceGuid},{InterfaceGuid}
2007,0,Information,Microsoft-Windows-HotspotAuth/Operational,WISPr Detection,Stop,ut:WISPrDetection,Windows 10,21H2,Pro,2023/01/17,19044.2486,No WISPr discovery performed for the hotspot on interface {InterfaceGuid},{InterfaceGuid}
2007,0,Information,Microsoft-Windows-HotspotAuth/Operational,WISPr Detection,Stop,ut:WISPrDetection,Windows 10,21H2,Pro,2022/12/20,19044.2364,No WISPr discovery performed for the hotspot on interface {InterfaceGuid},{InterfaceGuid}
2007,0,Information,Microsoft-Windows-HotspotAuth/Operational,WISPr Detection,Stop,ut:WISPrDetection,Windows 10,21H2,Pro,2022/11/15,19044.2251,No WISPr discovery performed for the hotspot on interface {InterfaceGuid},{InterfaceGuid}
2007,0,Information,Microsoft-Windows-HotspotAuth/Operational,WISPr Detection,Stop,ut:WISPrDetection,Windows 10,21H2,Pro,2022/10/18,19044.213,No WISPr discovery performed for the hotspot on interface {InterfaceGuid},{InterfaceGuid}
2007,0,Information,Microsoft-Windows-HotspotAuth/Operational,WISPr Detection,Stop,ut:WISPrDetection,Windows 10,21H2,Pro,2022/09/20,19044.2006,No WISPr discovery performed for the hotspot on interface {InterfaceGuid},{InterfaceGuid}
2007,0,Information,Microsoft-Windows-HotspotAuth/Operational,WISPr Detection,Stop,ut:WISPrDetection,Windows 10,21H2,Pro,2022/08/16,19044.1889,No WISPr discovery performed for the hotspot on interface {InterfaceGuid},{InterfaceGuid}
2007,0,Information,Microsoft-Windows-HotspotAuth/Operational,WISPr Detection,Stop,ut:WISPrDetection,Windows 10,21H2,Pro,2022/07/19,19044.1826,No WISPr discovery performed for the hotspot on interface {InterfaceGuid},{InterfaceGuid}
2007,0,Information,Microsoft-Windows-HotspotAuth/Operational,WISPr Detection,Stop,ut:WISPrDetection,Windows 10,21H2,Pro,2022/06/21,19044.1766,No WISPr discovery performed for the hotspot on interface {InterfaceGuid},{InterfaceGuid}
2007,0,Information,Microsoft-Windows-HotspotAuth/Operational,WISPr Detection,Stop,ut:WISPrDetection,Windows 10,21H2,Pro,2022/05/17,19044.1706,No WISPr discovery performed for the hotspot on interface {InterfaceGuid},{InterfaceGuid}
2007,0,Information,Microsoft-Windows-HotspotAuth/Operational,WISPr Detection,Stop,ut:WISPrDetection,Windows 10,21H2,Pro,2022/04/19,19044.1645,No WISPr discovery performed for the hotspot on interface {InterfaceGuid},{InterfaceGuid}
2007,0,Information,Microsoft-Windows-HotspotAuth/Operational,WISPr Detection,Stop,ut:WISPrDetection,Windows 10,21H2,Pro,2022/01/11,19044.1466,No WISPr discovery performed for the hotspot on interface {InterfaceGuid},{InterfaceGuid}
2007,0,Information,Microsoft-Windows-HotspotAuth/Operational,WISPr Detection,Stop,ut:WISPrDetection,Windows 10,21H2,Pro,2021/10/12,19044.1288,No WISPr discovery performed for the hotspot on interface {InterfaceGuid},{InterfaceGuid}
2007,0,Information,Microsoft-Windows-HotspotAuth/Operational,WISPr Detection,Stop,ut:WISPrDetection,Windows 10,21H1,Pro,2021/04/13,19043.928,No WISPr discovery performed for the hotspot on interface {InterfaceGuid},{InterfaceGuid}
2007,0,Information,Microsoft-Windows-HotspotAuth/Operational,WISPr Detection,Stop,ut:WISPrDetection,Windows 10,21H1,Pro,2022/12/20,19043.2364,No WISPr discovery performed for the hotspot on interface {InterfaceGuid},{InterfaceGuid}
2007,0,Information,Microsoft-Windows-HotspotAuth/Operational,WISPr Detection,Stop,ut:WISPrDetection,Windows 10,21H1,Pro,2022/11/15,19043.2251,No WISPr discovery performed for the hotspot on interface {InterfaceGuid},{InterfaceGuid}
2007,0,Information,Microsoft-Windows-HotspotAuth/Operational,WISPr Detection,Stop,ut:WISPrDetection,Windows 10,21H1,Pro,2022/10/18,19043.213,No WISPr discovery performed for the hotspot on interface {InterfaceGuid},{InterfaceGuid}
2007,0,Information,Microsoft-Windows-HotspotAuth/Operational,WISPr Detection,Stop,ut:WISPrDetection,Windows 10,21H1,Pro,2022/09/20,19043.2006,No WISPr discovery performed for the hotspot on interface {InterfaceGuid},{InterfaceGuid}
2007,0,Information,Microsoft-Windows-HotspotAuth/Operational,WISPr Detection,Stop,ut:WISPrDetection,Windows 10,21H1,Pro,2022/08/16,19043.1889,No WISPr discovery performed for the hotspot on interface {InterfaceGuid},{InterfaceGuid}
2007,0,Information,Microsoft-Windows-HotspotAuth/Operational,WISPr Detection,Stop,ut:WISPrDetection,Windows 10,21H1,Pro,2022/07/19,19043.1826,No WISPr discovery performed for the hotspot on interface {InterfaceGuid},{InterfaceGuid}
2007,0,Information,Microsoft-Windows-HotspotAuth/Operational,WISPr Detection,Stop,ut:WISPrDetection,Windows 10,21H1,Pro,2022/06/21,19043.1766,No WISPr discovery performed for the hotspot on interface {InterfaceGuid},{InterfaceGuid}
2007,0,Information,Microsoft-Windows-HotspotAuth/Operational,WISPr Detection,Stop,ut:WISPrDetection,Windows 10,21H1,Pro,2022/05/17,19043.1706,No WISPr discovery performed for the hotspot on interface {InterfaceGuid},{InterfaceGuid}
2007,0,Information,Microsoft-Windows-HotspotAuth/Operational,WISPr Detection,Stop,ut:WISPrDetection,Windows 10,21H1,Pro,2022/04/19,19043.1645,No WISPr discovery performed for the hotspot on interface {InterfaceGuid},{InterfaceGuid}
2007,0,Information,Microsoft-Windows-HotspotAuth/Operational,WISPr Detection,Stop,ut:WISPrDetection,Windows 10,21H1,Pro,2022/01/11,19043.1466,No WISPr discovery performed for the hotspot on interface {InterfaceGuid},{InterfaceGuid}
2007,0,Information,Microsoft-Windows-HotspotAuth/Operational,WISPr Detection,Stop,ut:WISPrDetection,Windows 10,21H1,Pro,2021/12/14,19043.1415,No WISPr discovery performed for the hotspot on interface {InterfaceGuid},{InterfaceGuid}
2007,0,Information,Microsoft-Windows-HotspotAuth/Operational,WISPr Detection,Stop,ut:WISPrDetection,Windows 10,21H2,Pro,2021/12/14,19043.1415,No WISPr discovery performed for the hotspot on interface {InterfaceGuid},{InterfaceGuid}
2007,0,Information,Microsoft-Windows-HotspotAuth/Operational,WISPr Detection,Stop,ut:WISPrDetection,Windows 10,21H1,Pro,2021/11/09,19043.1348,No WISPr discovery performed for the hotspot on interface {InterfaceGuid},{InterfaceGuid}
2007,0,Information,Microsoft-Windows-HotspotAuth/Operational,WISPr Detection,Stop,ut:WISPrDetection,Windows 10,21H1,Pro,2021/10/12,19043.1288,No WISPr discovery performed for the hotspot on interface {InterfaceGuid},{InterfaceGuid}
2007,0,Information,Microsoft-Windows-HotspotAuth/Operational,WISPr Detection,Stop,ut:WISPrDetection,Windows 10,21H1,Pro,2021/09/14,19043.1237,No WISPr discovery performed for the hotspot on interface {InterfaceGuid},{InterfaceGuid}
2007,0,Information,Microsoft-Windows-HotspotAuth/Operational,WISPr Detection,Stop,ut:WISPrDetection,Windows 10,21H1,Pro,2021/08/10,19043.1165,No WISPr discovery performed for the hotspot on interface {InterfaceGuid},{InterfaceGuid}
2007,0,Information,Microsoft-Windows-HotspotAuth/Operational,WISPr Detection,Stop,ut:WISPrDetection,Windows 10,21H1,Pro,2021/07/13,19043.111,No WISPr discovery performed for the hotspot on interface {InterfaceGuid},{InterfaceGuid}
2007,0,Information,Microsoft-Windows-HotspotAuth/Operational,WISPr Detection,Stop,ut:WISPrDetection,Windows 10,21H1,Pro,2021/06/08,19043.1052,No WISPr discovery performed for the hotspot on interface {InterfaceGuid},{InterfaceGuid}
2007,0,Information,Microsoft-Windows-HotspotAuth/Operational,WISPr Detection,Stop,ut:WISPrDetection,Windows 10,20H2,Pro,2022/04/19,19042.1645,No WISPr discovery performed for the hotspot on interface {InterfaceGuid},{InterfaceGuid}
2007,0,Information,Microsoft-Windows-HotspotAuth/Operational,WISPr Detection,Stop,ut:WISPrDetection,Windows 10,20H2,Pro,2022/01/11,19042.1466,No WISPr discovery performed for the hotspot on interface {InterfaceGuid},{InterfaceGuid}
2007,0,Information,Microsoft-Windows-HotspotAuth/Operational,WISPr Detection,Stop,ut:WISPrDetection,Windows 10,2004,Pro,2021/05/11,19041.985,No WISPr discovery performed for the hotspot on interface {InterfaceGuid},{InterfaceGuid}
2007,0,Information,Microsoft-Windows-HotspotAuth/Operational,WISPr Detection,Stop,ut:WISPrDetection,Windows 10,20H2,Pro,2021/05/11,19041.985,No WISPr discovery performed for the hotspot on interface {InterfaceGuid},{InterfaceGuid}
2007,0,Information,Microsoft-Windows-HotspotAuth/Operational,WISPr Detection,Stop,ut:WISPrDetection,Windows 10,2004,Pro,2021/04/13,19041.928,No WISPr discovery performed for the hotspot on interface {InterfaceGuid},{InterfaceGuid}
2007,0,Information,Microsoft-Windows-HotspotAuth/Operational,WISPr Detection,Stop,ut:WISPrDetection,Windows 10,20H2,Pro,2021/04/13,19041.928,No WISPr discovery performed for the hotspot on interface {InterfaceGuid},{InterfaceGuid}
2007,0,Information,Microsoft-Windows-HotspotAuth/Operational,WISPr Detection,Stop,ut:WISPrDetection,Windows 10,2004,Pro,2021/03/09,19041.867,No WISPr discovery performed for the hotspot on interface {InterfaceGuid},{InterfaceGuid}
2007,0,Information,Microsoft-Windows-HotspotAuth/Operational,WISPr Detection,Stop,ut:WISPrDetection,Windows 10,20H2,Pro,2021/03/09,19041.867,No WISPr discovery performed for the hotspot on interface {InterfaceGuid},{InterfaceGuid}
2007,0,Information,Microsoft-Windows-HotspotAuth/Operational,WISPr Detection,Stop,ut:WISPrDetection,Windows 10,2004,Pro,2021/02/09,19041.804,No WISPr discovery performed for the hotspot on interface {InterfaceGuid},{InterfaceGuid}
2007,0,Information,Microsoft-Windows-HotspotAuth/Operational,WISPr Detection,Stop,ut:WISPrDetection,Windows 10,20H2,Pro,2021/02/09,19041.804,No WISPr discovery performed for the hotspot on interface {InterfaceGuid},{InterfaceGuid}
2007,0,Information,Microsoft-Windows-HotspotAuth/Operational,WISPr Detection,Stop,ut:WISPrDetection,Windows 10,2004,Pro,2021/01/12,19041.746,No WISPr discovery performed for the hotspot on interface {InterfaceGuid},{InterfaceGuid}
2007,0,Information,Microsoft-Windows-HotspotAuth/Operational,WISPr Detection,Stop,ut:WISPrDetection,Windows 10,20H2,Pro,2021/01/12,19041.746,No WISPr discovery performed for the hotspot on interface {InterfaceGuid},{InterfaceGuid}
2007,0,Information,Microsoft-Windows-HotspotAuth/Operational,WISPr Detection,Stop,ut:WISPrDetection,Windows 10,2004,Pro,2020/12/08,19041.685,No WISPr discovery performed for the hotspot on interface {InterfaceGuid},{InterfaceGuid}
2007,0,Information,Microsoft-Windows-HotspotAuth/Operational,WISPr Detection,Stop,ut:WISPrDetection,Windows 10,20H2,Pro,2020/12/08,19041.685,No WISPr discovery performed for the hotspot on interface {InterfaceGuid},{InterfaceGuid}
2007,0,Information,Microsoft-Windows-HotspotAuth/Operational,WISPr Detection,Stop,ut:WISPrDetection,Windows 10,20H2,Pro,2020/11/19,19041.631,No WISPr discovery performed for the hotspot on interface {InterfaceGuid},{InterfaceGuid}
2007,0,Information,Microsoft-Windows-HotspotAuth/Operational,WISPr Detection,Stop,ut:WISPrDetection,Windows 10,2004,Pro,2020/11/10,19041.63,No WISPr discovery performed for the hotspot on interface {InterfaceGuid},{InterfaceGuid}
2007,0,Information,Microsoft-Windows-HotspotAuth/Operational,WISPr Detection,Stop,ut:WISPrDetection,Windows 10,2004,Pro,2020/10/13,19041.572,No WISPr discovery performed for the hotspot on interface {InterfaceGuid},{InterfaceGuid}
2007,0,Information,Microsoft-Windows-HotspotAuth/Operational,WISPr Detection,Stop,ut:WISPrDetection,Windows 10,2004,Pro,2020/09/08,19041.508,No WISPr discovery performed for the hotspot on interface {InterfaceGuid},{InterfaceGuid}
2007,0,Information,Microsoft-Windows-HotspotAuth/Operational,WISPr Detection,Stop,ut:WISPrDetection,Windows 10,2004,Pro,2020/08/11,19041.45,No WISPr discovery performed for the hotspot on interface {InterfaceGuid},{InterfaceGuid}
2007,0,Information,Microsoft-Windows-HotspotAuth/Operational,WISPr Detection,Stop,ut:WISPrDetection,Windows 10,2004,Pro,2020/07/14,19041.388,No WISPr discovery performed for the hotspot on interface {InterfaceGuid},{InterfaceGuid}
2007,0,Information,Microsoft-Windows-HotspotAuth/Operational,WISPr Detection,Stop,ut:WISPrDetection,Windows 10,2004,Pro,2020/06/09,19041.329,No WISPr discovery performed for the hotspot on interface {InterfaceGuid},{InterfaceGuid}
2007,0,Information,Microsoft-Windows-HotspotAuth/Operational,WISPr Detection,Stop,ut:WISPrDetection,Windows 10,2004,Pro,2020/05/27,19041.264,No WISPr discovery performed for the hotspot on interface {InterfaceGuid},{InterfaceGuid}
2007,0,Information,Microsoft-Windows-HotspotAuth/Operational,WISPr Detection,Stop,ut:WISPrDetection,Windows 10,2004,Pro,2020/04/16,19041.208,No WISPr discovery performed for the hotspot on interface {InterfaceGuid},{InterfaceGuid}
2007,0,Information,Microsoft-Windows-HotspotAuth/Operational,WISPr Detection,Stop,ut:WISPrDetection,Windows 10,21H1,Pro,2022/03/15,19041.1586,No WISPr discovery performed for the hotspot on interface {InterfaceGuid},{InterfaceGuid}
2007,0,Information,Microsoft-Windows-HotspotAuth/Operational,WISPr Detection,Stop,ut:WISPrDetection,Windows 10,20H2,Pro,2022/03/15,19041.1586,No WISPr discovery performed for the hotspot on interface {InterfaceGuid},{InterfaceGuid}
2007,0,Information,Microsoft-Windows-HotspotAuth/Operational,WISPr Detection,Stop,ut:WISPrDetection,Windows 10,21H2,Pro,2022/03/15,19041.1586,No WISPr discovery performed for the hotspot on interface {InterfaceGuid},{InterfaceGuid}
2007,0,Information,Microsoft-Windows-HotspotAuth/Operational,WISPr Detection,Stop,ut:WISPrDetection,Windows 10,21H1,Pro,2022/02/15,19041.1526,No WISPr discovery performed for the hotspot on interface {InterfaceGuid},{InterfaceGuid}
2007,0,Information,Microsoft-Windows-HotspotAuth/Operational,WISPr Detection,Stop,ut:WISPrDetection,Windows 10,20H2,Pro,2022/02/15,19041.1526,No WISPr discovery performed for the hotspot on interface {InterfaceGuid},{InterfaceGuid}
2007,0,Information,Microsoft-Windows-HotspotAuth/Operational,WISPr Detection,Stop,ut:WISPrDetection,Windows 10,21H2,Pro,2022/02/15,19041.1526,No WISPr discovery performed for the hotspot on interface {InterfaceGuid},{InterfaceGuid}
2007,0,Information,Microsoft-Windows-HotspotAuth/Operational,WISPr Detection,Stop,ut:WISPrDetection,Windows 10,20H2,Pro,2021/12/14,19041.1415,No WISPr discovery performed for the hotspot on interface {InterfaceGuid},{InterfaceGuid}
2007,0,Information,Microsoft-Windows-HotspotAuth/Operational,WISPr Detection,Stop,ut:WISPrDetection,Windows 10,2004,Pro,2021/11/09,19041.1348,No WISPr discovery performed for the hotspot on interface {InterfaceGuid},{InterfaceGuid}
2007,0,Information,Microsoft-Windows-HotspotAuth/Operational,WISPr Detection,Stop,ut:WISPrDetection,Windows 10,20H2,Pro,2021/11/09,19041.1348,No WISPr discovery performed for the hotspot on interface {InterfaceGuid},{InterfaceGuid}
2007,0,Information,Microsoft-Windows-HotspotAuth/Operational,WISPr Detection,Stop,ut:WISPrDetection,Windows 10,2004,Pro,2021/10/12,19041.1288,No WISPr discovery performed for the hotspot on interface {InterfaceGuid},{InterfaceGuid}
2007,0,Information,Microsoft-Windows-HotspotAuth/Operational,WISPr Detection,Stop,ut:WISPrDetection,Windows 10,20H2,Pro,2021/10/12,19041.1288,No WISPr discovery performed for the hotspot on interface {InterfaceGuid},{InterfaceGuid}
2007,0,Information,Microsoft-Windows-HotspotAuth/Operational,WISPr Detection,Stop,ut:WISPrDetection,Windows 10,2004,Pro,2021/09/14,19041.1237,No WISPr discovery performed for the hotspot on interface {InterfaceGuid},{InterfaceGuid}
2007,0,Information,Microsoft-Windows-HotspotAuth/Operational,WISPr Detection,Stop,ut:WISPrDetection,Windows 10,20H2,Pro,2021/09/14,19041.1237,No WISPr discovery performed for the hotspot on interface {InterfaceGuid},{InterfaceGuid}
2007,0,Information,Microsoft-Windows-HotspotAuth/Operational,WISPr Detection,Stop,ut:WISPrDetection,Windows 10,2004,Pro,2021/08/10,19041.1165,No WISPr discovery performed for the hotspot on interface {InterfaceGuid},{InterfaceGuid}
2007,0,Information,Microsoft-Windows-HotspotAuth/Operational,WISPr Detection,Stop,ut:WISPrDetection,Windows 10,20H2,Pro,2021/08/10,19041.1165,No WISPr discovery performed for the hotspot on interface {InterfaceGuid},{InterfaceGuid}
2007,0,Information,Microsoft-Windows-HotspotAuth/Operational,WISPr Detection,Stop,ut:WISPrDetection,Windows 10,2004,Pro,2021/07/13,19041.111,No WISPr discovery performed for the hotspot on interface {InterfaceGuid},{InterfaceGuid}
2007,0,Information,Microsoft-Windows-HotspotAuth/Operational,WISPr Detection,Stop,ut:WISPrDetection,Windows 10,20H2,Pro,2021/07/13,19041.111,No WISPr discovery performed for the hotspot on interface {InterfaceGuid},{InterfaceGuid}
2007,0,Information,Microsoft-Windows-HotspotAuth/Operational,WISPr Detection,Stop,ut:WISPrDetection,Windows 10,2004,Pro,2021/06/08,19041.1052,No WISPr discovery performed for the hotspot on interface {InterfaceGuid},{InterfaceGuid}
2007,0,Information,Microsoft-Windows-HotspotAuth/Operational,WISPr Detection,Stop,ut:WISPrDetection,Windows 10,20H2,Pro,2021/06/08,19041.1052,No WISPr discovery performed for the hotspot on interface {InterfaceGuid},{InterfaceGuid}
2007,0,Information,Microsoft-Windows-HotspotAuth/Operational,WISPr Detection,Stop,ut:WISPrDetection,Windows 10,1909,Pro,2020/07/14,18363.959,No WISPr discovery performed for the hotspot on interface {InterfaceGuid},{InterfaceGuid}
2007,0,Information,Microsoft-Windows-HotspotAuth/Operational,WISPr Detection,Stop,ut:WISPrDetection,Windows 10,1909,Pro,2020/06/09,18363.9,No WISPr discovery performed for the hotspot on interface {InterfaceGuid},{InterfaceGuid}
2007,0,Information,Microsoft-Windows-HotspotAuth/Operational,WISPr Detection,Stop,ut:WISPrDetection,Windows 10,1909,Pro,2020/05/12,18363.836,No WISPr discovery performed for the hotspot on interface {InterfaceGuid},{InterfaceGuid}
2007,0,Information,Microsoft-Windows-HotspotAuth/Operational,WISPr Detection,Stop,ut:WISPrDetection,Windows 10,1909,Pro,2020/04/14,18363.778,No WISPr discovery performed for the hotspot on interface {InterfaceGuid},{InterfaceGuid}
2007,0,Information,Microsoft-Windows-HotspotAuth/Operational,WISPr Detection,Stop,ut:WISPrDetection,Windows 10,1909,Pro,2020/03/12,18363.72,No WISPr discovery performed for the hotspot on interface {InterfaceGuid},{InterfaceGuid}
2007,0,Information,Microsoft-Windows-HotspotAuth/Operational,WISPr Detection,Stop,ut:WISPrDetection,Windows 10,1909,Pro,2020/02/11,18363.657,No WISPr discovery performed for the hotspot on interface {InterfaceGuid},{InterfaceGuid}
2007,0,Information,Microsoft-Windows-HotspotAuth/Operational,WISPr Detection,Stop,ut:WISPrDetection,Windows 10,1909,Pro,2020/01/14,18363.592,No WISPr discovery performed for the hotspot on interface {InterfaceGuid},{InterfaceGuid}
2007,0,Information,Microsoft-Windows-HotspotAuth/Operational,WISPr Detection,Stop,ut:WISPrDetection,Windows 10,1909,Pro,2019/12/10,18363.535,No WISPr discovery performed for the hotspot on interface {InterfaceGuid},{InterfaceGuid}
2007,0,Information,Microsoft-Windows-HotspotAuth/Operational,WISPr Detection,Stop,ut:WISPrDetection,Windows 10,1909,Pro,2019/10/05,18363.418,No WISPr discovery performed for the hotspot on interface {InterfaceGuid},{InterfaceGuid}
2007,0,Information,Microsoft-Windows-HotspotAuth/Operational,WISPr Detection,Stop,ut:WISPrDetection,Windows 10,1909,Pro,2021/06/08,18363.1621,No WISPr discovery performed for the hotspot on interface {InterfaceGuid},{InterfaceGuid}
2007,0,Information,Microsoft-Windows-HotspotAuth/Operational,WISPr Detection,Stop,ut:WISPrDetection,Windows 10,1909,Pro,2021/05/11,18363.1556,No WISPr discovery performed for the hotspot on interface {InterfaceGuid},{InterfaceGuid}
2007,0,Information,Microsoft-Windows-HotspotAuth/Operational,WISPr Detection,Stop,ut:WISPrDetection,Windows 10,1909,Pro,2021/04/13,18363.15,No WISPr discovery performed for the hotspot on interface {InterfaceGuid},{InterfaceGuid}
2007,0,Information,Microsoft-Windows-HotspotAuth/Operational,WISPr Detection,Stop,ut:WISPrDetection,Windows 10,1909,Pro,2021/03/09,18363.144,No WISPr discovery performed for the hotspot on interface {InterfaceGuid},{InterfaceGuid}
2007,0,Information,Microsoft-Windows-HotspotAuth/Operational,WISPr Detection,Stop,ut:WISPrDetection,Windows 10,1909,Pro,2021/02/11,18363.1379,No WISPr discovery performed for the hotspot on interface {InterfaceGuid},{InterfaceGuid}
2007,0,Information,Microsoft-Windows-HotspotAuth/Operational,WISPr Detection,Stop,ut:WISPrDetection,Windows 10,1909,Pro,2021/01/12,18363.1316,No WISPr discovery performed for the hotspot on interface {InterfaceGuid},{InterfaceGuid}
2007,0,Information,Microsoft-Windows-HotspotAuth/Operational,WISPr Detection,Stop,ut:WISPrDetection,Windows 10,1909,Pro,2020/12/08,18363.1256,No WISPr discovery performed for the hotspot on interface {InterfaceGuid},{InterfaceGuid}
2007,0,Information,Microsoft-Windows-HotspotAuth/Operational,WISPr Detection,Stop,ut:WISPrDetection,Windows 10,1909,Pro,2020/11/10,18363.1198,No WISPr discovery performed for the hotspot on interface {InterfaceGuid},{InterfaceGuid}
2007,0,Information,Microsoft-Windows-HotspotAuth/Operational,WISPr Detection,Stop,ut:WISPrDetection,Windows 10,1909,Pro,2020/10/13,18363.1139,No WISPr discovery performed for the hotspot on interface {InterfaceGuid},{InterfaceGuid}
2007,0,Information,Microsoft-Windows-HotspotAuth/Operational,WISPr Detection,Stop,ut:WISPrDetection,Windows 10,1909,Pro,2020/09/08,18363.1082,No WISPr discovery performed for the hotspot on interface {InterfaceGuid},{InterfaceGuid}
2007,0,Information,Microsoft-Windows-HotspotAuth/Operational,WISPr Detection,Stop,ut:WISPrDetection,Windows 10,1909,Pro,2020/08/11,18363.1016,No WISPr discovery performed for the hotspot on interface {InterfaceGuid},{InterfaceGuid}
2007,0,Information,Microsoft-Windows-HotspotAuth/Operational,WISPr Detection,Stop,ut:WISPrDetection,Windows 10,1903,Pro,2020/07/14,18362.959,No WISPr discovery performed for the hotspot on interface {InterfaceGuid},{InterfaceGuid}
2007,0,Information,Microsoft-Windows-HotspotAuth/Operational,WISPr Detection,Stop,ut:WISPrDetection,Windows 10,1903,Pro,2020/05/12,18362.836,No WISPr discovery performed for the hotspot on interface {InterfaceGuid},{InterfaceGuid}
2007,0,Information,Microsoft-Windows-HotspotAuth/Operational,WISPr Detection,Stop,ut:WISPrDetection,Windows 10,1903,Pro,2020/03/12,18362.72,No WISPr discovery performed for the hotspot on interface {InterfaceGuid},{InterfaceGuid}
2007,0,Information,Microsoft-Windows-HotspotAuth/Operational,WISPr Detection,Stop,ut:WISPrDetection,Windows 10,1903,Pro,2020/02/11,18362.657,No WISPr discovery performed for the hotspot on interface {InterfaceGuid},{InterfaceGuid}
2007,0,Information,Microsoft-Windows-HotspotAuth/Operational,WISPr Detection,Stop,ut:WISPrDetection,Windows 10,1903,Pro,2019/12/10,18362.535,No WISPr discovery performed for the hotspot on interface {InterfaceGuid},{InterfaceGuid}
2007,0,Information,Microsoft-Windows-HotspotAuth/Operational,WISPr Detection,Stop,ut:WISPrDetection,Windows 10,1903,Pro,2019/11/12,18362.476,No WISPr discovery performed for the hotspot on interface {InterfaceGuid},{InterfaceGuid}
2007,0,Information,Microsoft-Windows-HotspotAuth/Operational,WISPr Detection,Stop,ut:WISPrDetection,Windows 10,1903,Pro,2019/09/10,18362.356,No WISPr discovery performed for the hotspot on interface {InterfaceGuid},{InterfaceGuid}
2007,0,Information,Microsoft-Windows-HotspotAuth/Operational,WISPr Detection,Stop,ut:WISPrDetection,Windows 10,1903,Pro,2019/03/29,18362.3,No WISPr discovery performed for the hotspot on interface {InterfaceGuid},{InterfaceGuid}
2007,0,Information,Microsoft-Windows-HotspotAuth/Operational,WISPr Detection,Stop,ut:WISPrDetection,Windows 10,1903,Pro,2019/07/09,18362.239,No WISPr discovery performed for the hotspot on interface {InterfaceGuid},{InterfaceGuid}
2007,0,Information,Microsoft-Windows-HotspotAuth/Operational,WISPr Detection,Stop,ut:WISPrDetection,Windows 10,1903,Pro,2019/06/11,18362.175,No WISPr discovery performed for the hotspot on interface {InterfaceGuid},{InterfaceGuid}
2007,0,Information,Microsoft-Windows-HotspotAuth/Operational,WISPr Detection,Stop,ut:WISPrDetection,Windows 10,1903,Pro,2020/12/08,18362.1256,No WISPr discovery performed for the hotspot on interface {InterfaceGuid},{InterfaceGuid}
2007,0,Information,Microsoft-Windows-HotspotAuth/Operational,WISPr Detection,Stop,ut:WISPrDetection,Windows 10,1903,Pro,2020/11/10,18362.1198,No WISPr discovery performed for the hotspot on interface {InterfaceGuid},{InterfaceGuid}
2007,0,Information,Microsoft-Windows-HotspotAuth/Operational,WISPr Detection,Stop,ut:WISPrDetection,Windows 10,1903,Pro,2020/10/13,18362.1139,No WISPr discovery performed for the hotspot on interface {InterfaceGuid},{InterfaceGuid}
2007,0,Information,Microsoft-Windows-HotspotAuth/Operational,WISPr Detection,Stop,ut:WISPrDetection,Windows 10,1903,Pro,2020/09/08,18362.1082,No WISPr discovery performed for the hotspot on interface {InterfaceGuid},{InterfaceGuid}
2007,0,Information,Microsoft-Windows-HotspotAuth/Operational,WISPr Detection,Stop,ut:WISPrDetection,Windows 10,1903,Pro,2019/12/10,18362.1016,No WISPr discovery performed for the hotspot on interface {InterfaceGuid},{InterfaceGuid}
2007,0,Information,Microsoft-Windows-HotspotAuth/Operational,WISPr Detection,Stop,ut:WISPrDetection,Windows 10,1809,Pro,2020/01/14,17763.973,No WISPr discovery performed for the hotspot on interface {InterfaceGuid},{InterfaceGuid}
2007,0,Information,Microsoft-Windows-HotspotAuth/Operational,WISPr Detection,Stop,ut:WISPrDetection,Windows 10,1809,Pro,2019/12/10,17763.914,No WISPr discovery performed for the hotspot on interface {InterfaceGuid},{InterfaceGuid}
2007,0,Information,Microsoft-Windows-HotspotAuth/Operational,WISPr Detection,Stop,ut:WISPrDetection,Windows 10,1809,Pro,2019/11/12,17763.864,No WISPr discovery performed for the hotspot on interface {InterfaceGuid},{InterfaceGuid}
2007,0,Information,Microsoft-Windows-HotspotAuth/Operational,WISPr Detection,Stop,ut:WISPrDetection,Windows 10,1809,Pro,2019/10/08,17763.805,No WISPr discovery performed for the hotspot on interface {InterfaceGuid},{InterfaceGuid}
2007,0,Information,Microsoft-Windows-HotspotAuth/Operational,WISPr Detection,Stop,ut:WISPrDetection,Windows 10,1809,Pro,2019/09/10,17763.737,No WISPr discovery performed for the hotspot on interface {InterfaceGuid},{InterfaceGuid}
2007,0,Information,Microsoft-Windows-HotspotAuth/Operational,WISPr Detection,Stop,ut:WISPrDetection,Windows 10,1809,Pro,2019/08/13,17763.678,No WISPr discovery performed for the hotspot on interface {InterfaceGuid},{InterfaceGuid}
2007,0,Information,Microsoft-Windows-HotspotAuth/Operational,WISPr Detection,Stop,ut:WISPrDetection,Windows 10,1809,Pro,2019/07/09,17763.615,No WISPr discovery performed for the hotspot on interface {InterfaceGuid},{InterfaceGuid}
2007,0,Information,Microsoft-Windows-HotspotAuth/Operational,WISPr Detection,Stop,ut:WISPrDetection,Windows 10,1809,Pro,2019/06/11,17763.557,No WISPr discovery performed for the hotspot on interface {InterfaceGuid},{InterfaceGuid}
2007,0,Information,Microsoft-Windows-HotspotAuth/Operational,WISPr Detection,Stop,ut:WISPrDetection,Windows 10,1809,Pro,2019/05/19,17763.504,No WISPr discovery performed for the hotspot on interface {InterfaceGuid},{InterfaceGuid}
2007,0,Information,Microsoft-Windows-HotspotAuth/Operational,WISPr Detection,Stop,ut:WISPrDetection,Windows 10,1809,Pro,2019/04/09,17763.437,No WISPr discovery performed for the hotspot on interface {InterfaceGuid},{InterfaceGuid}
2007,0,Information,Microsoft-Windows-HotspotAuth/Operational,WISPr Detection,Stop,ut:WISPrDetection,Windows 10,1809,Pro,2019/03/12,17763.379,No WISPr discovery performed for the hotspot on interface {InterfaceGuid},{InterfaceGuid}
2007,0,Information,Microsoft-Windows-HotspotAuth/Operational,WISPr Detection,Stop,ut:WISPrDetection,Windows 10,1809,Pro,2019/02/12,17763.316,No WISPr discovery performed for the hotspot on interface {InterfaceGuid},{InterfaceGuid}
2007,0,Information,Microsoft-Windows-HotspotAuth/Operational,WISPr Detection,Stop,ut:WISPrDetection,Windows 10,1803,Pro,2019/01/08,17763.253,No WISPr discovery performed for the hotspot on interface {InterfaceGuid},{InterfaceGuid}
2007,0,Information,Microsoft-Windows-HotspotAuth/Operational,WISPr Detection,Stop,ut:WISPrDetection,Windows 10,1809,Pro,2018/12/11,17763.194,No WISPr discovery performed for the hotspot on interface {InterfaceGuid},{InterfaceGuid}
2007,0,Information,Microsoft-Windows-HotspotAuth/Operational,WISPr Detection,Stop,ut:WISPrDetection,Windows 10,1809,Pro,2020/11/10,17763.1577,No WISPr discovery performed for the hotspot on interface {InterfaceGuid},{InterfaceGuid}
2007,0,Information,Microsoft-Windows-HotspotAuth/Operational,WISPr Detection,Stop,ut:WISPrDetection,Windows 10,1809,Pro,2020/10/13,17763.1518,No WISPr discovery performed for the hotspot on interface {InterfaceGuid},{InterfaceGuid}
2007,0,Information,Microsoft-Windows-HotspotAuth/Operational,WISPr Detection,Stop,ut:WISPrDetection,Windows 10,1809,Pro,2020/09/08,17763.1457,No WISPr discovery performed for the hotspot on interface {InterfaceGuid},{InterfaceGuid}
2007,0,Information,Microsoft-Windows-HotspotAuth/Operational,WISPr Detection,Stop,ut:WISPrDetection,Windows 10,1809,Pro,2020/08/11,17763.1397,No WISPr discovery performed for the hotspot on interface {InterfaceGuid},{InterfaceGuid}
2007,0,Information,Microsoft-Windows-HotspotAuth/Operational,WISPr Detection,Stop,ut:WISPrDetection,Windows 10,1809,Pro,2020/07/14,17763.1339,No WISPr discovery performed for the hotspot on interface {InterfaceGuid},{InterfaceGuid}
2007,0,Information,Microsoft-Windows-HotspotAuth/Operational,WISPr Detection,Stop,ut:WISPrDetection,Windows 10,1809,Pro,2020/06/09,17763.1282,No WISPr discovery performed for the hotspot on interface {InterfaceGuid},{InterfaceGuid}
2007,0,Information,Microsoft-Windows-HotspotAuth/Operational,WISPr Detection,Stop,ut:WISPrDetection,Windows 10,1809,Pro,2020/05/12,17763.1217,No WISPr discovery performed for the hotspot on interface {InterfaceGuid},{InterfaceGuid}
2007,0,Information,Microsoft-Windows-HotspotAuth/Operational,WISPr Detection,Stop,ut:WISPrDetection,Windows 10,1809,Pro,2020/04/14,17763.1158,No WISPr discovery performed for the hotspot on interface {InterfaceGuid},{InterfaceGuid}
2007,0,Information,Microsoft-Windows-HotspotAuth/Operational,WISPr Detection,Stop,ut:WISPrDetection,Windows 10,1809,Pro,2020/03/12,17763.1098,No WISPr discovery performed for the hotspot on interface {InterfaceGuid},{InterfaceGuid}
2007,0,Information,Microsoft-Windows-HotspotAuth/Operational,WISPr Detection,Stop,ut:WISPrDetection,Windows 10,1809,Pro,2018/11/13,17763.107,No WISPr discovery performed for the hotspot on interface {InterfaceGuid},{InterfaceGuid}
2007,0,Information,Microsoft-Windows-HotspotAuth/Operational,WISPr Detection,Stop,ut:WISPrDetection,Windows 10,1809,Pro,2020/02/11,17763.1039,No WISPr discovery performed for the hotspot on interface {InterfaceGuid},{InterfaceGuid}
2007,0,Information,Microsoft-Windows-HotspotAuth/Operational,WISPr Detection,Stop,ut:WISPrDetection,Windows 10,1803,Pro,2019/08/13,17134.95,No WISPr discovery performed for the hotspot on interface {InterfaceGuid},{InterfaceGuid}
2007,0,Information,Microsoft-Windows-HotspotAuth/Operational,WISPr Detection,Stop,ut:WISPrDetection,Windows 10,1803,Pro,2019/07/09,17134.885,No WISPr discovery performed for the hotspot on interface {InterfaceGuid},{InterfaceGuid}
2007,0,Information,Microsoft-Windows-HotspotAuth/Operational,WISPr Detection,Stop,ut:WISPrDetection,Windows 10,1803,Pro,2019/06/11,17134.829,No WISPr discovery performed for the hotspot on interface {InterfaceGuid},{InterfaceGuid}
2007,0,Information,Microsoft-Windows-HotspotAuth/Operational,WISPr Detection,Stop,ut:WISPrDetection,Windows 10,1803,Pro,2019/05/19,17134.766,No WISPr discovery performed for the hotspot on interface {InterfaceGuid},{InterfaceGuid}
2007,0,Information,Microsoft-Windows-HotspotAuth/Operational,WISPr Detection,Stop,ut:WISPrDetection,Windows 10,1803,Pro,2019/04/09,17134.706,No WISPr discovery performed for the hotspot on interface {InterfaceGuid},{InterfaceGuid}
2007,0,Information,Microsoft-Windows-HotspotAuth/Operational,WISPr Detection,Stop,ut:WISPrDetection,Windows 10,1803,Pro,2019/03/12,17134.648,No WISPr discovery performed for the hotspot on interface {InterfaceGuid},{InterfaceGuid}
2007,0,Information,Microsoft-Windows-HotspotAuth/Operational,WISPr Detection,Stop,ut:WISPrDetection,Windows 10,1803,Pro,2019/01/08,17134.523,No WISPr discovery performed for the hotspot on interface {InterfaceGuid},{InterfaceGuid}
2007,0,Information,Microsoft-Windows-HotspotAuth/Operational,WISPr Detection,Stop,ut:WISPrDetection,Windows 10,1803,Pro,2018/09/11,17134.285,No WISPr discovery performed for the hotspot on interface {InterfaceGuid},{InterfaceGuid}
2007,0,Information,Microsoft-Windows-HotspotAuth/Operational,WISPr Detection,Stop,ut:WISPrDetection,Windows 10,1803,Pro,2018/08/14,17134.228,No WISPr discovery performed for the hotspot on interface {InterfaceGuid},{InterfaceGuid}
2007,0,Information,Microsoft-Windows-HotspotAuth/Operational,WISPr Detection,Stop,ut:WISPrDetection,Windows 10,1803,Pro,2018/06/12,17134.112,No WISPr discovery performed for the hotspot on interface {InterfaceGuid},{InterfaceGuid}
2007,0,Information,Microsoft-Windows-HotspotAuth/Operational,WISPr Detection,Stop,ut:WISPrDetection,Windows 10,1803,Pro,2019/09/10,17134.1006,No WISPr discovery performed for the hotspot on interface {InterfaceGuid},{InterfaceGuid}
2007,0,Information,Microsoft-Windows-HotspotAuth/Operational,WISPr Detection,Stop,ut:WISPrDetection,Windows 10,1803,Pro,1970/01/01,17134.1,No WISPr discovery performed for the hotspot on interface {InterfaceGuid},{InterfaceGuid}
2007,0,Information,Microsoft-Windows-HotspotAuth/Operational,WISPr Detection,Stop,ut:WISPrDetection,Windows 10,1709,Pro,2017/11/14,16299.64,No WISPr discovery performed for the hotspot on interface {InterfaceGuid},{InterfaceGuid}
2007,0,Information,Microsoft-Windows-HotspotAuth/Operational,WISPr Detection,Stop,ut:WISPrDetection,Windows 10,1709,Pro,2017/11/14,16299.15,No WISPr discovery performed for the hotspot on interface {InterfaceGuid},{InterfaceGuid}
2007,0,Information,Microsoft-Windows-HotspotAuth/Operational,WISPr Detection,Stop,ut:WISPrDetection,Windows 10,1709,Pro,2017/12/12,16299.125,No WISPr discovery performed for the hotspot on interface {InterfaceGuid},{InterfaceGuid}
2007,0,Information,Microsoft-Windows-HotspotAuth/Operational,WISPr Detection,Stop,ut:WISPrDetection,Windows 10,1703,Pro,2017/07/11,15063.483,No WISPr discovery performed for the hotspot on interface {InterfaceGuid},{InterfaceGuid}
2007,0,Information,Microsoft-Windows-HotspotAuth/Operational,WISPr Detection,Stop,ut:WISPrDetection,Windows 10,1703,Pro,2017/06/13,15063.413,No WISPr discovery performed for the hotspot on interface {InterfaceGuid},{InterfaceGuid}
2007,0,Information,Microsoft-Windows-HotspotAuth/Operational,WISPr Detection,Stop,ut:WISPrDetection,Windows 10,1703,Pro,2017/03/20,15063.0,No WISPr discovery performed for the hotspot on interface {InterfaceGuid},{InterfaceGuid}
2007,0,Information,Microsoft-Windows-HotspotAuth/Operational,WISPr Detection,Stop,ut:WISPrDetection,Windows 10,1607,Pro,2016/11/08,14393.447,No WISPr discovery performed for the hotspot on interface {InterfaceGuid},{InterfaceGuid}
2007,0,Information,Microsoft-Windows-HotspotAuth/Operational,WISPr Detection,Stop,ut:WISPrDetection,Windows 10,1511,Pro,2016/03/08,10586.164,No WISPr discovery performed for the hotspot on interface {InterfaceGuid},{InterfaceGuid}
2007,0,Information,Microsoft-Windows-HotspotAuth/Operational,WISPr Detection,Stop,ut:WISPrDetection,Windows 10,1511,Enterprise,2016/02/09,10586.104,No WISPr discovery performed for the hotspot on interface {InterfaceGuid},{InterfaceGuid}
2007,0,Information,Microsoft-Windows-HotspotAuth/Operational,WISPr Detection,Stop,ut:WISPrDetection,Windows 10,1511,Pro,1970/01/01,10586.0,No WISPr discovery performed for the hotspot on interface {InterfaceGuid},{InterfaceGuid}
2007,0,Information,Microsoft-Windows-HotspotAuth/Operational,WISPr Detection,Stop,ut:WISPrDetection,Windows 10,1507,Pro,2015/07/29,10240.0,No WISPr discovery performed for the hotspot on interface {InterfaceGuid},{InterfaceGuid}
2007,0,Information,Microsoft-Windows-HotspotAuth/Operational,WISPr Detection,Stop,ut:WISPrDetection,Windows 8.1,8.1,Pro,1970/01/01,9600.0,No WISPr discovery performed for the hotspot on interface {InterfaceGuid},{InterfaceGuid}
2007,0,Information,Microsoft-Windows-HotspotAuth/Operational,WISPr Detection,Stop,ut:WISPrDetection,Windows 8,8,Pro,1970/01/01,9200.0,No WISPr discovery performed for the hotspot on interface {InterfaceGuid},{InterfaceGuid}
3001,0,Information,Microsoft-Windows-HotspotAuth/Operational,Hotspot Detection,Stop,ut:HotspotDetection,Windows 11,24H2,Pro,2024/10/2,26100.1742,No hotspot detected on interface {InterfaceGuid},{InterfaceGuid}
3001,0,Information,Microsoft-Windows-HotspotAuth/Operational,Hotspot Detection,Stop,ut:HotspotDetection,Windows 11,22H2,Pro,2022/12/20,22621.963,No hotspot detected on interface {InterfaceGuid},{InterfaceGuid}
3001,0,Information,Microsoft-Windows-HotspotAuth/Operational,Hotspot Detection,Stop,ut:HotspotDetection,Windows 11,22H2,Pro,2022/11/15,22621.819,No hotspot detected on interface {InterfaceGuid},{InterfaceGuid}
3001,0,Information,Microsoft-Windows-HotspotAuth/Operational,Hotspot Detection,Stop,ut:HotspotDetection,Windows 11,22H2,Pro,2022/10/18,22621.674,No hotspot detected on interface {InterfaceGuid},{InterfaceGuid}
3001,0,Information,Microsoft-Windows-HotspotAuth/Operational,Hotspot Detection,Stop,ut:HotspotDetection,Windows 11,22H2,Pro,2022/09/20,22621.382,No hotspot detected on interface {InterfaceGuid},{InterfaceGuid}
3001,0,Information,Microsoft-Windows-HotspotAuth/Operational,Hotspot Detection,Stop,ut:HotspotDetection,Windows 11,22H2,Pro,2023/03/21,22621.1413,No hotspot detected on interface {InterfaceGuid},{InterfaceGuid}
3001,0,Information,Microsoft-Windows-HotspotAuth/Operational,Hotspot Detection,Stop,ut:HotspotDetection,Windows 11,22H2,Pro,2023/02/21,22621.1265,No hotspot detected on interface {InterfaceGuid},{InterfaceGuid}
3001,0,Information,Microsoft-Windows-HotspotAuth/Operational,Hotspot Detection,Stop,ut:HotspotDetection,Windows 11,22H2,Pro,2023/01/17,22621.1105,No hotspot detected on interface {InterfaceGuid},{InterfaceGuid}
3001,0,Information,Microsoft-Windows-HotspotAuth/Operational,Hotspot Detection,Stop,ut:HotspotDetection,Windows 11,21H2,Pro,2022/09/20,22000.978,No hotspot detected on interface {InterfaceGuid},{InterfaceGuid}
3001,0,Information,Microsoft-Windows-HotspotAuth/Operational,Hotspot Detection,Stop,ut:HotspotDetection,Windows 11,21H2,Pro,2022/08/16,22000.856,No hotspot detected on interface {InterfaceGuid},{InterfaceGuid}
3001,0,Information,Microsoft-Windows-HotspotAuth/Operational,Hotspot Detection,Stop,ut:HotspotDetection,Windows 11,21H2,Pro,2022/07/19,22000.795,No hotspot detected on interface {InterfaceGuid},{InterfaceGuid}
3001,0,Information,Microsoft-Windows-HotspotAuth/Operational,Hotspot Detection,Stop,ut:HotspotDetection,Windows 11,21H2,Pro,2022/06/21,22000.739,No hotspot detected on interface {InterfaceGuid},{InterfaceGuid}
3001,0,Information,Microsoft-Windows-HotspotAuth/Operational,Hotspot Detection,Stop,ut:HotspotDetection,Windows 11,21H2,Pro,2022/05/17,22000.675,No hotspot detected on interface {InterfaceGuid},{InterfaceGuid}
3001,0,Information,Microsoft-Windows-HotspotAuth/Operational,Hotspot Detection,Stop,ut:HotspotDetection,Windows 11,21H2,Pro,2022/04/19,22000.613,No hotspot detected on interface {InterfaceGuid},{InterfaceGuid}
3001,0,Information,Microsoft-Windows-HotspotAuth/Operational,Hotspot Detection,Stop,ut:HotspotDetection,Windows 11,21H2,Pro,2022/03/15,22000.556,No hotspot detected on interface {InterfaceGuid},{InterfaceGuid}
3001,0,Information,Microsoft-Windows-HotspotAuth/Operational,Hotspot Detection,Stop,ut:HotspotDetection,Windows 11,21H2,Pro,2022/02/15,22000.493,No hotspot detected on interface {InterfaceGuid},{InterfaceGuid}
3001,0,Information,Microsoft-Windows-HotspotAuth/Operational,Hotspot Detection,Stop,ut:HotspotDetection,Windows 11,21H2,Pro,2022/01/11,22000.434,No hotspot detected on interface {InterfaceGuid},{InterfaceGuid}
3001,0,Information,Microsoft-Windows-HotspotAuth/Operational,Hotspot Detection,Stop,ut:HotspotDetection,Windows 11,21H2,Pro,2021/12/14,22000.376,No hotspot detected on interface {InterfaceGuid},{InterfaceGuid}
3001,0,Information,Microsoft-Windows-HotspotAuth/Operational,Hotspot Detection,Stop,ut:HotspotDetection,Windows 11,21H2,Pro,2021/11/09,22000.318,No hotspot detected on interface {InterfaceGuid},{InterfaceGuid}
3001,0,Information,Microsoft-Windows-HotspotAuth/Operational,Hotspot Detection,Stop,ut:HotspotDetection,Windows 11,21H2,Pro,2021/09/16,22000.194,No hotspot detected on interface {InterfaceGuid},{InterfaceGuid}
3001,0,Information,Microsoft-Windows-HotspotAuth/Operational,Hotspot Detection,Stop,ut:HotspotDetection,Windows 11,21H2,Pro,2023/03/21,22000.1696,No hotspot detected on interface {InterfaceGuid},{InterfaceGuid}
3001,0,Information,Microsoft-Windows-HotspotAuth/Operational,Hotspot Detection,Stop,ut:HotspotDetection,Windows 11,21H2,Pro,2023/02/21,22000.1574,No hotspot detected on interface {InterfaceGuid},{InterfaceGuid}
3001,0,Information,Microsoft-Windows-HotspotAuth/Operational,Hotspot Detection,Stop,ut:HotspotDetection,Windows 11,21H2,Pro,2023/01/17,22000.1455,No hotspot detected on interface {InterfaceGuid},{InterfaceGuid}
3001,0,Information,Microsoft-Windows-HotspotAuth/Operational,Hotspot Detection,Stop,ut:HotspotDetection,Windows 11,21H2,Pro,2022/12/20,22000.1335,No hotspot detected on interface {InterfaceGuid},{InterfaceGuid}
3001,0,Information,Microsoft-Windows-HotspotAuth/Operational,Hotspot Detection,Stop,ut:HotspotDetection,Windows 11,21H2,Pro,2022/11/15,22000.1219,No hotspot detected on interface {InterfaceGuid},{InterfaceGuid}
3001,0,Information,Microsoft-Windows-HotspotAuth/Operational,Hotspot Detection,Stop,ut:HotspotDetection,Windows 11,21H2,Pro,2022/10/18,22000.1098,No hotspot detected on interface {InterfaceGuid},{InterfaceGuid}
3001,0,Information,Microsoft-Windows-HotspotAuth/Operational,Hotspot Detection,Stop,ut:HotspotDetection,Windows 11,21H2,Pro-Dev,1970/01/01,21996.1,No hotspot detected on interface {InterfaceGuid},{InterfaceGuid}
3001,0,Information,Microsoft-Windows-HotspotAuth/Operational,Hotspot Detection,Stop,ut:HotspotDetection,Windows 10,22H2,Pro,2023/03/21,19045.2728,No hotspot detected on interface {InterfaceGuid},{InterfaceGuid}
3001,0,Information,Microsoft-Windows-HotspotAuth/Operational,Hotspot Detection,Stop,ut:HotspotDetection,Windows 10,22H2,Pro,2023/02/21,19045.2604,No hotspot detected on interface {InterfaceGuid},{InterfaceGuid}
3001,0,Information,Microsoft-Windows-HotspotAuth/Operational,Hotspot Detection,Stop,ut:HotspotDetection,Windows 10,22H2,Pro,2023/01/17,19045.2486,No hotspot detected on interface {InterfaceGuid},{InterfaceGuid}
3001,0,Information,Microsoft-Windows-HotspotAuth/Operational,Hotspot Detection,Stop,ut:HotspotDetection,Windows 10,22H2,Pro,2022/12/20,19045.2364,No hotspot detected on interface {InterfaceGuid},{InterfaceGuid}
3001,0,Information,Microsoft-Windows-HotspotAuth/Operational,Hotspot Detection,Stop,ut:HotspotDetection,Windows 10,22H2,Pro,2022/11/15,19045.2251,No hotspot detected on interface {InterfaceGuid},{InterfaceGuid}
3001,0,Information,Microsoft-Windows-HotspotAuth/Operational,Hotspot Detection,Stop,ut:HotspotDetection,Windows 10,21H2,Pro,2023/03/21,19044.2728,No hotspot detected on interface {InterfaceGuid},{InterfaceGuid}
3001,0,Information,Microsoft-Windows-HotspotAuth/Operational,Hotspot Detection,Stop,ut:HotspotDetection,Windows 10,21H2,Pro,2023/02/21,19044.2604,No hotspot detected on interface {InterfaceGuid},{InterfaceGuid}
3001,0,Information,Microsoft-Windows-HotspotAuth/Operational,Hotspot Detection,Stop,ut:HotspotDetection,Windows 10,21H2,Pro,2023/01/17,19044.2486,No hotspot detected on interface {InterfaceGuid},{InterfaceGuid}
3001,0,Information,Microsoft-Windows-HotspotAuth/Operational,Hotspot Detection,Stop,ut:HotspotDetection,Windows 10,21H2,Pro,2022/12/20,19044.2364,No hotspot detected on interface {InterfaceGuid},{InterfaceGuid}
3001,0,Information,Microsoft-Windows-HotspotAuth/Operational,Hotspot Detection,Stop,ut:HotspotDetection,Windows 10,21H2,Pro,2022/11/15,19044.2251,No hotspot detected on interface {InterfaceGuid},{InterfaceGuid}
3001,0,Information,Microsoft-Windows-HotspotAuth/Operational,Hotspot Detection,Stop,ut:HotspotDetection,Windows 10,21H2,Pro,2022/10/18,19044.213,No hotspot detected on interface {InterfaceGuid},{InterfaceGuid}
3001,0,Information,Microsoft-Windows-HotspotAuth/Operational,Hotspot Detection,Stop,ut:HotspotDetection,Windows 10,21H2,Pro,2022/09/20,19044.2006,No hotspot detected on interface {InterfaceGuid},{InterfaceGuid}
3001,0,Information,Microsoft-Windows-HotspotAuth/Operational,Hotspot Detection,Stop,ut:HotspotDetection,Windows 10,21H2,Pro,2022/08/16,19044.1889,No hotspot detected on interface {InterfaceGuid},{InterfaceGuid}
3001,0,Information,Microsoft-Windows-HotspotAuth/Operational,Hotspot Detection,Stop,ut:HotspotDetection,Windows 10,21H2,Pro,2022/07/19,19044.1826,No hotspot detected on interface {InterfaceGuid},{InterfaceGuid}
3001,0,Information,Microsoft-Windows-HotspotAuth/Operational,Hotspot Detection,Stop,ut:HotspotDetection,Windows 10,21H2,Pro,2022/06/21,19044.1766,No hotspot detected on interface {InterfaceGuid},{InterfaceGuid}
3001,0,Information,Microsoft-Windows-HotspotAuth/Operational,Hotspot Detection,Stop,ut:HotspotDetection,Windows 10,21H2,Pro,2022/05/17,19044.1706,No hotspot detected on interface {InterfaceGuid},{InterfaceGuid}
3001,0,Information,Microsoft-Windows-HotspotAuth/Operational,Hotspot Detection,Stop,ut:HotspotDetection,Windows 10,21H2,Pro,2022/04/19,19044.1645,No hotspot detected on interface {InterfaceGuid},{InterfaceGuid}
3001,0,Information,Microsoft-Windows-HotspotAuth/Operational,Hotspot Detection,Stop,ut:HotspotDetection,Windows 10,21H2,Pro,2022/01/11,19044.1466,No hotspot detected on interface {InterfaceGuid},{InterfaceGuid}
3001,0,Information,Microsoft-Windows-HotspotAuth/Operational,Hotspot Detection,Stop,ut:HotspotDetection,Windows 10,21H2,Pro,2021/10/12,19044.1288,No hotspot detected on interface {InterfaceGuid},{InterfaceGuid}
3001,0,Information,Microsoft-Windows-HotspotAuth/Operational,Hotspot Detection,Stop,ut:HotspotDetection,Windows 10,21H1,Pro,2021/04/13,19043.928,No hotspot detected on interface {InterfaceGuid},{InterfaceGuid}
3001,0,Information,Microsoft-Windows-HotspotAuth/Operational,Hotspot Detection,Stop,ut:HotspotDetection,Windows 10,21H1,Pro,2022/12/20,19043.2364,No hotspot detected on interface {InterfaceGuid},{InterfaceGuid}
3001,0,Information,Microsoft-Windows-HotspotAuth/Operational,Hotspot Detection,Stop,ut:HotspotDetection,Windows 10,21H1,Pro,2022/11/15,19043.2251,No hotspot detected on interface {InterfaceGuid},{InterfaceGuid}
3001,0,Information,Microsoft-Windows-HotspotAuth/Operational,Hotspot Detection,Stop,ut:HotspotDetection,Windows 10,21H1,Pro,2022/10/18,19043.213,No hotspot detected on interface {InterfaceGuid},{InterfaceGuid}
3001,0,Information,Microsoft-Windows-HotspotAuth/Operational,Hotspot Detection,Stop,ut:HotspotDetection,Windows 10,21H1,Pro,2022/09/20,19043.2006,No hotspot detected on interface {InterfaceGuid},{InterfaceGuid}
3001,0,Information,Microsoft-Windows-HotspotAuth/Operational,Hotspot Detection,Stop,ut:HotspotDetection,Windows 10,21H1,Pro,2022/08/16,19043.1889,No hotspot detected on interface {InterfaceGuid},{InterfaceGuid}
3001,0,Information,Microsoft-Windows-HotspotAuth/Operational,Hotspot Detection,Stop,ut:HotspotDetection,Windows 10,21H1,Pro,2022/07/19,19043.1826,No hotspot detected on interface {InterfaceGuid},{InterfaceGuid}
3001,0,Information,Microsoft-Windows-HotspotAuth/Operational,Hotspot Detection,Stop,ut:HotspotDetection,Windows 10,21H1,Pro,2022/06/21,19043.1766,No hotspot detected on interface {InterfaceGuid},{InterfaceGuid}
3001,0,Information,Microsoft-Windows-HotspotAuth/Operational,Hotspot Detection,Stop,ut:HotspotDetection,Windows 10,21H1,Pro,2022/05/17,19043.1706,No hotspot detected on interface {InterfaceGuid},{InterfaceGuid}
3001,0,Information,Microsoft-Windows-HotspotAuth/Operational,Hotspot Detection,Stop,ut:HotspotDetection,Windows 10,21H1,Pro,2022/04/19,19043.1645,No hotspot detected on interface {InterfaceGuid},{InterfaceGuid}
3001,0,Information,Microsoft-Windows-HotspotAuth/Operational,Hotspot Detection,Stop,ut:HotspotDetection,Windows 10,21H1,Pro,2022/01/11,19043.1466,No hotspot detected on interface {InterfaceGuid},{InterfaceGuid}
3001,0,Information,Microsoft-Windows-HotspotAuth/Operational,Hotspot Detection,Stop,ut:HotspotDetection,Windows 10,21H1,Pro,2021/12/14,19043.1415,No hotspot detected on interface {InterfaceGuid},{InterfaceGuid}
3001,0,Information,Microsoft-Windows-HotspotAuth/Operational,Hotspot Detection,Stop,ut:HotspotDetection,Windows 10,21H2,Pro,2021/12/14,19043.1415,No hotspot detected on interface {InterfaceGuid},{InterfaceGuid}
3001,0,Information,Microsoft-Windows-HotspotAuth/Operational,Hotspot Detection,Stop,ut:HotspotDetection,Windows 10,21H1,Pro,2021/11/09,19043.1348,No hotspot detected on interface {InterfaceGuid},{InterfaceGuid}
3001,0,Information,Microsoft-Windows-HotspotAuth/Operational,Hotspot Detection,Stop,ut:HotspotDetection,Windows 10,21H1,Pro,2021/10/12,19043.1288,No hotspot detected on interface {InterfaceGuid},{InterfaceGuid}
3001,0,Information,Microsoft-Windows-HotspotAuth/Operational,Hotspot Detection,Stop,ut:HotspotDetection,Windows 10,21H1,Pro,2021/09/14,19043.1237,No hotspot detected on interface {InterfaceGuid},{InterfaceGuid}
3001,0,Information,Microsoft-Windows-HotspotAuth/Operational,Hotspot Detection,Stop,ut:HotspotDetection,Windows 10,21H1,Pro,2021/08/10,19043.1165,No hotspot detected on interface {InterfaceGuid},{InterfaceGuid}
3001,0,Information,Microsoft-Windows-HotspotAuth/Operational,Hotspot Detection,Stop,ut:HotspotDetection,Windows 10,21H1,Pro,2021/07/13,19043.111,No hotspot detected on interface {InterfaceGuid},{InterfaceGuid}
3001,0,Information,Microsoft-Windows-HotspotAuth/Operational,Hotspot Detection,Stop,ut:HotspotDetection,Windows 10,21H1,Pro,2021/06/08,19043.1052,No hotspot detected on interface {InterfaceGuid},{InterfaceGuid}
3001,0,Information,Microsoft-Windows-HotspotAuth/Operational,Hotspot Detection,Stop,ut:HotspotDetection,Windows 10,20H2,Pro,2022/04/19,19042.1645,No hotspot detected on interface {InterfaceGuid},{InterfaceGuid}
3001,0,Information,Microsoft-Windows-HotspotAuth/Operational,Hotspot Detection,Stop,ut:HotspotDetection,Windows 10,20H2,Pro,2022/01/11,19042.1466,No hotspot detected on interface {InterfaceGuid},{InterfaceGuid}
3001,0,Information,Microsoft-Windows-HotspotAuth/Operational,Hotspot Detection,Stop,ut:HotspotDetection,Windows 10,2004,Pro,2021/05/11,19041.985,No hotspot detected on interface {InterfaceGuid},{InterfaceGuid}
3001,0,Information,Microsoft-Windows-HotspotAuth/Operational,Hotspot Detection,Stop,ut:HotspotDetection,Windows 10,20H2,Pro,2021/05/11,19041.985,No hotspot detected on interface {InterfaceGuid},{InterfaceGuid}
3001,0,Information,Microsoft-Windows-HotspotAuth/Operational,Hotspot Detection,Stop,ut:HotspotDetection,Windows 10,2004,Pro,2021/04/13,19041.928,No hotspot detected on interface {InterfaceGuid},{InterfaceGuid}
3001,0,Information,Microsoft-Windows-HotspotAuth/Operational,Hotspot Detection,Stop,ut:HotspotDetection,Windows 10,20H2,Pro,2021/04/13,19041.928,No hotspot detected on interface {InterfaceGuid},{InterfaceGuid}
3001,0,Information,Microsoft-Windows-HotspotAuth/Operational,Hotspot Detection,Stop,ut:HotspotDetection,Windows 10,2004,Pro,2021/03/09,19041.867,No hotspot detected on interface {InterfaceGuid},{InterfaceGuid}
3001,0,Information,Microsoft-Windows-HotspotAuth/Operational,Hotspot Detection,Stop,ut:HotspotDetection,Windows 10,20H2,Pro,2021/03/09,19041.867,No hotspot detected on interface {InterfaceGuid},{InterfaceGuid}
3001,0,Information,Microsoft-Windows-HotspotAuth/Operational,Hotspot Detection,Stop,ut:HotspotDetection,Windows 10,2004,Pro,2021/02/09,19041.804,No hotspot detected on interface {InterfaceGuid},{InterfaceGuid}
3001,0,Information,Microsoft-Windows-HotspotAuth/Operational,Hotspot Detection,Stop,ut:HotspotDetection,Windows 10,20H2,Pro,2021/02/09,19041.804,No hotspot detected on interface {InterfaceGuid},{InterfaceGuid}
3001,0,Information,Microsoft-Windows-HotspotAuth/Operational,Hotspot Detection,Stop,ut:HotspotDetection,Windows 10,2004,Pro,2021/01/12,19041.746,No hotspot detected on interface {InterfaceGuid},{InterfaceGuid}
3001,0,Information,Microsoft-Windows-HotspotAuth/Operational,Hotspot Detection,Stop,ut:HotspotDetection,Windows 10,20H2,Pro,2021/01/12,19041.746,No hotspot detected on interface {InterfaceGuid},{InterfaceGuid}
3001,0,Information,Microsoft-Windows-HotspotAuth/Operational,Hotspot Detection,Stop,ut:HotspotDetection,Windows 10,2004,Pro,2020/12/08,19041.685,No hotspot detected on interface {InterfaceGuid},{InterfaceGuid}
3001,0,Information,Microsoft-Windows-HotspotAuth/Operational,Hotspot Detection,Stop,ut:HotspotDetection,Windows 10,20H2,Pro,2020/12/08,19041.685,No hotspot detected on interface {InterfaceGuid},{InterfaceGuid}
3001,0,Information,Microsoft-Windows-HotspotAuth/Operational,Hotspot Detection,Stop,ut:HotspotDetection,Windows 10,20H2,Pro,2020/11/19,19041.631,No hotspot detected on interface {InterfaceGuid},{InterfaceGuid}
3001,0,Information,Microsoft-Windows-HotspotAuth/Operational,Hotspot Detection,Stop,ut:HotspotDetection,Windows 10,2004,Pro,2020/11/10,19041.63,No hotspot detected on interface {InterfaceGuid},{InterfaceGuid}
3001,0,Information,Microsoft-Windows-HotspotAuth/Operational,Hotspot Detection,Stop,ut:HotspotDetection,Windows 10,2004,Pro,2020/10/13,19041.572,No hotspot detected on interface {InterfaceGuid},{InterfaceGuid}
3001,0,Information,Microsoft-Windows-HotspotAuth/Operational,Hotspot Detection,Stop,ut:HotspotDetection,Windows 10,2004,Pro,2020/09/08,19041.508,No hotspot detected on interface {InterfaceGuid},{InterfaceGuid}
3001,0,Information,Microsoft-Windows-HotspotAuth/Operational,Hotspot Detection,Stop,ut:HotspotDetection,Windows 10,2004,Pro,2020/08/11,19041.45,No hotspot detected on interface {InterfaceGuid},{InterfaceGuid}
3001,0,Information,Microsoft-Windows-HotspotAuth/Operational,Hotspot Detection,Stop,ut:HotspotDetection,Windows 10,2004,Pro,2020/07/14,19041.388,No hotspot detected on interface {InterfaceGuid},{InterfaceGuid}
3001,0,Information,Microsoft-Windows-HotspotAuth/Operational,Hotspot Detection,Stop,ut:HotspotDetection,Windows 10,2004,Pro,2020/06/09,19041.329,No hotspot detected on interface {InterfaceGuid},{InterfaceGuid}
3001,0,Information,Microsoft-Windows-HotspotAuth/Operational,Hotspot Detection,Stop,ut:HotspotDetection,Windows 10,2004,Pro,2020/05/27,19041.264,No hotspot detected on interface {InterfaceGuid},{InterfaceGuid}
3001,0,Information,Microsoft-Windows-HotspotAuth/Operational,Hotspot Detection,Stop,ut:HotspotDetection,Windows 10,2004,Pro,2020/04/16,19041.208,No hotspot detected on interface {InterfaceGuid},{InterfaceGuid}
3001,0,Information,Microsoft-Windows-HotspotAuth/Operational,Hotspot Detection,Stop,ut:HotspotDetection,Windows 10,21H1,Pro,2022/03/15,19041.1586,No hotspot detected on interface {InterfaceGuid},{InterfaceGuid}
3001,0,Information,Microsoft-Windows-HotspotAuth/Operational,Hotspot Detection,Stop,ut:HotspotDetection,Windows 10,20H2,Pro,2022/03/15,19041.1586,No hotspot detected on interface {InterfaceGuid},{InterfaceGuid}
3001,0,Information,Microsoft-Windows-HotspotAuth/Operational,Hotspot Detection,Stop,ut:HotspotDetection,Windows 10,21H2,Pro,2022/03/15,19041.1586,No hotspot detected on interface {InterfaceGuid},{InterfaceGuid}
3001,0,Information,Microsoft-Windows-HotspotAuth/Operational,Hotspot Detection,Stop,ut:HotspotDetection,Windows 10,21H1,Pro,2022/02/15,19041.1526,No hotspot detected on interface {InterfaceGuid},{InterfaceGuid}
3001,0,Information,Microsoft-Windows-HotspotAuth/Operational,Hotspot Detection,Stop,ut:HotspotDetection,Windows 10,20H2,Pro,2022/02/15,19041.1526,No hotspot detected on interface {InterfaceGuid},{InterfaceGuid}
3001,0,Information,Microsoft-Windows-HotspotAuth/Operational,Hotspot Detection,Stop,ut:HotspotDetection,Windows 10,21H2,Pro,2022/02/15,19041.1526,No hotspot detected on interface {InterfaceGuid},{InterfaceGuid}
3001,0,Information,Microsoft-Windows-HotspotAuth/Operational,Hotspot Detection,Stop,ut:HotspotDetection,Windows 10,20H2,Pro,2021/12/14,19041.1415,No hotspot detected on interface {InterfaceGuid},{InterfaceGuid}
3001,0,Information,Microsoft-Windows-HotspotAuth/Operational,Hotspot Detection,Stop,ut:HotspotDetection,Windows 10,2004,Pro,2021/11/09,19041.1348,No hotspot detected on interface {InterfaceGuid},{InterfaceGuid}
3001,0,Information,Microsoft-Windows-HotspotAuth/Operational,Hotspot Detection,Stop,ut:HotspotDetection,Windows 10,20H2,Pro,2021/11/09,19041.1348,No hotspot detected on interface {InterfaceGuid},{InterfaceGuid}
3001,0,Information,Microsoft-Windows-HotspotAuth/Operational,Hotspot Detection,Stop,ut:HotspotDetection,Windows 10,2004,Pro,2021/10/12,19041.1288,No hotspot detected on interface {InterfaceGuid},{InterfaceGuid}
3001,0,Information,Microsoft-Windows-HotspotAuth/Operational,Hotspot Detection,Stop,ut:HotspotDetection,Windows 10,20H2,Pro,2021/10/12,19041.1288,No hotspot detected on interface {InterfaceGuid},{InterfaceGuid}
3001,0,Information,Microsoft-Windows-HotspotAuth/Operational,Hotspot Detection,Stop,ut:HotspotDetection,Windows 10,2004,Pro,2021/09/14,19041.1237,No hotspot detected on interface {InterfaceGuid},{InterfaceGuid}
3001,0,Information,Microsoft-Windows-HotspotAuth/Operational,Hotspot Detection,Stop,ut:HotspotDetection,Windows 10,20H2,Pro,2021/09/14,19041.1237,No hotspot detected on interface {InterfaceGuid},{InterfaceGuid}
3001,0,Information,Microsoft-Windows-HotspotAuth/Operational,Hotspot Detection,Stop,ut:HotspotDetection,Windows 10,2004,Pro,2021/08/10,19041.1165,No hotspot detected on interface {InterfaceGuid},{InterfaceGuid}
3001,0,Information,Microsoft-Windows-HotspotAuth/Operational,Hotspot Detection,Stop,ut:HotspotDetection,Windows 10,20H2,Pro,2021/08/10,19041.1165,No hotspot detected on interface {InterfaceGuid},{InterfaceGuid}
3001,0,Information,Microsoft-Windows-HotspotAuth/Operational,Hotspot Detection,Stop,ut:HotspotDetection,Windows 10,2004,Pro,2021/07/13,19041.111,No hotspot detected on interface {InterfaceGuid},{InterfaceGuid}
3001,0,Information,Microsoft-Windows-HotspotAuth/Operational,Hotspot Detection,Stop,ut:HotspotDetection,Windows 10,20H2,Pro,2021/07/13,19041.111,No hotspot detected on interface {InterfaceGuid},{InterfaceGuid}
3001,0,Information,Microsoft-Windows-HotspotAuth/Operational,Hotspot Detection,Stop,ut:HotspotDetection,Windows 10,2004,Pro,2021/06/08,19041.1052,No hotspot detected on interface {InterfaceGuid},{InterfaceGuid}
3001,0,Information,Microsoft-Windows-HotspotAuth/Operational,Hotspot Detection,Stop,ut:HotspotDetection,Windows 10,20H2,Pro,2021/06/08,19041.1052,No hotspot detected on interface {InterfaceGuid},{InterfaceGuid}
3001,0,Information,Microsoft-Windows-HotspotAuth/Operational,Hotspot Detection,Stop,ut:HotspotDetection,Windows 10,1909,Pro,2020/07/14,18363.959,No hotspot detected on interface {InterfaceGuid},{InterfaceGuid}
3001,0,Information,Microsoft-Windows-HotspotAuth/Operational,Hotspot Detection,Stop,ut:HotspotDetection,Windows 10,1909,Pro,2020/06/09,18363.9,No hotspot detected on interface {InterfaceGuid},{InterfaceGuid}
3001,0,Information,Microsoft-Windows-HotspotAuth/Operational,Hotspot Detection,Stop,ut:HotspotDetection,Windows 10,1909,Pro,2020/05/12,18363.836,No hotspot detected on interface {InterfaceGuid},{InterfaceGuid}
3001,0,Information,Microsoft-Windows-HotspotAuth/Operational,Hotspot Detection,Stop,ut:HotspotDetection,Windows 10,1909,Pro,2020/04/14,18363.778,No hotspot detected on interface {InterfaceGuid},{InterfaceGuid}
3001,0,Information,Microsoft-Windows-HotspotAuth/Operational,Hotspot Detection,Stop,ut:HotspotDetection,Windows 10,1909,Pro,2020/03/12,18363.72,No hotspot detected on interface {InterfaceGuid},{InterfaceGuid}
3001,0,Information,Microsoft-Windows-HotspotAuth/Operational,Hotspot Detection,Stop,ut:HotspotDetection,Windows 10,1909,Pro,2020/02/11,18363.657,No hotspot detected on interface {InterfaceGuid},{InterfaceGuid}
3001,0,Information,Microsoft-Windows-HotspotAuth/Operational,Hotspot Detection,Stop,ut:HotspotDetection,Windows 10,1909,Pro,2020/01/14,18363.592,No hotspot detected on interface {InterfaceGuid},{InterfaceGuid}
3001,0,Information,Microsoft-Windows-HotspotAuth/Operational,Hotspot Detection,Stop,ut:HotspotDetection,Windows 10,1909,Pro,2019/12/10,18363.535,No hotspot detected on interface {InterfaceGuid},{InterfaceGuid}
3001,0,Information,Microsoft-Windows-HotspotAuth/Operational,Hotspot Detection,Stop,ut:HotspotDetection,Windows 10,1909,Pro,2019/10/05,18363.418,No hotspot detected on interface {InterfaceGuid},{InterfaceGuid}
3001,0,Information,Microsoft-Windows-HotspotAuth/Operational,Hotspot Detection,Stop,ut:HotspotDetection,Windows 10,1909,Pro,2021/06/08,18363.1621,No hotspot detected on interface {InterfaceGuid},{InterfaceGuid}
3001,0,Information,Microsoft-Windows-HotspotAuth/Operational,Hotspot Detection,Stop,ut:HotspotDetection,Windows 10,1909,Pro,2021/05/11,18363.1556,No hotspot detected on interface {InterfaceGuid},{InterfaceGuid}
3001,0,Information,Microsoft-Windows-HotspotAuth/Operational,Hotspot Detection,Stop,ut:HotspotDetection,Windows 10,1909,Pro,2021/04/13,18363.15,No hotspot detected on interface {InterfaceGuid},{InterfaceGuid}
3001,0,Information,Microsoft-Windows-HotspotAuth/Operational,Hotspot Detection,Stop,ut:HotspotDetection,Windows 10,1909,Pro,2021/03/09,18363.144,No hotspot detected on interface {InterfaceGuid},{InterfaceGuid}
3001,0,Information,Microsoft-Windows-HotspotAuth/Operational,Hotspot Detection,Stop,ut:HotspotDetection,Windows 10,1909,Pro,2021/02/11,18363.1379,No hotspot detected on interface {InterfaceGuid},{InterfaceGuid}
3001,0,Information,Microsoft-Windows-HotspotAuth/Operational,Hotspot Detection,Stop,ut:HotspotDetection,Windows 10,1909,Pro,2021/01/12,18363.1316,No hotspot detected on interface {InterfaceGuid},{InterfaceGuid}
3001,0,Information,Microsoft-Windows-HotspotAuth/Operational,Hotspot Detection,Stop,ut:HotspotDetection,Windows 10,1909,Pro,2020/12/08,18363.1256,No hotspot detected on interface {InterfaceGuid},{InterfaceGuid}
3001,0,Information,Microsoft-Windows-HotspotAuth/Operational,Hotspot Detection,Stop,ut:HotspotDetection,Windows 10,1909,Pro,2020/11/10,18363.1198,No hotspot detected on interface {InterfaceGuid},{InterfaceGuid}
3001,0,Information,Microsoft-Windows-HotspotAuth/Operational,Hotspot Detection,Stop,ut:HotspotDetection,Windows 10,1909,Pro,2020/10/13,18363.1139,No hotspot detected on interface {InterfaceGuid},{InterfaceGuid}
3001,0,Information,Microsoft-Windows-HotspotAuth/Operational,Hotspot Detection,Stop,ut:HotspotDetection,Windows 10,1909,Pro,2020/09/08,18363.1082,No hotspot detected on interface {InterfaceGuid},{InterfaceGuid}
3001,0,Information,Microsoft-Windows-HotspotAuth/Operational,Hotspot Detection,Stop,ut:HotspotDetection,Windows 10,1909,Pro,2020/08/11,18363.1016,No hotspot detected on interface {InterfaceGuid},{InterfaceGuid}
3001,0,Information,Microsoft-Windows-HotspotAuth/Operational,Hotspot Detection,Stop,ut:HotspotDetection,Windows 10,1903,Pro,2020/07/14,18362.959,No hotspot detected on interface {InterfaceGuid},{InterfaceGuid}
3001,0,Information,Microsoft-Windows-HotspotAuth/Operational,Hotspot Detection,Stop,ut:HotspotDetection,Windows 10,1903,Pro,2020/05/12,18362.836,No hotspot detected on interface {InterfaceGuid},{InterfaceGuid}
3001,0,Information,Microsoft-Windows-HotspotAuth/Operational,Hotspot Detection,Stop,ut:HotspotDetection,Windows 10,1903,Pro,2020/03/12,18362.72,No hotspot detected on interface {InterfaceGuid},{InterfaceGuid}
3001,0,Information,Microsoft-Windows-HotspotAuth/Operational,Hotspot Detection,Stop,ut:HotspotDetection,Windows 10,1903,Pro,2020/02/11,18362.657,No hotspot detected on interface {InterfaceGuid},{InterfaceGuid}
3001,0,Information,Microsoft-Windows-HotspotAuth/Operational,Hotspot Detection,Stop,ut:HotspotDetection,Windows 10,1903,Pro,2019/12/10,18362.535,No hotspot detected on interface {InterfaceGuid},{InterfaceGuid}
3001,0,Information,Microsoft-Windows-HotspotAuth/Operational,Hotspot Detection,Stop,ut:HotspotDetection,Windows 10,1903,Pro,2019/11/12,18362.476,No hotspot detected on interface {InterfaceGuid},{InterfaceGuid}
3001,0,Information,Microsoft-Windows-HotspotAuth/Operational,Hotspot Detection,Stop,ut:HotspotDetection,Windows 10,1903,Pro,2019/09/10,18362.356,No hotspot detected on interface {InterfaceGuid},{InterfaceGuid}
3001,0,Information,Microsoft-Windows-HotspotAuth/Operational,Hotspot Detection,Stop,ut:HotspotDetection,Windows 10,1903,Pro,2019/03/29,18362.3,No hotspot detected on interface {InterfaceGuid},{InterfaceGuid}
3001,0,Information,Microsoft-Windows-HotspotAuth/Operational,Hotspot Detection,Stop,ut:HotspotDetection,Windows 10,1903,Pro,2019/07/09,18362.239,No hotspot detected on interface {InterfaceGuid},{InterfaceGuid}
3001,0,Information,Microsoft-Windows-HotspotAuth/Operational,Hotspot Detection,Stop,ut:HotspotDetection,Windows 10,1903,Pro,2019/06/11,18362.175,No hotspot detected on interface {InterfaceGuid},{InterfaceGuid}
3001,0,Information,Microsoft-Windows-HotspotAuth/Operational,Hotspot Detection,Stop,ut:HotspotDetection,Windows 10,1903,Pro,2020/12/08,18362.1256,No hotspot detected on interface {InterfaceGuid},{InterfaceGuid}
3001,0,Information,Microsoft-Windows-HotspotAuth/Operational,Hotspot Detection,Stop,ut:HotspotDetection,Windows 10,1903,Pro,2020/11/10,18362.1198,No hotspot detected on interface {InterfaceGuid},{InterfaceGuid}
3001,0,Information,Microsoft-Windows-HotspotAuth/Operational,Hotspot Detection,Stop,ut:HotspotDetection,Windows 10,1903,Pro,2020/10/13,18362.1139,No hotspot detected on interface {InterfaceGuid},{InterfaceGuid}
3001,0,Information,Microsoft-Windows-HotspotAuth/Operational,Hotspot Detection,Stop,ut:HotspotDetection,Windows 10,1903,Pro,2020/09/08,18362.1082,No hotspot detected on interface {InterfaceGuid},{InterfaceGuid}
3001,0,Information,Microsoft-Windows-HotspotAuth/Operational,Hotspot Detection,Stop,ut:HotspotDetection,Windows 10,1903,Pro,2019/12/10,18362.1016,No hotspot detected on interface {InterfaceGuid},{InterfaceGuid}
3001,0,Information,Microsoft-Windows-HotspotAuth/Operational,Hotspot Detection,Stop,ut:HotspotDetection,Windows 10,1809,Pro,2020/01/14,17763.973,No hotspot detected on interface {InterfaceGuid},{InterfaceGuid}
3001,0,Information,Microsoft-Windows-HotspotAuth/Operational,Hotspot Detection,Stop,ut:HotspotDetection,Windows 10,1809,Pro,2019/12/10,17763.914,No hotspot detected on interface {InterfaceGuid},{InterfaceGuid}
3001,0,Information,Microsoft-Windows-HotspotAuth/Operational,Hotspot Detection,Stop,ut:HotspotDetection,Windows 10,1809,Pro,2019/11/12,17763.864,No hotspot detected on interface {InterfaceGuid},{InterfaceGuid}
3001,0,Information,Microsoft-Windows-HotspotAuth/Operational,Hotspot Detection,Stop,ut:HotspotDetection,Windows 10,1809,Pro,2019/10/08,17763.805,No hotspot detected on interface {InterfaceGuid},{InterfaceGuid}
3001,0,Information,Microsoft-Windows-HotspotAuth/Operational,Hotspot Detection,Stop,ut:HotspotDetection,Windows 10,1809,Pro,2019/09/10,17763.737,No hotspot detected on interface {InterfaceGuid},{InterfaceGuid}
3001,0,Information,Microsoft-Windows-HotspotAuth/Operational,Hotspot Detection,Stop,ut:HotspotDetection,Windows 10,1809,Pro,2019/08/13,17763.678,No hotspot detected on interface {InterfaceGuid},{InterfaceGuid}
3001,0,Information,Microsoft-Windows-HotspotAuth/Operational,Hotspot Detection,Stop,ut:HotspotDetection,Windows 10,1809,Pro,2019/07/09,17763.615,No hotspot detected on interface {InterfaceGuid},{InterfaceGuid}
3001,0,Information,Microsoft-Windows-HotspotAuth/Operational,Hotspot Detection,Stop,ut:HotspotDetection,Windows 10,1809,Pro,2019/06/11,17763.557,No hotspot detected on interface {InterfaceGuid},{InterfaceGuid}
3001,0,Information,Microsoft-Windows-HotspotAuth/Operational,Hotspot Detection,Stop,ut:HotspotDetection,Windows 10,1809,Pro,2019/05/19,17763.504,No hotspot detected on interface {InterfaceGuid},{InterfaceGuid}
3001,0,Information,Microsoft-Windows-HotspotAuth/Operational,Hotspot Detection,Stop,ut:HotspotDetection,Windows 10,1809,Pro,2019/04/09,17763.437,No hotspot detected on interface {InterfaceGuid},{InterfaceGuid}
3001,0,Information,Microsoft-Windows-HotspotAuth/Operational,Hotspot Detection,Stop,ut:HotspotDetection,Windows 10,1809,Pro,2019/03/12,17763.379,No hotspot detected on interface {InterfaceGuid},{InterfaceGuid}
3001,0,Information,Microsoft-Windows-HotspotAuth/Operational,Hotspot Detection,Stop,ut:HotspotDetection,Windows 10,1809,Pro,2019/02/12,17763.316,No hotspot detected on interface {InterfaceGuid},{InterfaceGuid}
3001,0,Information,Microsoft-Windows-HotspotAuth/Operational,Hotspot Detection,Stop,ut:HotspotDetection,Windows 10,1803,Pro,2019/01/08,17763.253,No hotspot detected on interface {InterfaceGuid},{InterfaceGuid}
3001,0,Information,Microsoft-Windows-HotspotAuth/Operational,Hotspot Detection,Stop,ut:HotspotDetection,Windows 10,1809,Pro,2018/12/11,17763.194,No hotspot detected on interface {InterfaceGuid},{InterfaceGuid}
3001,0,Information,Microsoft-Windows-HotspotAuth/Operational,Hotspot Detection,Stop,ut:HotspotDetection,Windows 10,1809,Pro,2020/11/10,17763.1577,No hotspot detected on interface {InterfaceGuid},{InterfaceGuid}
3001,0,Information,Microsoft-Windows-HotspotAuth/Operational,Hotspot Detection,Stop,ut:HotspotDetection,Windows 10,1809,Pro,2020/10/13,17763.1518,No hotspot detected on interface {InterfaceGuid},{InterfaceGuid}
3001,0,Information,Microsoft-Windows-HotspotAuth/Operational,Hotspot Detection,Stop,ut:HotspotDetection,Windows 10,1809,Pro,2020/09/08,17763.1457,No hotspot detected on interface {InterfaceGuid},{InterfaceGuid}
3001,0,Information,Microsoft-Windows-HotspotAuth/Operational,Hotspot Detection,Stop,ut:HotspotDetection,Windows 10,1809,Pro,2020/08/11,17763.1397,No hotspot detected on interface {InterfaceGuid},{InterfaceGuid}
3001,0,Information,Microsoft-Windows-HotspotAuth/Operational,Hotspot Detection,Stop,ut:HotspotDetection,Windows 10,1809,Pro,2020/07/14,17763.1339,No hotspot detected on interface {InterfaceGuid},{InterfaceGuid}
3001,0,Information,Microsoft-Windows-HotspotAuth/Operational,Hotspot Detection,Stop,ut:HotspotDetection,Windows 10,1809,Pro,2020/06/09,17763.1282,No hotspot detected on interface {InterfaceGuid},{InterfaceGuid}
3001,0,Information,Microsoft-Windows-HotspotAuth/Operational,Hotspot Detection,Stop,ut:HotspotDetection,Windows 10,1809,Pro,2020/05/12,17763.1217,No hotspot detected on interface {InterfaceGuid},{InterfaceGuid}
3001,0,Information,Microsoft-Windows-HotspotAuth/Operational,Hotspot Detection,Stop,ut:HotspotDetection,Windows 10,1809,Pro,2020/04/14,17763.1158,No hotspot detected on interface {InterfaceGuid},{InterfaceGuid}
3001,0,Information,Microsoft-Windows-HotspotAuth/Operational,Hotspot Detection,Stop,ut:HotspotDetection,Windows 10,1809,Pro,2020/03/12,17763.1098,No hotspot detected on interface {InterfaceGuid},{InterfaceGuid}
3001,0,Information,Microsoft-Windows-HotspotAuth/Operational,Hotspot Detection,Stop,ut:HotspotDetection,Windows 10,1809,Pro,2018/11/13,17763.107,No hotspot detected on interface {InterfaceGuid},{InterfaceGuid}
3001,0,Information,Microsoft-Windows-HotspotAuth/Operational,Hotspot Detection,Stop,ut:HotspotDetection,Windows 10,1809,Pro,2020/02/11,17763.1039,No hotspot detected on interface {InterfaceGuid},{InterfaceGuid}
3001,0,Information,Microsoft-Windows-HotspotAuth/Operational,Hotspot Detection,Stop,ut:HotspotDetection,Windows 10,1803,Pro,2019/08/13,17134.95,No hotspot detected on interface {InterfaceGuid},{InterfaceGuid}
3001,0,Information,Microsoft-Windows-HotspotAuth/Operational,Hotspot Detection,Stop,ut:HotspotDetection,Windows 10,1803,Pro,2019/07/09,17134.885,No hotspot detected on interface {InterfaceGuid},{InterfaceGuid}
3001,0,Information,Microsoft-Windows-HotspotAuth/Operational,Hotspot Detection,Stop,ut:HotspotDetection,Windows 10,1803,Pro,2019/06/11,17134.829,No hotspot detected on interface {InterfaceGuid},{InterfaceGuid}
3001,0,Information,Microsoft-Windows-HotspotAuth/Operational,Hotspot Detection,Stop,ut:HotspotDetection,Windows 10,1803,Pro,2019/05/19,17134.766,No hotspot detected on interface {InterfaceGuid},{InterfaceGuid}
3001,0,Information,Microsoft-Windows-HotspotAuth/Operational,Hotspot Detection,Stop,ut:HotspotDetection,Windows 10,1803,Pro,2019/04/09,17134.706,No hotspot detected on interface {InterfaceGuid},{InterfaceGuid}
3001,0,Information,Microsoft-Windows-HotspotAuth/Operational,Hotspot Detection,Stop,ut:HotspotDetection,Windows 10,1803,Pro,2019/03/12,17134.648,No hotspot detected on interface {InterfaceGuid},{InterfaceGuid}
3001,0,Information,Microsoft-Windows-HotspotAuth/Operational,Hotspot Detection,Stop,ut:HotspotDetection,Windows 10,1803,Pro,2019/01/08,17134.523,No hotspot detected on interface {InterfaceGuid},{InterfaceGuid}
3001,0,Information,Microsoft-Windows-HotspotAuth/Operational,Hotspot Detection,Stop,ut:HotspotDetection,Windows 10,1803,Pro,2018/09/11,17134.285,No hotspot detected on interface {InterfaceGuid},{InterfaceGuid}
3001,0,Information,Microsoft-Windows-HotspotAuth/Operational,Hotspot Detection,Stop,ut:HotspotDetection,Windows 10,1803,Pro,2018/08/14,17134.228,No hotspot detected on interface {InterfaceGuid},{InterfaceGuid}
3001,0,Information,Microsoft-Windows-HotspotAuth/Operational,Hotspot Detection,Stop,ut:HotspotDetection,Windows 10,1803,Pro,2018/06/12,17134.112,No hotspot detected on interface {InterfaceGuid},{InterfaceGuid}
3001,0,Information,Microsoft-Windows-HotspotAuth/Operational,Hotspot Detection,Stop,ut:HotspotDetection,Windows 10,1803,Pro,2019/09/10,17134.1006,No hotspot detected on interface {InterfaceGuid},{InterfaceGuid}
3001,0,Information,Microsoft-Windows-HotspotAuth/Operational,Hotspot Detection,Stop,ut:HotspotDetection,Windows 10,1803,Pro,1970/01/01,17134.1,No hotspot detected on interface {InterfaceGuid},{InterfaceGuid}
3001,0,Information,Microsoft-Windows-HotspotAuth/Operational,Hotspot Detection,Stop,ut:HotspotDetection,Windows 10,1709,Pro,2017/11/14,16299.64,No hotspot detected on interface {InterfaceGuid},{InterfaceGuid}
3001,0,Information,Microsoft-Windows-HotspotAuth/Operational,Hotspot Detection,Stop,ut:HotspotDetection,Windows 10,1709,Pro,2017/11/14,16299.15,No hotspot detected on interface {InterfaceGuid},{InterfaceGuid}
3001,0,Information,Microsoft-Windows-HotspotAuth/Operational,Hotspot Detection,Stop,ut:HotspotDetection,Windows 10,1709,Pro,2017/12/12,16299.125,No hotspot detected on interface {InterfaceGuid},{InterfaceGuid}
3001,0,Information,Microsoft-Windows-HotspotAuth/Operational,Hotspot Detection,Stop,ut:HotspotDetection,Windows 10,1703,Pro,2017/07/11,15063.483,No hotspot detected on interface {InterfaceGuid},{InterfaceGuid}
3001,0,Information,Microsoft-Windows-HotspotAuth/Operational,Hotspot Detection,Stop,ut:HotspotDetection,Windows 10,1703,Pro,2017/06/13,15063.413,No hotspot detected on interface {InterfaceGuid},{InterfaceGuid}
3001,0,Information,Microsoft-Windows-HotspotAuth/Operational,Hotspot Detection,Stop,ut:HotspotDetection,Windows 10,1703,Pro,2017/03/20,15063.0,No hotspot detected on interface {InterfaceGuid},{InterfaceGuid}
3001,0,Information,Microsoft-Windows-HotspotAuth/Operational,Hotspot Detection,Stop,ut:HotspotDetection,Windows 10,1607,Pro,2016/11/08,14393.447,No hotspot detected on interface {InterfaceGuid},{InterfaceGuid}
3001,0,Information,Microsoft-Windows-HotspotAuth/Operational,Hotspot Detection,Stop,ut:HotspotDetection,Windows 10,1511,Pro,2016/03/08,10586.164,No hotspot detected on interface {InterfaceGuid},{InterfaceGuid}
3001,0,Information,Microsoft-Windows-HotspotAuth/Operational,Hotspot Detection,Stop,ut:HotspotDetection,Windows 10,1511,Enterprise,2016/02/09,10586.104,No hotspot detected on interface {InterfaceGuid},{InterfaceGuid}
3001,0,Information,Microsoft-Windows-HotspotAuth/Operational,Hotspot Detection,Stop,ut:HotspotDetection,Windows 10,1511,Pro,1970/01/01,10586.0,No hotspot detected on interface {InterfaceGuid},{InterfaceGuid}
3001,0,Information,Microsoft-Windows-HotspotAuth/Operational,Hotspot Detection,Stop,ut:HotspotDetection,Windows 10,1507,Pro,2015/07/29,10240.0,No hotspot detected on interface {InterfaceGuid},{InterfaceGuid}
3001,0,Information,Microsoft-Windows-HotspotAuth/Operational,Hotspot Detection,Stop,ut:HotspotDetection,Windows 8.1,8.1,Pro,1970/01/01,9600.0,No hotspot detected on interface {InterfaceGuid},{InterfaceGuid}
3001,0,Information,Microsoft-Windows-HotspotAuth/Operational,Hotspot Detection,Stop,ut:HotspotDetection,Windows 8,8,Pro,1970/01/01,9200.0,No hotspot detected on interface {InterfaceGuid},{InterfaceGuid}
3002,0,Information,Microsoft-Windows-HotspotAuth/Analytic,Hotspot Detection,Stop,ut:HotspotDetection,Windows 11,24H2,Pro,2024/10/2,26100.1742,Interface {InterfaceGuid} disconnected,{InterfaceGuid}
3002,0,Information,Microsoft-Windows-HotspotAuth/Analytic,Hotspot Detection,Stop,ut:HotspotDetection,Windows 11,22H2,Pro,2022/12/20,22621.963,Interface {InterfaceGuid} disconnected,{InterfaceGuid}
3002,0,Information,Microsoft-Windows-HotspotAuth/Analytic,Hotspot Detection,Stop,ut:HotspotDetection,Windows 11,22H2,Pro,2022/11/15,22621.819,Interface {InterfaceGuid} disconnected,{InterfaceGuid}
3002,0,Information,Microsoft-Windows-HotspotAuth/Analytic,Hotspot Detection,Stop,ut:HotspotDetection,Windows 11,22H2,Pro,2022/10/18,22621.674,Interface {InterfaceGuid} disconnected,{InterfaceGuid}
3002,0,Information,Microsoft-Windows-HotspotAuth/Analytic,Hotspot Detection,Stop,ut:HotspotDetection,Windows 11,22H2,Pro,2022/09/20,22621.382,Interface {InterfaceGuid} disconnected,{InterfaceGuid}
3002,0,Information,Microsoft-Windows-HotspotAuth/Analytic,Hotspot Detection,Stop,ut:HotspotDetection,Windows 11,22H2,Pro,2023/03/21,22621.1413,Interface {InterfaceGuid} disconnected,{InterfaceGuid}
3002,0,Information,Microsoft-Windows-HotspotAuth/Analytic,Hotspot Detection,Stop,ut:HotspotDetection,Windows 11,22H2,Pro,2023/02/21,22621.1265,Interface {InterfaceGuid} disconnected,{InterfaceGuid}
3002,0,Information,Microsoft-Windows-HotspotAuth/Analytic,Hotspot Detection,Stop,ut:HotspotDetection,Windows 11,22H2,Pro,2023/01/17,22621.1105,Interface {InterfaceGuid} disconnected,{InterfaceGuid}
3002,0,Information,Microsoft-Windows-HotspotAuth/Analytic,Hotspot Detection,Stop,ut:HotspotDetection,Windows 11,21H2,Pro,2022/09/20,22000.978,Interface {InterfaceGuid} disconnected,{InterfaceGuid}
3002,0,Information,Microsoft-Windows-HotspotAuth/Analytic,Hotspot Detection,Stop,ut:HotspotDetection,Windows 11,21H2,Pro,2022/08/16,22000.856,Interface {InterfaceGuid} disconnected,{InterfaceGuid}
3002,0,Information,Microsoft-Windows-HotspotAuth/Analytic,Hotspot Detection,Stop,ut:HotspotDetection,Windows 11,21H2,Pro,2022/07/19,22000.795,Interface {InterfaceGuid} disconnected,{InterfaceGuid}
3002,0,Information,Microsoft-Windows-HotspotAuth/Analytic,Hotspot Detection,Stop,ut:HotspotDetection,Windows 11,21H2,Pro,2022/06/21,22000.739,Interface {InterfaceGuid} disconnected,{InterfaceGuid}
3002,0,Information,Microsoft-Windows-HotspotAuth/Analytic,Hotspot Detection,Stop,ut:HotspotDetection,Windows 11,21H2,Pro,2022/05/17,22000.675,Interface {InterfaceGuid} disconnected,{InterfaceGuid}
3002,0,Information,Microsoft-Windows-HotspotAuth/Analytic,Hotspot Detection,Stop,ut:HotspotDetection,Windows 11,21H2,Pro,2022/04/19,22000.613,Interface {InterfaceGuid} disconnected,{InterfaceGuid}
3002,0,Information,Microsoft-Windows-HotspotAuth/Analytic,Hotspot Detection,Stop,ut:HotspotDetection,Windows 11,21H2,Pro,2022/03/15,22000.556,Interface {InterfaceGuid} disconnected,{InterfaceGuid}
3002,0,Information,Microsoft-Windows-HotspotAuth/Analytic,Hotspot Detection,Stop,ut:HotspotDetection,Windows 11,21H2,Pro,2022/02/15,22000.493,Interface {InterfaceGuid} disconnected,{InterfaceGuid}
3002,0,Information,Microsoft-Windows-HotspotAuth/Analytic,Hotspot Detection,Stop,ut:HotspotDetection,Windows 11,21H2,Pro,2022/01/11,22000.434,Interface {InterfaceGuid} disconnected,{InterfaceGuid}
3002,0,Information,Microsoft-Windows-HotspotAuth/Analytic,Hotspot Detection,Stop,ut:HotspotDetection,Windows 11,21H2,Pro,2021/12/14,22000.376,Interface {InterfaceGuid} disconnected,{InterfaceGuid}
3002,0,Information,Microsoft-Windows-HotspotAuth/Analytic,Hotspot Detection,Stop,ut:HotspotDetection,Windows 11,21H2,Pro,2021/11/09,22000.318,Interface {InterfaceGuid} disconnected,{InterfaceGuid}
3002,0,Information,Microsoft-Windows-HotspotAuth/Analytic,Hotspot Detection,Stop,ut:HotspotDetection,Windows 11,21H2,Pro,2021/09/16,22000.194,Interface {InterfaceGuid} disconnected,{InterfaceGuid}
3002,0,Information,Microsoft-Windows-HotspotAuth/Analytic,Hotspot Detection,Stop,ut:HotspotDetection,Windows 11,21H2,Pro,2023/03/21,22000.1696,Interface {InterfaceGuid} disconnected,{InterfaceGuid}
3002,0,Information,Microsoft-Windows-HotspotAuth/Analytic,Hotspot Detection,Stop,ut:HotspotDetection,Windows 11,21H2,Pro,2023/02/21,22000.1574,Interface {InterfaceGuid} disconnected,{InterfaceGuid}
3002,0,Information,Microsoft-Windows-HotspotAuth/Analytic,Hotspot Detection,Stop,ut:HotspotDetection,Windows 11,21H2,Pro,2023/01/17,22000.1455,Interface {InterfaceGuid} disconnected,{InterfaceGuid}
3002,0,Information,Microsoft-Windows-HotspotAuth/Analytic,Hotspot Detection,Stop,ut:HotspotDetection,Windows 11,21H2,Pro,2022/12/20,22000.1335,Interface {InterfaceGuid} disconnected,{InterfaceGuid}
3002,0,Information,Microsoft-Windows-HotspotAuth/Analytic,Hotspot Detection,Stop,ut:HotspotDetection,Windows 11,21H2,Pro,2022/11/15,22000.1219,Interface {InterfaceGuid} disconnected,{InterfaceGuid}
3002,0,Information,Microsoft-Windows-HotspotAuth/Analytic,Hotspot Detection,Stop,ut:HotspotDetection,Windows 11,21H2,Pro,2022/10/18,22000.1098,Interface {InterfaceGuid} disconnected,{InterfaceGuid}
3002,0,Information,Microsoft-Windows-HotspotAuth/Analytic,Hotspot Detection,Stop,ut:HotspotDetection,Windows 11,21H2,Pro-Dev,1970/01/01,21996.1,Interface {InterfaceGuid} disconnected,{InterfaceGuid}
3002,0,Information,Microsoft-Windows-HotspotAuth/Analytic,Hotspot Detection,Stop,ut:HotspotDetection,Windows 10,22H2,Pro,2023/03/21,19045.2728,Interface {InterfaceGuid} disconnected,{InterfaceGuid}
3002,0,Information,Microsoft-Windows-HotspotAuth/Analytic,Hotspot Detection,Stop,ut:HotspotDetection,Windows 10,22H2,Pro,2023/02/21,19045.2604,Interface {InterfaceGuid} disconnected,{InterfaceGuid}
3002,0,Information,Microsoft-Windows-HotspotAuth/Analytic,Hotspot Detection,Stop,ut:HotspotDetection,Windows 10,22H2,Pro,2023/01/17,19045.2486,Interface {InterfaceGuid} disconnected,{InterfaceGuid}
3002,0,Information,Microsoft-Windows-HotspotAuth/Analytic,Hotspot Detection,Stop,ut:HotspotDetection,Windows 10,22H2,Pro,2022/12/20,19045.2364,Interface {InterfaceGuid} disconnected,{InterfaceGuid}
3002,0,Information,Microsoft-Windows-HotspotAuth/Analytic,Hotspot Detection,Stop,ut:HotspotDetection,Windows 10,22H2,Pro,2022/11/15,19045.2251,Interface {InterfaceGuid} disconnected,{InterfaceGuid}
3002,0,Information,Microsoft-Windows-HotspotAuth/Analytic,Hotspot Detection,Stop,ut:HotspotDetection,Windows 10,21H2,Pro,2023/03/21,19044.2728,Interface {InterfaceGuid} disconnected,{InterfaceGuid}
3002,0,Information,Microsoft-Windows-HotspotAuth/Analytic,Hotspot Detection,Stop,ut:HotspotDetection,Windows 10,21H2,Pro,2023/02/21,19044.2604,Interface {InterfaceGuid} disconnected,{InterfaceGuid}
3002,0,Information,Microsoft-Windows-HotspotAuth/Analytic,Hotspot Detection,Stop,ut:HotspotDetection,Windows 10,21H2,Pro,2023/01/17,19044.2486,Interface {InterfaceGuid} disconnected,{InterfaceGuid}
3002,0,Information,Microsoft-Windows-HotspotAuth/Analytic,Hotspot Detection,Stop,ut:HotspotDetection,Windows 10,21H2,Pro,2022/12/20,19044.2364,Interface {InterfaceGuid} disconnected,{InterfaceGuid}
3002,0,Information,Microsoft-Windows-HotspotAuth/Analytic,Hotspot Detection,Stop,ut:HotspotDetection,Windows 10,21H2,Pro,2022/11/15,19044.2251,Interface {InterfaceGuid} disconnected,{InterfaceGuid}
3002,0,Information,Microsoft-Windows-HotspotAuth/Analytic,Hotspot Detection,Stop,ut:HotspotDetection,Windows 10,21H2,Pro,2022/10/18,19044.213,Interface {InterfaceGuid} disconnected,{InterfaceGuid}
3002,0,Information,Microsoft-Windows-HotspotAuth/Analytic,Hotspot Detection,Stop,ut:HotspotDetection,Windows 10,21H2,Pro,2022/09/20,19044.2006,Interface {InterfaceGuid} disconnected,{InterfaceGuid}
3002,0,Information,Microsoft-Windows-HotspotAuth/Analytic,Hotspot Detection,Stop,ut:HotspotDetection,Windows 10,21H2,Pro,2022/08/16,19044.1889,Interface {InterfaceGuid} disconnected,{InterfaceGuid}
3002,0,Information,Microsoft-Windows-HotspotAuth/Analytic,Hotspot Detection,Stop,ut:HotspotDetection,Windows 10,21H2,Pro,2022/07/19,19044.1826,Interface {InterfaceGuid} disconnected,{InterfaceGuid}
3002,0,Information,Microsoft-Windows-HotspotAuth/Analytic,Hotspot Detection,Stop,ut:HotspotDetection,Windows 10,21H2,Pro,2022/06/21,19044.1766,Interface {InterfaceGuid} disconnected,{InterfaceGuid}
3002,0,Information,Microsoft-Windows-HotspotAuth/Analytic,Hotspot Detection,Stop,ut:HotspotDetection,Windows 10,21H2,Pro,2022/05/17,19044.1706,Interface {InterfaceGuid} disconnected,{InterfaceGuid}
3002,0,Information,Microsoft-Windows-HotspotAuth/Analytic,Hotspot Detection,Stop,ut:HotspotDetection,Windows 10,21H2,Pro,2022/04/19,19044.1645,Interface {InterfaceGuid} disconnected,{InterfaceGuid}
3002,0,Information,Microsoft-Windows-HotspotAuth/Analytic,Hotspot Detection,Stop,ut:HotspotDetection,Windows 10,21H2,Pro,2022/01/11,19044.1466,Interface {InterfaceGuid} disconnected,{InterfaceGuid}
3002,0,Information,Microsoft-Windows-HotspotAuth/Analytic,Hotspot Detection,Stop,ut:HotspotDetection,Windows 10,21H2,Pro,2021/10/12,19044.1288,Interface {InterfaceGuid} disconnected,{InterfaceGuid}
3002,0,Information,Microsoft-Windows-HotspotAuth/Analytic,Hotspot Detection,Stop,ut:HotspotDetection,Windows 10,21H1,Pro,2021/04/13,19043.928,Interface {InterfaceGuid} disconnected,{InterfaceGuid}
3002,0,Information,Microsoft-Windows-HotspotAuth/Analytic,Hotspot Detection,Stop,ut:HotspotDetection,Windows 10,21H1,Pro,2022/12/20,19043.2364,Interface {InterfaceGuid} disconnected,{InterfaceGuid}
3002,0,Information,Microsoft-Windows-HotspotAuth/Analytic,Hotspot Detection,Stop,ut:HotspotDetection,Windows 10,21H1,Pro,2022/11/15,19043.2251,Interface {InterfaceGuid} disconnected,{InterfaceGuid}
3002,0,Information,Microsoft-Windows-HotspotAuth/Analytic,Hotspot Detection,Stop,ut:HotspotDetection,Windows 10,21H1,Pro,2022/10/18,19043.213,Interface {InterfaceGuid} disconnected,{InterfaceGuid}
3002,0,Information,Microsoft-Windows-HotspotAuth/Analytic,Hotspot Detection,Stop,ut:HotspotDetection,Windows 10,21H1,Pro,2022/09/20,19043.2006,Interface {InterfaceGuid} disconnected,{InterfaceGuid}
3002,0,Information,Microsoft-Windows-HotspotAuth/Analytic,Hotspot Detection,Stop,ut:HotspotDetection,Windows 10,21H1,Pro,2022/08/16,19043.1889,Interface {InterfaceGuid} disconnected,{InterfaceGuid}
3002,0,Information,Microsoft-Windows-HotspotAuth/Analytic,Hotspot Detection,Stop,ut:HotspotDetection,Windows 10,21H1,Pro,2022/07/19,19043.1826,Interface {InterfaceGuid} disconnected,{InterfaceGuid}
3002,0,Information,Microsoft-Windows-HotspotAuth/Analytic,Hotspot Detection,Stop,ut:HotspotDetection,Windows 10,21H1,Pro,2022/06/21,19043.1766,Interface {InterfaceGuid} disconnected,{InterfaceGuid}
3002,0,Information,Microsoft-Windows-HotspotAuth/Analytic,Hotspot Detection,Stop,ut:HotspotDetection,Windows 10,21H1,Pro,2022/05/17,19043.1706,Interface {InterfaceGuid} disconnected,{InterfaceGuid}
3002,0,Information,Microsoft-Windows-HotspotAuth/Analytic,Hotspot Detection,Stop,ut:HotspotDetection,Windows 10,21H1,Pro,2022/04/19,19043.1645,Interface {InterfaceGuid} disconnected,{InterfaceGuid}
3002,0,Information,Microsoft-Windows-HotspotAuth/Analytic,Hotspot Detection,Stop,ut:HotspotDetection,Windows 10,21H1,Pro,2022/01/11,19043.1466,Interface {InterfaceGuid} disconnected,{InterfaceGuid}
3002,0,Information,Microsoft-Windows-HotspotAuth/Analytic,Hotspot Detection,Stop,ut:HotspotDetection,Windows 10,21H1,Pro,2021/12/14,19043.1415,Interface {InterfaceGuid} disconnected,{InterfaceGuid}
3002,0,Information,Microsoft-Windows-HotspotAuth/Analytic,Hotspot Detection,Stop,ut:HotspotDetection,Windows 10,21H2,Pro,2021/12/14,19043.1415,Interface {InterfaceGuid} disconnected,{InterfaceGuid}
3002,0,Information,Microsoft-Windows-HotspotAuth/Analytic,Hotspot Detection,Stop,ut:HotspotDetection,Windows 10,21H1,Pro,2021/11/09,19043.1348,Interface {InterfaceGuid} disconnected,{InterfaceGuid}
3002,0,Information,Microsoft-Windows-HotspotAuth/Analytic,Hotspot Detection,Stop,ut:HotspotDetection,Windows 10,21H1,Pro,2021/10/12,19043.1288,Interface {InterfaceGuid} disconnected,{InterfaceGuid}
3002,0,Information,Microsoft-Windows-HotspotAuth/Analytic,Hotspot Detection,Stop,ut:HotspotDetection,Windows 10,21H1,Pro,2021/09/14,19043.1237,Interface {InterfaceGuid} disconnected,{InterfaceGuid}
3002,0,Information,Microsoft-Windows-HotspotAuth/Analytic,Hotspot Detection,Stop,ut:HotspotDetection,Windows 10,21H1,Pro,2021/08/10,19043.1165,Interface {InterfaceGuid} disconnected,{InterfaceGuid}
3002,0,Information,Microsoft-Windows-HotspotAuth/Analytic,Hotspot Detection,Stop,ut:HotspotDetection,Windows 10,21H1,Pro,2021/07/13,19043.111,Interface {InterfaceGuid} disconnected,{InterfaceGuid}
3002,0,Information,Microsoft-Windows-HotspotAuth/Analytic,Hotspot Detection,Stop,ut:HotspotDetection,Windows 10,21H1,Pro,2021/06/08,19043.1052,Interface {InterfaceGuid} disconnected,{InterfaceGuid}
3002,0,Information,Microsoft-Windows-HotspotAuth/Analytic,Hotspot Detection,Stop,ut:HotspotDetection,Windows 10,20H2,Pro,2022/04/19,19042.1645,Interface {InterfaceGuid} disconnected,{InterfaceGuid}
3002,0,Information,Microsoft-Windows-HotspotAuth/Analytic,Hotspot Detection,Stop,ut:HotspotDetection,Windows 10,20H2,Pro,2022/01/11,19042.1466,Interface {InterfaceGuid} disconnected,{InterfaceGuid}
3002,0,Information,Microsoft-Windows-HotspotAuth/Analytic,Hotspot Detection,Stop,ut:HotspotDetection,Windows 10,2004,Pro,2021/05/11,19041.985,Interface {InterfaceGuid} disconnected,{InterfaceGuid}
3002,0,Information,Microsoft-Windows-HotspotAuth/Analytic,Hotspot Detection,Stop,ut:HotspotDetection,Windows 10,20H2,Pro,2021/05/11,19041.985,Interface {InterfaceGuid} disconnected,{InterfaceGuid}
3002,0,Information,Microsoft-Windows-HotspotAuth/Analytic,Hotspot Detection,Stop,ut:HotspotDetection,Windows 10,2004,Pro,2021/04/13,19041.928,Interface {InterfaceGuid} disconnected,{InterfaceGuid}
3002,0,Information,Microsoft-Windows-HotspotAuth/Analytic,Hotspot Detection,Stop,ut:HotspotDetection,Windows 10,20H2,Pro,2021/04/13,19041.928,Interface {InterfaceGuid} disconnected,{InterfaceGuid}
3002,0,Information,Microsoft-Windows-HotspotAuth/Analytic,Hotspot Detection,Stop,ut:HotspotDetection,Windows 10,2004,Pro,2021/03/09,19041.867,Interface {InterfaceGuid} disconnected,{InterfaceGuid}
3002,0,Information,Microsoft-Windows-HotspotAuth/Analytic,Hotspot Detection,Stop,ut:HotspotDetection,Windows 10,20H2,Pro,2021/03/09,19041.867,Interface {InterfaceGuid} disconnected,{InterfaceGuid}
3002,0,Information,Microsoft-Windows-HotspotAuth/Analytic,Hotspot Detection,Stop,ut:HotspotDetection,Windows 10,2004,Pro,2021/02/09,19041.804,Interface {InterfaceGuid} disconnected,{InterfaceGuid}
3002,0,Information,Microsoft-Windows-HotspotAuth/Analytic,Hotspot Detection,Stop,ut:HotspotDetection,Windows 10,20H2,Pro,2021/02/09,19041.804,Interface {InterfaceGuid} disconnected,{InterfaceGuid}
3002,0,Information,Microsoft-Windows-HotspotAuth/Analytic,Hotspot Detection,Stop,ut:HotspotDetection,Windows 10,2004,Pro,2021/01/12,19041.746,Interface {InterfaceGuid} disconnected,{InterfaceGuid}
3002,0,Information,Microsoft-Windows-HotspotAuth/Analytic,Hotspot Detection,Stop,ut:HotspotDetection,Windows 10,20H2,Pro,2021/01/12,19041.746,Interface {InterfaceGuid} disconnected,{InterfaceGuid}
3002,0,Information,Microsoft-Windows-HotspotAuth/Analytic,Hotspot Detection,Stop,ut:HotspotDetection,Windows 10,2004,Pro,2020/12/08,19041.685,Interface {InterfaceGuid} disconnected,{InterfaceGuid}
3002,0,Information,Microsoft-Windows-HotspotAuth/Analytic,Hotspot Detection,Stop,ut:HotspotDetection,Windows 10,20H2,Pro,2020/12/08,19041.685,Interface {InterfaceGuid} disconnected,{InterfaceGuid}
3002,0,Information,Microsoft-Windows-HotspotAuth/Analytic,Hotspot Detection,Stop,ut:HotspotDetection,Windows 10,20H2,Pro,2020/11/19,19041.631,Interface {InterfaceGuid} disconnected,{InterfaceGuid}
3002,0,Information,Microsoft-Windows-HotspotAuth/Analytic,Hotspot Detection,Stop,ut:HotspotDetection,Windows 10,2004,Pro,2020/11/10,19041.63,Interface {InterfaceGuid} disconnected,{InterfaceGuid}
3002,0,Information,Microsoft-Windows-HotspotAuth/Analytic,Hotspot Detection,Stop,ut:HotspotDetection,Windows 10,2004,Pro,2020/10/13,19041.572,Interface {InterfaceGuid} disconnected,{InterfaceGuid}
3002,0,Information,Microsoft-Windows-HotspotAuth/Analytic,Hotspot Detection,Stop,ut:HotspotDetection,Windows 10,2004,Pro,2020/09/08,19041.508,Interface {InterfaceGuid} disconnected,{InterfaceGuid}
3002,0,Information,Microsoft-Windows-HotspotAuth/Analytic,Hotspot Detection,Stop,ut:HotspotDetection,Windows 10,2004,Pro,2020/08/11,19041.45,Interface {InterfaceGuid} disconnected,{InterfaceGuid}
3002,0,Information,Microsoft-Windows-HotspotAuth/Analytic,Hotspot Detection,Stop,ut:HotspotDetection,Windows 10,2004,Pro,2020/07/14,19041.388,Interface {InterfaceGuid} disconnected,{InterfaceGuid}
3002,0,Information,Microsoft-Windows-HotspotAuth/Analytic,Hotspot Detection,Stop,ut:HotspotDetection,Windows 10,2004,Pro,2020/06/09,19041.329,Interface {InterfaceGuid} disconnected,{InterfaceGuid}
3002,0,Information,Microsoft-Windows-HotspotAuth/Analytic,Hotspot Detection,Stop,ut:HotspotDetection,Windows 10,2004,Pro,2020/05/27,19041.264,Interface {InterfaceGuid} disconnected,{InterfaceGuid}
3002,0,Information,Microsoft-Windows-HotspotAuth/Analytic,Hotspot Detection,Stop,ut:HotspotDetection,Windows 10,2004,Pro,2020/04/16,19041.208,Interface {InterfaceGuid} disconnected,{InterfaceGuid}
3002,0,Information,Microsoft-Windows-HotspotAuth/Analytic,Hotspot Detection,Stop,ut:HotspotDetection,Windows 10,21H1,Pro,2022/03/15,19041.1586,Interface {InterfaceGuid} disconnected,{InterfaceGuid}
3002,0,Information,Microsoft-Windows-HotspotAuth/Analytic,Hotspot Detection,Stop,ut:HotspotDetection,Windows 10,20H2,Pro,2022/03/15,19041.1586,Interface {InterfaceGuid} disconnected,{InterfaceGuid}
3002,0,Information,Microsoft-Windows-HotspotAuth/Analytic,Hotspot Detection,Stop,ut:HotspotDetection,Windows 10,21H2,Pro,2022/03/15,19041.1586,Interface {InterfaceGuid} disconnected,{InterfaceGuid}
3002,0,Information,Microsoft-Windows-HotspotAuth/Analytic,Hotspot Detection,Stop,ut:HotspotDetection,Windows 10,21H1,Pro,2022/02/15,19041.1526,Interface {InterfaceGuid} disconnected,{InterfaceGuid}
3002,0,Information,Microsoft-Windows-HotspotAuth/Analytic,Hotspot Detection,Stop,ut:HotspotDetection,Windows 10,20H2,Pro,2022/02/15,19041.1526,Interface {InterfaceGuid} disconnected,{InterfaceGuid}
3002,0,Information,Microsoft-Windows-HotspotAuth/Analytic,Hotspot Detection,Stop,ut:HotspotDetection,Windows 10,21H2,Pro,2022/02/15,19041.1526,Interface {InterfaceGuid} disconnected,{InterfaceGuid}
3002,0,Information,Microsoft-Windows-HotspotAuth/Analytic,Hotspot Detection,Stop,ut:HotspotDetection,Windows 10,20H2,Pro,2021/12/14,19041.1415,Interface {InterfaceGuid} disconnected,{InterfaceGuid}
3002,0,Information,Microsoft-Windows-HotspotAuth/Analytic,Hotspot Detection,Stop,ut:HotspotDetection,Windows 10,2004,Pro,2021/11/09,19041.1348,Interface {InterfaceGuid} disconnected,{InterfaceGuid}
3002,0,Information,Microsoft-Windows-HotspotAuth/Analytic,Hotspot Detection,Stop,ut:HotspotDetection,Windows 10,20H2,Pro,2021/11/09,19041.1348,Interface {InterfaceGuid} disconnected,{InterfaceGuid}
3002,0,Information,Microsoft-Windows-HotspotAuth/Analytic,Hotspot Detection,Stop,ut:HotspotDetection,Windows 10,2004,Pro,2021/10/12,19041.1288,Interface {InterfaceGuid} disconnected,{InterfaceGuid}
3002,0,Information,Microsoft-Windows-HotspotAuth/Analytic,Hotspot Detection,Stop,ut:HotspotDetection,Windows 10,20H2,Pro,2021/10/12,19041.1288,Interface {InterfaceGuid} disconnected,{InterfaceGuid}
3002,0,Information,Microsoft-Windows-HotspotAuth/Analytic,Hotspot Detection,Stop,ut:HotspotDetection,Windows 10,2004,Pro,2021/09/14,19041.1237,Interface {InterfaceGuid} disconnected,{InterfaceGuid}
3002,0,Information,Microsoft-Windows-HotspotAuth/Analytic,Hotspot Detection,Stop,ut:HotspotDetection,Windows 10,20H2,Pro,2021/09/14,19041.1237,Interface {InterfaceGuid} disconnected,{InterfaceGuid}
3002,0,Information,Microsoft-Windows-HotspotAuth/Analytic,Hotspot Detection,Stop,ut:HotspotDetection,Windows 10,2004,Pro,2021/08/10,19041.1165,Interface {InterfaceGuid} disconnected,{InterfaceGuid}
3002,0,Information,Microsoft-Windows-HotspotAuth/Analytic,Hotspot Detection,Stop,ut:HotspotDetection,Windows 10,20H2,Pro,2021/08/10,19041.1165,Interface {InterfaceGuid} disconnected,{InterfaceGuid}
3002,0,Information,Microsoft-Windows-HotspotAuth/Analytic,Hotspot Detection,Stop,ut:HotspotDetection,Windows 10,2004,Pro,2021/07/13,19041.111,Interface {InterfaceGuid} disconnected,{InterfaceGuid}
3002,0,Information,Microsoft-Windows-HotspotAuth/Analytic,Hotspot Detection,Stop,ut:HotspotDetection,Windows 10,20H2,Pro,2021/07/13,19041.111,Interface {InterfaceGuid} disconnected,{InterfaceGuid}
3002,0,Information,Microsoft-Windows-HotspotAuth/Analytic,Hotspot Detection,Stop,ut:HotspotDetection,Windows 10,2004,Pro,2021/06/08,19041.1052,Interface {InterfaceGuid} disconnected,{InterfaceGuid}
3002,0,Information,Microsoft-Windows-HotspotAuth/Analytic,Hotspot Detection,Stop,ut:HotspotDetection,Windows 10,20H2,Pro,2021/06/08,19041.1052,Interface {InterfaceGuid} disconnected,{InterfaceGuid}
3002,0,Information,Microsoft-Windows-HotspotAuth/Analytic,Hotspot Detection,Stop,ut:HotspotDetection,Windows 10,1909,Pro,2020/07/14,18363.959,Interface {InterfaceGuid} disconnected,{InterfaceGuid}
3002,0,Information,Microsoft-Windows-HotspotAuth/Analytic,Hotspot Detection,Stop,ut:HotspotDetection,Windows 10,1909,Pro,2020/06/09,18363.9,Interface {InterfaceGuid} disconnected,{InterfaceGuid}
3002,0,Information,Microsoft-Windows-HotspotAuth/Analytic,Hotspot Detection,Stop,ut:HotspotDetection,Windows 10,1909,Pro,2020/05/12,18363.836,Interface {InterfaceGuid} disconnected,{InterfaceGuid}
3002,0,Information,Microsoft-Windows-HotspotAuth/Analytic,Hotspot Detection,Stop,ut:HotspotDetection,Windows 10,1909,Pro,2020/04/14,18363.778,Interface {InterfaceGuid} disconnected,{InterfaceGuid}
3002,0,Information,Microsoft-Windows-HotspotAuth/Analytic,Hotspot Detection,Stop,ut:HotspotDetection,Windows 10,1909,Pro,2020/03/12,18363.72,Interface {InterfaceGuid} disconnected,{InterfaceGuid}
3002,0,Information,Microsoft-Windows-HotspotAuth/Analytic,Hotspot Detection,Stop,ut:HotspotDetection,Windows 10,1909,Pro,2020/02/11,18363.657,Interface {InterfaceGuid} disconnected,{InterfaceGuid}
3002,0,Information,Microsoft-Windows-HotspotAuth/Analytic,Hotspot Detection,Stop,ut:HotspotDetection,Windows 10,1909,Pro,2020/01/14,18363.592,Interface {InterfaceGuid} disconnected,{InterfaceGuid}
3002,0,Information,Microsoft-Windows-HotspotAuth/Analytic,Hotspot Detection,Stop,ut:HotspotDetection,Windows 10,1909,Pro,2019/12/10,18363.535,Interface {InterfaceGuid} disconnected,{InterfaceGuid}
3002,0,Information,Microsoft-Windows-HotspotAuth/Analytic,Hotspot Detection,Stop,ut:HotspotDetection,Windows 10,1909,Pro,2019/10/05,18363.418,Interface {InterfaceGuid} disconnected,{InterfaceGuid}
3002,0,Information,Microsoft-Windows-HotspotAuth/Analytic,Hotspot Detection,Stop,ut:HotspotDetection,Windows 10,1909,Pro,2021/06/08,18363.1621,Interface {InterfaceGuid} disconnected,{InterfaceGuid}
3002,0,Information,Microsoft-Windows-HotspotAuth/Analytic,Hotspot Detection,Stop,ut:HotspotDetection,Windows 10,1909,Pro,2021/05/11,18363.1556,Interface {InterfaceGuid} disconnected,{InterfaceGuid}
3002,0,Information,Microsoft-Windows-HotspotAuth/Analytic,Hotspot Detection,Stop,ut:HotspotDetection,Windows 10,1909,Pro,2021/04/13,18363.15,Interface {InterfaceGuid} disconnected,{InterfaceGuid}
3002,0,Information,Microsoft-Windows-HotspotAuth/Analytic,Hotspot Detection,Stop,ut:HotspotDetection,Windows 10,1909,Pro,2021/03/09,18363.144,Interface {InterfaceGuid} disconnected,{InterfaceGuid}
3002,0,Information,Microsoft-Windows-HotspotAuth/Analytic,Hotspot Detection,Stop,ut:HotspotDetection,Windows 10,1909,Pro,2021/02/11,18363.1379,Interface {InterfaceGuid} disconnected,{InterfaceGuid}
3002,0,Information,Microsoft-Windows-HotspotAuth/Analytic,Hotspot Detection,Stop,ut:HotspotDetection,Windows 10,1909,Pro,2021/01/12,18363.1316,Interface {InterfaceGuid} disconnected,{InterfaceGuid}
3002,0,Information,Microsoft-Windows-HotspotAuth/Analytic,Hotspot Detection,Stop,ut:HotspotDetection,Windows 10,1909,Pro,2020/12/08,18363.1256,Interface {InterfaceGuid} disconnected,{InterfaceGuid}
3002,0,Information,Microsoft-Windows-HotspotAuth/Analytic,Hotspot Detection,Stop,ut:HotspotDetection,Windows 10,1909,Pro,2020/11/10,18363.1198,Interface {InterfaceGuid} disconnected,{InterfaceGuid}
3002,0,Information,Microsoft-Windows-HotspotAuth/Analytic,Hotspot Detection,Stop,ut:HotspotDetection,Windows 10,1909,Pro,2020/10/13,18363.1139,Interface {InterfaceGuid} disconnected,{InterfaceGuid}
3002,0,Information,Microsoft-Windows-HotspotAuth/Analytic,Hotspot Detection,Stop,ut:HotspotDetection,Windows 10,1909,Pro,2020/09/08,18363.1082,Interface {InterfaceGuid} disconnected,{InterfaceGuid}
3002,0,Information,Microsoft-Windows-HotspotAuth/Analytic,Hotspot Detection,Stop,ut:HotspotDetection,Windows 10,1909,Pro,2020/08/11,18363.1016,Interface {InterfaceGuid} disconnected,{InterfaceGuid}
3002,0,Information,Microsoft-Windows-HotspotAuth/Analytic,Hotspot Detection,Stop,ut:HotspotDetection,Windows 10,1903,Pro,2020/07/14,18362.959,Interface {InterfaceGuid} disconnected,{InterfaceGuid}
3002,0,Information,Microsoft-Windows-HotspotAuth/Analytic,Hotspot Detection,Stop,ut:HotspotDetection,Windows 10,1903,Pro,2020/05/12,18362.836,Interface {InterfaceGuid} disconnected,{InterfaceGuid}
3002,0,Information,Microsoft-Windows-HotspotAuth/Analytic,Hotspot Detection,Stop,ut:HotspotDetection,Windows 10,1903,Pro,2020/03/12,18362.72,Interface {InterfaceGuid} disconnected,{InterfaceGuid}
3002,0,Information,Microsoft-Windows-HotspotAuth/Analytic,Hotspot Detection,Stop,ut:HotspotDetection,Windows 10,1903,Pro,2020/02/11,18362.657,Interface {InterfaceGuid} disconnected,{InterfaceGuid}
3002,0,Information,Microsoft-Windows-HotspotAuth/Analytic,Hotspot Detection,Stop,ut:HotspotDetection,Windows 10,1903,Pro,2019/12/10,18362.535,Interface {InterfaceGuid} disconnected,{InterfaceGuid}
3002,0,Information,Microsoft-Windows-HotspotAuth/Analytic,Hotspot Detection,Stop,ut:HotspotDetection,Windows 10,1903,Pro,2019/11/12,18362.476,Interface {InterfaceGuid} disconnected,{InterfaceGuid}
3002,0,Information,Microsoft-Windows-HotspotAuth/Analytic,Hotspot Detection,Stop,ut:HotspotDetection,Windows 10,1903,Pro,2019/09/10,18362.356,Interface {InterfaceGuid} disconnected,{InterfaceGuid}
3002,0,Information,Microsoft-Windows-HotspotAuth/Analytic,Hotspot Detection,Stop,ut:HotspotDetection,Windows 10,1903,Pro,2019/03/29,18362.3,Interface {InterfaceGuid} disconnected,{InterfaceGuid}
3002,0,Information,Microsoft-Windows-HotspotAuth/Analytic,Hotspot Detection,Stop,ut:HotspotDetection,Windows 10,1903,Pro,2019/07/09,18362.239,Interface {InterfaceGuid} disconnected,{InterfaceGuid}
3002,0,Information,Microsoft-Windows-HotspotAuth/Analytic,Hotspot Detection,Stop,ut:HotspotDetection,Windows 10,1903,Pro,2019/06/11,18362.175,Interface {InterfaceGuid} disconnected,{InterfaceGuid}
3002,0,Information,Microsoft-Windows-HotspotAuth/Analytic,Hotspot Detection,Stop,ut:HotspotDetection,Windows 10,1903,Pro,2020/12/08,18362.1256,Interface {InterfaceGuid} disconnected,{InterfaceGuid}
3002,0,Information,Microsoft-Windows-HotspotAuth/Analytic,Hotspot Detection,Stop,ut:HotspotDetection,Windows 10,1903,Pro,2020/11/10,18362.1198,Interface {InterfaceGuid} disconnected,{InterfaceGuid}
3002,0,Information,Microsoft-Windows-HotspotAuth/Analytic,Hotspot Detection,Stop,ut:HotspotDetection,Windows 10,1903,Pro,2020/10/13,18362.1139,Interface {InterfaceGuid} disconnected,{InterfaceGuid}
3002,0,Information,Microsoft-Windows-HotspotAuth/Analytic,Hotspot Detection,Stop,ut:HotspotDetection,Windows 10,1903,Pro,2020/09/08,18362.1082,Interface {InterfaceGuid} disconnected,{InterfaceGuid}
3002,0,Information,Microsoft-Windows-HotspotAuth/Analytic,Hotspot Detection,Stop,ut:HotspotDetection,Windows 10,1903,Pro,2019/12/10,18362.1016,Interface {InterfaceGuid} disconnected,{InterfaceGuid}
3002,0,Information,Microsoft-Windows-HotspotAuth/Analytic,Hotspot Detection,Stop,ut:HotspotDetection,Windows 10,1809,Pro,2020/01/14,17763.973,Interface {InterfaceGuid} disconnected,{InterfaceGuid}
3002,0,Information,Microsoft-Windows-HotspotAuth/Analytic,Hotspot Detection,Stop,ut:HotspotDetection,Windows 10,1809,Pro,2019/12/10,17763.914,Interface {InterfaceGuid} disconnected,{InterfaceGuid}
3002,0,Information,Microsoft-Windows-HotspotAuth/Analytic,Hotspot Detection,Stop,ut:HotspotDetection,Windows 10,1809,Pro,2019/11/12,17763.864,Interface {InterfaceGuid} disconnected,{InterfaceGuid}
3002,0,Information,Microsoft-Windows-HotspotAuth/Analytic,Hotspot Detection,Stop,ut:HotspotDetection,Windows 10,1809,Pro,2019/10/08,17763.805,Interface {InterfaceGuid} disconnected,{InterfaceGuid}
3002,0,Information,Microsoft-Windows-HotspotAuth/Analytic,Hotspot Detection,Stop,ut:HotspotDetection,Windows 10,1809,Pro,2019/09/10,17763.737,Interface {InterfaceGuid} disconnected,{InterfaceGuid}
3002,0,Information,Microsoft-Windows-HotspotAuth/Analytic,Hotspot Detection,Stop,ut:HotspotDetection,Windows 10,1809,Pro,2019/08/13,17763.678,Interface {InterfaceGuid} disconnected,{InterfaceGuid}
3002,0,Information,Microsoft-Windows-HotspotAuth/Analytic,Hotspot Detection,Stop,ut:HotspotDetection,Windows 10,1809,Pro,2019/07/09,17763.615,Interface {InterfaceGuid} disconnected,{InterfaceGuid}
3002,0,Information,Microsoft-Windows-HotspotAuth/Analytic,Hotspot Detection,Stop,ut:HotspotDetection,Windows 10,1809,Pro,2019/06/11,17763.557,Interface {InterfaceGuid} disconnected,{InterfaceGuid}
3002,0,Information,Microsoft-Windows-HotspotAuth/Analytic,Hotspot Detection,Stop,ut:HotspotDetection,Windows 10,1809,Pro,2019/05/19,17763.504,Interface {InterfaceGuid} disconnected,{InterfaceGuid}
3002,0,Information,Microsoft-Windows-HotspotAuth/Analytic,Hotspot Detection,Stop,ut:HotspotDetection,Windows 10,1809,Pro,2019/04/09,17763.437,Interface {InterfaceGuid} disconnected,{InterfaceGuid}
3002,0,Information,Microsoft-Windows-HotspotAuth/Analytic,Hotspot Detection,Stop,ut:HotspotDetection,Windows 10,1809,Pro,2019/03/12,17763.379,Interface {InterfaceGuid} disconnected,{InterfaceGuid}
3002,0,Information,Microsoft-Windows-HotspotAuth/Analytic,Hotspot Detection,Stop,ut:HotspotDetection,Windows 10,1809,Pro,2019/02/12,17763.316,Interface {InterfaceGuid} disconnected,{InterfaceGuid}
3002,0,Information,Microsoft-Windows-HotspotAuth/Analytic,Hotspot Detection,Stop,ut:HotspotDetection,Windows 10,1803,Pro,2019/01/08,17763.253,Interface {InterfaceGuid} disconnected,{InterfaceGuid}
3002,0,Information,Microsoft-Windows-HotspotAuth/Analytic,Hotspot Detection,Stop,ut:HotspotDetection,Windows 10,1809,Pro,2018/12/11,17763.194,Interface {InterfaceGuid} disconnected,{InterfaceGuid}
3002,0,Information,Microsoft-Windows-HotspotAuth/Analytic,Hotspot Detection,Stop,ut:HotspotDetection,Windows 10,1809,Pro,2020/11/10,17763.1577,Interface {InterfaceGuid} disconnected,{InterfaceGuid}
3002,0,Information,Microsoft-Windows-HotspotAuth/Analytic,Hotspot Detection,Stop,ut:HotspotDetection,Windows 10,1809,Pro,2020/10/13,17763.1518,Interface {InterfaceGuid} disconnected,{InterfaceGuid}
3002,0,Information,Microsoft-Windows-HotspotAuth/Analytic,Hotspot Detection,Stop,ut:HotspotDetection,Windows 10,1809,Pro,2020/09/08,17763.1457,Interface {InterfaceGuid} disconnected,{InterfaceGuid}
3002,0,Information,Microsoft-Windows-HotspotAuth/Analytic,Hotspot Detection,Stop,ut:HotspotDetection,Windows 10,1809,Pro,2020/08/11,17763.1397,Interface {InterfaceGuid} disconnected,{InterfaceGuid}
3002,0,Information,Microsoft-Windows-HotspotAuth/Analytic,Hotspot Detection,Stop,ut:HotspotDetection,Windows 10,1809,Pro,2020/07/14,17763.1339,Interface {InterfaceGuid} disconnected,{InterfaceGuid}
3002,0,Information,Microsoft-Windows-HotspotAuth/Analytic,Hotspot Detection,Stop,ut:HotspotDetection,Windows 10,1809,Pro,2020/06/09,17763.1282,Interface {InterfaceGuid} disconnected,{InterfaceGuid}
3002,0,Information,Microsoft-Windows-HotspotAuth/Analytic,Hotspot Detection,Stop,ut:HotspotDetection,Windows 10,1809,Pro,2020/05/12,17763.1217,Interface {InterfaceGuid} disconnected,{InterfaceGuid}
3002,0,Information,Microsoft-Windows-HotspotAuth/Analytic,Hotspot Detection,Stop,ut:HotspotDetection,Windows 10,1809,Pro,2020/04/14,17763.1158,Interface {InterfaceGuid} disconnected,{InterfaceGuid}
3002,0,Information,Microsoft-Windows-HotspotAuth/Analytic,Hotspot Detection,Stop,ut:HotspotDetection,Windows 10,1809,Pro,2020/03/12,17763.1098,Interface {InterfaceGuid} disconnected,{InterfaceGuid}
3002,0,Information,Microsoft-Windows-HotspotAuth/Analytic,Hotspot Detection,Stop,ut:HotspotDetection,Windows 10,1809,Pro,2018/11/13,17763.107,Interface {InterfaceGuid} disconnected,{InterfaceGuid}
3002,0,Information,Microsoft-Windows-HotspotAuth/Analytic,Hotspot Detection,Stop,ut:HotspotDetection,Windows 10,1809,Pro,2020/02/11,17763.1039,Interface {InterfaceGuid} disconnected,{InterfaceGuid}
3002,0,Information,Microsoft-Windows-HotspotAuth/Analytic,Hotspot Detection,Stop,ut:HotspotDetection,Windows 10,1803,Pro,2019/08/13,17134.95,Interface {InterfaceGuid} disconnected,{InterfaceGuid}
3002,0,Information,Microsoft-Windows-HotspotAuth/Analytic,Hotspot Detection,Stop,ut:HotspotDetection,Windows 10,1803,Pro,2019/07/09,17134.885,Interface {InterfaceGuid} disconnected,{InterfaceGuid}
3002,0,Information,Microsoft-Windows-HotspotAuth/Analytic,Hotspot Detection,Stop,ut:HotspotDetection,Windows 10,1803,Pro,2019/06/11,17134.829,Interface {InterfaceGuid} disconnected,{InterfaceGuid}
3002,0,Information,Microsoft-Windows-HotspotAuth/Analytic,Hotspot Detection,Stop,ut:HotspotDetection,Windows 10,1803,Pro,2019/05/19,17134.766,Interface {InterfaceGuid} disconnected,{InterfaceGuid}
3002,0,Information,Microsoft-Windows-HotspotAuth/Analytic,Hotspot Detection,Stop,ut:HotspotDetection,Windows 10,1803,Pro,2019/04/09,17134.706,Interface {InterfaceGuid} disconnected,{InterfaceGuid}
3002,0,Information,Microsoft-Windows-HotspotAuth/Analytic,Hotspot Detection,Stop,ut:HotspotDetection,Windows 10,1803,Pro,2019/03/12,17134.648,Interface {InterfaceGuid} disconnected,{InterfaceGuid}
3002,0,Information,Microsoft-Windows-HotspotAuth/Analytic,Hotspot Detection,Stop,ut:HotspotDetection,Windows 10,1803,Pro,2019/01/08,17134.523,Interface {InterfaceGuid} disconnected,{InterfaceGuid}
3002,0,Information,Microsoft-Windows-HotspotAuth/Analytic,Hotspot Detection,Stop,ut:HotspotDetection,Windows 10,1803,Pro,2018/09/11,17134.285,Interface {InterfaceGuid} disconnected,{InterfaceGuid}
3002,0,Information,Microsoft-Windows-HotspotAuth/Analytic,Hotspot Detection,Stop,ut:HotspotDetection,Windows 10,1803,Pro,2018/08/14,17134.228,Interface {InterfaceGuid} disconnected,{InterfaceGuid}
3002,0,Information,Microsoft-Windows-HotspotAuth/Analytic,Hotspot Detection,Stop,ut:HotspotDetection,Windows 10,1803,Pro,2018/06/12,17134.112,Interface {InterfaceGuid} disconnected,{InterfaceGuid}
3002,0,Information,Microsoft-Windows-HotspotAuth/Analytic,Hotspot Detection,Stop,ut:HotspotDetection,Windows 10,1803,Pro,2019/09/10,17134.1006,Interface {InterfaceGuid} disconnected,{InterfaceGuid}
3002,0,Information,Microsoft-Windows-HotspotAuth/Analytic,Hotspot Detection,Stop,ut:HotspotDetection,Windows 10,1803,Pro,1970/01/01,17134.1,Interface {InterfaceGuid} disconnected,{InterfaceGuid}
3002,0,Information,Microsoft-Windows-HotspotAuth/Analytic,Hotspot Detection,Stop,ut:HotspotDetection,Windows 10,1709,Pro,2017/11/14,16299.64,Interface {InterfaceGuid} disconnected,{InterfaceGuid}
3002,0,Information,Microsoft-Windows-HotspotAuth/Analytic,Hotspot Detection,Stop,ut:HotspotDetection,Windows 10,1709,Pro,2017/11/14,16299.15,Interface {InterfaceGuid} disconnected,{InterfaceGuid}
3002,0,Information,Microsoft-Windows-HotspotAuth/Analytic,Hotspot Detection,Stop,ut:HotspotDetection,Windows 10,1709,Pro,2017/12/12,16299.125,Interface {InterfaceGuid} disconnected,{InterfaceGuid}
3002,0,Information,Microsoft-Windows-HotspotAuth/Analytic,Hotspot Detection,Stop,ut:HotspotDetection,Windows 10,1703,Pro,2017/07/11,15063.483,Interface {InterfaceGuid} disconnected,{InterfaceGuid}
3002,0,Information,Microsoft-Windows-HotspotAuth/Analytic,Hotspot Detection,Stop,ut:HotspotDetection,Windows 10,1703,Pro,2017/06/13,15063.413,Interface {InterfaceGuid} disconnected,{InterfaceGuid}
3002,0,Information,Microsoft-Windows-HotspotAuth/Analytic,Hotspot Detection,Stop,ut:HotspotDetection,Windows 10,1703,Pro,2017/03/20,15063.0,Interface {InterfaceGuid} disconnected,{InterfaceGuid}
3002,0,Information,Microsoft-Windows-HotspotAuth/Analytic,Hotspot Detection,Stop,ut:HotspotDetection,Windows 10,1607,Pro,2016/11/08,14393.447,Interface {InterfaceGuid} disconnected,{InterfaceGuid}
3002,0,Information,Microsoft-Windows-HotspotAuth/Analytic,Hotspot Detection,Stop,ut:HotspotDetection,Windows 10,1511,Pro,2016/03/08,10586.164,Interface {InterfaceGuid} disconnected,{InterfaceGuid}
3002,0,Information,Microsoft-Windows-HotspotAuth/Analytic,Hotspot Detection,Stop,ut:HotspotDetection,Windows 10,1511,Enterprise,2016/02/09,10586.104,Interface {InterfaceGuid} disconnected,{InterfaceGuid}
3002,0,Information,Microsoft-Windows-HotspotAuth/Analytic,Hotspot Detection,Stop,ut:HotspotDetection,Windows 10,1511,Pro,1970/01/01,10586.0,Interface {InterfaceGuid} disconnected,{InterfaceGuid}
3002,0,Information,Microsoft-Windows-HotspotAuth/Analytic,Hotspot Detection,Stop,ut:HotspotDetection,Windows 10,1507,Pro,2015/07/29,10240.0,Interface {InterfaceGuid} disconnected,{InterfaceGuid}
3002,0,Information,Microsoft-Windows-HotspotAuth/Analytic,Hotspot Detection,Stop,ut:HotspotDetection,Windows 8.1,8.1,Pro,1970/01/01,9600.0,Interface {InterfaceGuid} disconnected,{InterfaceGuid}
3002,0,Information,Microsoft-Windows-HotspotAuth/Analytic,Hotspot Detection,Stop,ut:HotspotDetection,Windows 8,8,Pro,1970/01/01,9200.0,Interface {InterfaceGuid} disconnected,{InterfaceGuid}
