Provider,Level,Event ID,Version,Channel,Task,Opcode,Keyword,Message
Microsoft-Windows-USB-USBPORT,Information,1,0,Microsoft-Windows-USB-USBPORT/Diagnostic,Host Controller,Add,Diagnostic PowerDiagnostics,Host Controller Add
Microsoft-Windows-USB-USBPORT,Information,2,0,Microsoft-Windows-USB-USBPORT/Diagnostic,Host Controller,Removal,Diagnostic PowerDiagnostics,Host Controller Removal
Microsoft-Windows-USB-USBPORT,Information,3,0,Microsoft-Windows-USB-USBPORT/Diagnostic,Host Controller,Information,Diagnostic PowerDiagnostics,Host Controller Information
Microsoft-Windows-USB-USBPORT,Information,4,0,Microsoft-Windows-USB-USBPORT/Diagnostic,Host Controller,Start,Diagnostic PowerDiagnostics,Host Controller Start
Microsoft-Windows-USB-USBPORT,Information,5,0,Microsoft-Windows-USB-USBPORT/Diagnostic,Host Controller,Stop,Diagnostic PowerDiagnostics,Host Controller Stop
Microsoft-Windows-USB-USBPORT,Information,6,0,Microsoft-Windows-USB-USBPORT/Diagnostic,Host Controller,Suspend,Diagnostic PowerDiagnostics,Host Controller Suspend
Microsoft-Windows-USB-USBPORT,Information,7,0,Microsoft-Windows-USB-USBPORT/Diagnostic,Host Controller,Resume,Diagnostic PowerDiagnostics,Host Controller Resume
Microsoft-Windows-USB-USBPORT,Information,8,0,Microsoft-Windows-USB-USBPORT/Diagnostic,Host Controller Async Schedule,Enable,Diagnostic PowerDiagnostics,Host Controller Async Schedule Enable
Microsoft-Windows-USB-USBPORT,Information,9,0,Microsoft-Windows-USB-USBPORT/Diagnostic,Host Controller Async Schedule,Disable,Diagnostic PowerDiagnostics,Host Controller Async Schedule Disable
Microsoft-Windows-USB-USBPORT,Information,10,0,Microsoft-Windows-USB-USBPORT/Diagnostic,Host Controller Periodic Schedule,Enable,Diagnostic PowerDiagnostics,Host Controller Periodic Schedule Enable
Microsoft-Windows-USB-USBPORT,Information,11,0,Microsoft-Windows-USB-USBPORT/Diagnostic,Host Controller Periodic Schedule,Disable,Diagnostic PowerDiagnostics,Host Controller Periodic Schedule Disable
Microsoft-Windows-USB-USBPORT,Information,12,0,Microsoft-Windows-USB-USBPORT/Diagnostic,Device,Create,Diagnostic PowerDiagnostics,Device Create
Microsoft-Windows-USB-USBPORT,Information,13,0,Microsoft-Windows-USB-USBPORT/Diagnostic,Device,Initialize,Diagnostic PowerDiagnostics,Device Initialize
Microsoft-Windows-USB-USBPORT,Information,14,0,Microsoft-Windows-USB-USBPORT/Diagnostic,Device,Removal,Diagnostic PowerDiagnostics,Device Removal
Microsoft-Windows-USB-USBPORT,Information,15,0,Microsoft-Windows-USB-USBPORT/Diagnostic,Device,Information,Diagnostic PowerDiagnostics,Device Information
Microsoft-Windows-USB-USBPORT,Information,16,0,Microsoft-Windows-USB-USBPORT/Diagnostic,Device Idle State,Set,Diagnostic PowerDiagnostics,Device Idle State Set
Microsoft-Windows-USB-USBPORT,Information,17,0,Microsoft-Windows-USB-USBPORT/Diagnostic,Device Idle State,Clear,Diagnostic PowerDiagnostics,Device Idle State Clear
Microsoft-Windows-USB-USBPORT,Information,18,0,Microsoft-Windows-USB-USBPORT/Diagnostic,Endpoint,Open,Diagnostic PowerDiagnostics,Endpoint Open
Microsoft-Windows-USB-USBPORT,Information,19,0,Microsoft-Windows-USB-USBPORT/Diagnostic,Endpoint,Close,Diagnostic PowerDiagnostics,Endpoint Close
Microsoft-Windows-USB-USBPORT,Information,20,0,Microsoft-Windows-USB-USBPORT/Diagnostic,Endpoint,Information,Diagnostic PowerDiagnostics,Endpoint Information
Microsoft-Windows-USB-USBPORT,Information,21,0,Microsoft-Windows-USB-USBPORT/Diagnostic,URB_FUNCTION_SELECT_CONFIGURATION,Dispatch,Diagnostic,Dispatch URB_FUNCTION_SELECT_CONFIGURATION
Microsoft-Windows-USB-USBPORT,Information,22,0,Microsoft-Windows-USB-USBPORT/Diagnostic,URB_FUNCTION_SELECT_INTERFACE,Dispatch,Diagnostic,Dispatch URB_FUNCTION_SELECT_INTERFACE
Microsoft-Windows-USB-USBPORT,Information,23,0,Microsoft-Windows-USB-USBPORT/Diagnostic,URB_FUNCTION_GET_CURRENT_FRAME_NUMBER,Dispatch,Diagnostic,Dispatch URB_FUNCTION_GET_CURRENT_FRAME_NUMBER
Microsoft-Windows-USB-USBPORT,Information,24,0,Microsoft-Windows-USB-USBPORT/Diagnostic,URB_FUNCTION_CONTROL_TRANSFER,Dispatch,Diagnostic,Dispatch URB_FUNCTION_CONTROL_TRANSFER
Microsoft-Windows-USB-USBPORT,Information,25,0,Microsoft-Windows-USB-USBPORT/Diagnostic,URB_FUNCTION_CONTROL_TRANSFER_EX,Dispatch,Diagnostic,Dispatch URB_FUNCTION_CONTROL_TRANSFER_EX
Microsoft-Windows-USB-USBPORT,Information,26,0,Microsoft-Windows-USB-USBPORT/Diagnostic,URB_FUNCTION_BULK_OR_INTERRUPT_TRANSFER,Dispatch,Diagnostic,Dispatch URB_FUNCTION_BULK_OR_INTERRUPT_TRANSFER
Microsoft-Windows-USB-USBPORT,Information,27,0,Microsoft-Windows-USB-USBPORT/Diagnostic,URB_FUNCTION_ISOCH_TRANSFER,Dispatch,Diagnostic,Dispatch URB_FUNCTION_ISOCH_TRANSFER
Microsoft-Windows-USB-USBPORT,Information,28,0,Microsoft-Windows-USB-USBPORT/Diagnostic,URB_FUNCTION_GET_DESCRIPTOR_FROM_DEVICE,Dispatch,Diagnostic,Dispatch URB_FUNCTION_GET_DESCRIPTOR_FROM_DEVICE
Microsoft-Windows-USB-USBPORT,Information,29,0,Microsoft-Windows-USB-USBPORT/Diagnostic,URB_FUNCTION_SET_DESCRIPTOR_TO_DEVICE,Dispatch,Diagnostic,Dispatch URB_FUNCTION_SET_DESCRIPTOR_TO_DEVICE
Microsoft-Windows-USB-USBPORT,Information,30,0,Microsoft-Windows-USB-USBPORT/Diagnostic,URB_FUNCTION_GET_DESCRIPTOR_FROM_ENDPOINT,Dispatch,Diagnostic,Dispatch URB_FUNCTION_GET_DESCRIPTOR_FROM_ENDPOINT
Microsoft-Windows-USB-USBPORT,Information,31,0,Microsoft-Windows-USB-USBPORT/Diagnostic,URB_FUNCTION_SET_DESCRIPTOR_TO_ENDPOINT,Dispatch,Diagnostic,Dispatch URB_FUNCTION_SET_DESCRIPTOR_TO_ENDPOINT
Microsoft-Windows-USB-USBPORT,Information,32,0,Microsoft-Windows-USB-USBPORT/Diagnostic,URB_FUNCTION_GET_DESCRIPTOR_FROM_INTERFACE,Dispatch,Diagnostic,Dispatch URB_FUNCTION_GET_DESCRIPTOR_FROM_INTERFACE
Microsoft-Windows-USB-USBPORT,Information,33,0,Microsoft-Windows-USB-USBPORT/Diagnostic,URB_FUNCTION_SET_DESCRIPTOR_TO_INTERFACE,Dispatch,Diagnostic,Dispatch URB_FUNCTION_SET_DESCRIPTOR_TO_INTERFACE
Microsoft-Windows-USB-USBPORT,Information,34,0,Microsoft-Windows-USB-USBPORT/Diagnostic,URB_FUNCTION_SET_FEATURE_TO_DEVICE,Dispatch,Diagnostic,Dispatch URB_FUNCTION_SET_FEATURE_TO_DEVICE
Microsoft-Windows-USB-USBPORT,Information,35,0,Microsoft-Windows-USB-USBPORT/Diagnostic,URB_FUNCTION_SET_FEATURE_TO_INTERFACE,Dispatch,Diagnostic,Dispatch URB_FUNCTION_SET_FEATURE_TO_INTERFACE
Microsoft-Windows-USB-USBPORT,Information,36,0,Microsoft-Windows-USB-USBPORT/Diagnostic,URB_FUNCTION_SET_FEATURE_TO_ENDPOINT,Dispatch,Diagnostic,Dispatch URB_FUNCTION_SET_FEATURE_TO_ENDPOINT
Microsoft-Windows-USB-USBPORT,Information,37,0,Microsoft-Windows-USB-USBPORT/Diagnostic,URB_FUNCTION_CLEAR_FEATURE_TO_DEVICE,Dispatch,Diagnostic,Dispatch URB_FUNCTION_CLEAR_FEATURE_TO_DEVICE
Microsoft-Windows-USB-USBPORT,Information,38,0,Microsoft-Windows-USB-USBPORT/Diagnostic,URB_FUNCTION_CLEAR_FEATURE_TO_INTERFACE,Dispatch,Diagnostic,Dispatch URB_FUNCTION_CLEAR_FEATURE_TO_INTERFACE
Microsoft-Windows-USB-USBPORT,Information,39,0,Microsoft-Windows-USB-USBPORT/Diagnostic,URB_FUNCTION_CLEAR_FEATURE_TO_ENDPOINT,Dispatch,Diagnostic,Dispatch URB_FUNCTION_CLEAR_FEATURE_TO_ENDPOINT
Microsoft-Windows-USB-USBPORT,Information,40,0,Microsoft-Windows-USB-USBPORT/Diagnostic,URB_FUNCTION_CLEAR_FEATURE_TO_OTHER,Dispatch,Diagnostic,Dispatch URB_FUNCTION_CLEAR_FEATURE_TO_OTHER
Microsoft-Windows-USB-USBPORT,Information,41,0,Microsoft-Windows-USB-USBPORT/Diagnostic,URB_FUNCTION_SET_FEATURE_TO_OTHER,Dispatch,Diagnostic,Dispatch URB_FUNCTION_SET_FEATURE_TO_OTHER
Microsoft-Windows-USB-USBPORT,Information,42,0,Microsoft-Windows-USB-USBPORT/Diagnostic,URB_FUNCTION_GET_STATUS_FROM_DEVICE,Dispatch,Diagnostic,Dispatch URB_FUNCTION_GET_STATUS_FROM_DEVICE
Microsoft-Windows-USB-USBPORT,Information,43,0,Microsoft-Windows-USB-USBPORT/Diagnostic,URB_FUNCTION_GET_STATUS_FROM_INTERFACE,Dispatch,Diagnostic,Dispatch URB_FUNCTION_GET_STATUS_FROM_INTERFACE
Microsoft-Windows-USB-USBPORT,Information,44,0,Microsoft-Windows-USB-USBPORT/Diagnostic,URB_FUNCTION_GET_STATUS_FROM_ENDPOINT,Dispatch,Diagnostic,Dispatch URB_FUNCTION_GET_STATUS_FROM_ENDPOINT
Microsoft-Windows-USB-USBPORT,Information,45,0,Microsoft-Windows-USB-USBPORT/Diagnostic,URB_FUNCTION_GET_STATUS_FROM_OTHER,Dispatch,Diagnostic,Dispatch URB_FUNCTION_GET_STATUS_FROM_OTHER
Microsoft-Windows-USB-USBPORT,Information,46,0,Microsoft-Windows-USB-USBPORT/Diagnostic,URB_FUNCTION_VENDOR_DEVICE,Dispatch,Diagnostic,Dispatch URB_FUNCTION_VENDOR_DEVICE
Microsoft-Windows-USB-USBPORT,Information,47,0,Microsoft-Windows-USB-USBPORT/Diagnostic,URB_FUNCTION_VENDOR_INTERFACE,Dispatch,Diagnostic,Dispatch URB_FUNCTION_VENDOR_INTERFACE
Microsoft-Windows-USB-USBPORT,Information,48,0,Microsoft-Windows-USB-USBPORT/Diagnostic,URB_FUNCTION_VENDOR_ENDPOINT,Dispatch,Diagnostic,Dispatch URB_FUNCTION_VENDOR_ENDPOINT
Microsoft-Windows-USB-USBPORT,Information,49,0,Microsoft-Windows-USB-USBPORT/Diagnostic,URB_FUNCTION_CLASS_DEVICE,Dispatch,Diagnostic,Dispatch URB_FUNCTION_CLASS_DEVICE
Microsoft-Windows-USB-USBPORT,Information,50,0,Microsoft-Windows-USB-USBPORT/Diagnostic,URB_FUNCTION_CLASS_INTERFACE,Dispatch,Diagnostic,Dispatch URB_FUNCTION_CLASS_INTERFACE
Microsoft-Windows-USB-USBPORT,Information,51,0,Microsoft-Windows-USB-USBPORT/Diagnostic,URB_FUNCTION_CLASS_ENDPOINT,Dispatch,Diagnostic,Dispatch URB_FUNCTION_CLASS_ENDPOINT
Microsoft-Windows-USB-USBPORT,Information,52,0,Microsoft-Windows-USB-USBPORT/Diagnostic,URB_FUNCTION_CLASS_OTHER,Dispatch,Diagnostic,Dispatch URB_FUNCTION_CLASS_OTHER
Microsoft-Windows-USB-USBPORT,Information,53,0,Microsoft-Windows-USB-USBPORT/Diagnostic,URB_FUNCTION_VENDOR_OTHER,Dispatch,Diagnostic,Dispatch URB_FUNCTION_VENDOR_OTHER
Microsoft-Windows-USB-USBPORT,Information,54,0,Microsoft-Windows-USB-USBPORT/Diagnostic,URB_FUNCTION_ABORT_PIPE,Dispatch,Diagnostic,Dispatch URB_FUNCTION_ABORT_PIPE
Microsoft-Windows-USB-USBPORT,Information,55,0,Microsoft-Windows-USB-USBPORT/Diagnostic,URB_FUNCTION_SYNC_RESET_PIPE_AND_CLEAR_STALL,Dispatch,Diagnostic,Dispatch URB_FUNCTION_SYNC_RESET_PIPE_AND_CLEAR_STALL
Microsoft-Windows-USB-USBPORT,Information,56,0,Microsoft-Windows-USB-USBPORT/Diagnostic,URB_FUNCTION_SYNC_RESET_PIPE,Dispatch,Diagnostic,Dispatch URB_FUNCTION_SYNC_RESET_PIPE
Microsoft-Windows-USB-USBPORT,Information,57,0,Microsoft-Windows-USB-USBPORT/Diagnostic,URB_FUNCTION_SYNC_CLEAR_STALL,Dispatch,Diagnostic,Dispatch URB_FUNCTION_SYNC_CLEAR_STALL
Microsoft-Windows-USB-USBPORT,Information,58,0,Microsoft-Windows-USB-USBPORT/Diagnostic,URB_FUNCTION_GET_CONFIGURATION,Dispatch,Diagnostic,Dispatch URB_FUNCTION_GET_CONFIGURATION
Microsoft-Windows-USB-USBPORT,Information,59,0,Microsoft-Windows-USB-USBPORT/Diagnostic,URB_FUNCTION_GET_INTERFACE,Dispatch,Diagnostic,Dispatch URB_FUNCTION_GET_INTERFACE
Microsoft-Windows-USB-USBPORT,Information,60,0,Microsoft-Windows-USB-USBPORT/Diagnostic,URB_FUNCTION_GET_MS_FEATURE_DESCRIPTOR,Dispatch,Diagnostic,Dispatch URB_FUNCTION_GET_MS_FEATURE_DESCRIPTOR
Microsoft-Windows-USB-USBPORT,Information,61,0,Microsoft-Windows-USB-USBPORT/Diagnostic,URB_FUNCTION_TAKE_FRAME_LENGTH_CONTROL,Dispatch,Diagnostic,
Microsoft-Windows-USB-USBPORT,Information,62,0,Microsoft-Windows-USB-USBPORT/Diagnostic,URB_FUNCTION_RELEASE_FRAME_LENGTH_CONTROL,Dispatch,Diagnostic,
Microsoft-Windows-USB-USBPORT,Information,63,0,Microsoft-Windows-USB-USBPORT/Diagnostic,URB_FUNCTION_GET_FRAME_LENGTH,Dispatch,Diagnostic,
Microsoft-Windows-USB-USBPORT,Information,64,0,Microsoft-Windows-USB-USBPORT/Diagnostic,URB_FUNCTION_SET_FRAME_LENGTH,Dispatch,Diagnostic,
Microsoft-Windows-USB-USBPORT,Information,65,0,Microsoft-Windows-USB-USBPORT/Diagnostic,URB_FUNCTION_RESERVED,Dispatch,Diagnostic,
Microsoft-Windows-USB-USBPORT,Information,66,0,Microsoft-Windows-USB-USBPORT/Diagnostic,URB_FUNCTION_CONTROL_TRANSFER,Complete,Diagnostic,Complete URB_FUNCTION_CONTROL_TRANSFER
Microsoft-Windows-USB-USBPORT,Information,67,0,Microsoft-Windows-USB-USBPORT/Diagnostic,URB_FUNCTION_CONTROL_TRANSFER_EX,Complete,Diagnostic,Complete URB_FUNCTION_CONTROL_TRANSFER_EX
Microsoft-Windows-USB-USBPORT,Information,68,0,Microsoft-Windows-USB-USBPORT/Diagnostic,URB_FUNCTION_CONTROL_TRANSFER,Complete with Data,Diagnostic,Complete URB_FUNCTION_CONTROL_TRANSFER with Data
Microsoft-Windows-USB-USBPORT,Information,69,0,Microsoft-Windows-USB-USBPORT/Diagnostic,URB_FUNCTION_CONTROL_TRANSFER_EX,Complete with Data,Diagnostic,Complete URB_FUNCTION_CONTROL_TRANSFER_EX with Data
Microsoft-Windows-USB-USBPORT,Information,70,0,Microsoft-Windows-USB-USBPORT/Diagnostic,URB_FUNCTION_BULK_OR_INTERRUPT_TRANSFER,Complete,Diagnostic,Complete URB_FUNCTION_BULK_OR_INTERRUPT_TRANSFER
Microsoft-Windows-USB-USBPORT,Information,71,0,Microsoft-Windows-USB-USBPORT/Diagnostic,URB_FUNCTION_BULK_OR_INTERRUPT_TRANSFER,Complete with Data,Diagnostic,Complete URB_FUNCTION_BULK_OR_INTERRUPT_TRANSFER with Data
Microsoft-Windows-USB-USBPORT,Information,72,0,Microsoft-Windows-USB-USBPORT/Diagnostic,URB_FUNCTION_ISOCH_TRANSFER,Complete,Diagnostic,Complete COMPLETE_URB_FUNCTION_ISOCH_TRANSFER
Microsoft-Windows-USB-USBPORT,Information,73,0,Microsoft-Windows-USB-USBPORT/Diagnostic,URB_FUNCTION_ISOCH_TRANSFER,Complete with Data,Diagnostic,Complete COMPLETE_URB_FUNCTION_ISOCH_TRANSFER with Data
Microsoft-Windows-USB-USBPORT,Information,74,0,Microsoft-Windows-USB-USBPORT/Diagnostic,URB_FUNCTION_CONTROL_TRANSFER,Dispatch Internal,Diagnostic,Internal URB_FUNCTION_CONTROL_TRANSFER
Microsoft-Windows-USB-USBPORT,Information,75,0,Microsoft-Windows-USB-USBPORT/Diagnostic,URB_FUNCTION_CONTROL_TRANSFER,Complete Internal,Diagnostic,Complete Internal URB_FUNCTION_CONTROL_TRANSFER
Microsoft-Windows-USB-USBPORT,Information,76,0,Microsoft-Windows-USB-USBPORT/Diagnostic,URB_FUNCTION_CONTROL_TRANSFER,Complete Internal with Data,Diagnostic,Complete Internal URB_FUNCTION_CONTROL_TRANSFER with Data
Microsoft-Windows-USB-USBPORT,Information,77,0,Microsoft-Windows-USB-USBPORT/Diagnostic,URB_FUNCTION_ABORT_PIPE,Complete,Diagnostic,Complete URB_FUNCTION_ABORT_PIPE
Microsoft-Windows-USB-USBPORT,Information,78,0,Microsoft-Windows-USB-USBPORT/Diagnostic,USBPORT_URB_INVALID_HEADER_LENGTH_WARNING,Dispatch,Diagnostic,Dispatch URB INVALID_HEADER_LENGTH_WARNING
Microsoft-Windows-USB-USBPORT,Information,79,0,Microsoft-Windows-USB-USBPORT/Diagnostic,USBPORT_URB_INVALID_FUNCTION,Dispatch,Diagnostic,Dispatch URB INVALID_FUNCTION
Microsoft-Windows-USB-USBPORT,Information,80,0,Microsoft-Windows-USB-USBPORT/Diagnostic,USBPORT_URB_INVALID_HEADER_LENGTH,Dispatch,Diagnostic,Dispatch URB INVALID_HEADER_LENGTH
Microsoft-Windows-USB-USBPORT,Information,81,0,Microsoft-Windows-USB-USBPORT/Diagnostic,USBPORT_URB_INVALID_DEVICE_HANDLE,Dispatch,Diagnostic,Dispatch URB INVALID_DEVICE_HANDLE
Microsoft-Windows-USB-USBPORT,Information,82,0,Microsoft-Windows-USB-USBPORT/Diagnostic,USBPORT_URB_INVALID_FUNCTION_NOT_SUPPORTED,Dispatch,Diagnostic,Dispatch URB INVALID_FUNCTION_NOT_SUPPORTED
Microsoft-Windows-USB-USBPORT,Information,83,0,Microsoft-Windows-USB-USBPORT/Diagnostic,USBPORT_URB_INVALID_FUNCTION_RESERVED,Dispatch,Diagnostic,Dispatch URB INVALID_FUNCTION_RESERVED
Microsoft-Windows-USB-USBPORT,Information,84,0,Microsoft-Windows-USB-USBPORT/Diagnostic,USBPORT_URB_INVALID_DUE_TO_HC_SUSPEND,Dispatch,Diagnostic,Dispatch URB INVALID_DUE_TO_HC_SUSPEND
Microsoft-Windows-USB-USBPORT,Information,85,0,Microsoft-Windows-USB-USBPORT/Diagnostic,USBPORT_URB_INVALID_URB_LINK,Dispatch,Diagnostic,Dispatch URB INVALID_URB_LINK
Microsoft-Windows-USB-USBPORT,Information,86,0,Microsoft-Windows-USB-USBPORT/Diagnostic,USBPORT_URB_INVALID_PIPE_HANDLE,Dispatch,Diagnostic,Dispatch URB INVALID_PIPE_HANDLE
Microsoft-Windows-USB-USBPORT,Information,87,0,Microsoft-Windows-USB-USBPORT/Diagnostic,USBPORT_URB_INVALID_ZERO_BW_PIPE_HANDLE,Dispatch,Diagnostic,Dispatch URB INVALID_ZERO_BW_PIPE_HANDLE
Microsoft-Windows-USB-USBPORT,Information,88,0,Microsoft-Windows-USB-USBPORT/Diagnostic,USBPORT_URB_NOP_ZERO_BW_PIPE_HANDLE_REQUEST,Dispatch,Diagnostic,Dispatch URB NOP_ZERO_BW_PIPE_HANDLE_REQUEST
Microsoft-Windows-USB-USBPORT,Information,89,0,Microsoft-Windows-USB-USBPORT/Diagnostic,USBPORT_URB_INVALID_CONTROL_TRANSFER_ENDPOINT,Dispatch,Diagnostic,Dispatch URB INVALID_CONTROL_TRANSFER_ENDPOINT
Microsoft-Windows-USB-USBPORT,Information,90,0,Microsoft-Windows-USB-USBPORT/Diagnostic,USBPORT_URB_INVALID_CONTROL_TRANSFER_BUFFER_LENGTH,Dispatch,Diagnostic,Dispatch URB INVALID_CONTROL_TRANSFER_BUFFER_LENGTH
Microsoft-Windows-USB-USBPORT,Information,91,0,Microsoft-Windows-USB-USBPORT/Diagnostic,USBPORT_URB_INVALID_BULK_OR_INTERRUPT_TRANSFER_ENDPOINT,Dispatch,Diagnostic,Dispatch URB INVALID_BULK_OR_INTERRUPT_TRANSFER_ENDPOINT
Microsoft-Windows-USB-USBPORT,Information,92,0,Microsoft-Windows-USB-USBPORT/Diagnostic,USBPORT_URB_INVALID_BULK_OR_INTERRUPT_TRANSFER_BUFFER_LENGTH,Dispatch,Diagnostic,Dispatch URB INVALID_BULK_OR_INTERRUPT_TRANSFER_BUFFER_LENGTH
Microsoft-Windows-USB-USBPORT,Information,93,0,Microsoft-Windows-USB-USBPORT/Diagnostic,USBPORT_URB_INVALID_ISOCHRONOUS_TRANSFER_ENDPOINT,Dispatch,Diagnostic,Dispatch URB INVALID_ISOCHRONOUS_TRANSFER_ENDPOINT
Microsoft-Windows-USB-USBPORT,Information,94,0,Microsoft-Windows-USB-USBPORT/Diagnostic,USBPORT_URB_INVALID_NULL_TRANSFER_BUFFER_AND_MDL,Dispatch,Diagnostic,Dispatch URB INVALID_NULL_TRANSFER_BUFFER_AND_MDL
Microsoft-Windows-USB-USBPORT,Information,95,0,Microsoft-Windows-USB-USBPORT/Diagnostic,USBPORT_URB_INVALID_NON_NULL_TRANSFER_BUFFER_MDL,Dispatch,Diagnostic,Dispatch URB INVALID_NON_NULL_TRANSFER_BUFFER_MDL
Microsoft-Windows-USB-USBPORT,Information,96,0,Microsoft-Windows-USB-USBPORT/Diagnostic,USBPORT_URB_ALLOCATE_MDL_FAILURE,Dispatch,Diagnostic,Dispatch URB ALLOCATE_MDL_FAILURE
Microsoft-Windows-USB-USBPORT,Information,97,0,Microsoft-Windows-USB-USBPORT/Diagnostic,USBPORT_URB_ALLOCATE_TRANSFER_CONTEXT_FAILURE,Dispatch,Diagnostic,Dispatch URB ALLOCATE_TRANSFER_CONTEXT_FAILURE
Microsoft-Windows-USB-USBPORT,Information,98,0,Microsoft-Windows-USB-USBPORT/Diagnostic,USBPORT_URB_NOP_ROOTHUB_PIPE_HANDLE_REQUEST,Dispatch,Diagnostic,Dispatch URB NOP_ROOTHUB_PIPE_HANDLE_REQUEST
Microsoft-Windows-USB-USBPORT,Information,99,0,Microsoft-Windows-USB-USBPORT/Diagnostic,USBPORT_URB_INVALID_ISOCHRONOUS_ZERO_LENGTH,Dispatch,Diagnostic,Dispatch URB INVALID_ISOCHRONOUS_ZERO_LENGTH
Microsoft-Windows-USB-USBPORT,Information,100,0,Microsoft-Windows-USB-USBPORT/Diagnostic,USBPORT_URB_INVALID_ISOCHRONOUS_NUM_PACKETS,Dispatch,Diagnostic,Dispatch URB INVALID_ISOCHRONOUS_NUM_PACKETS
Microsoft-Windows-USB-USBPORT,Information,101,0,Microsoft-Windows-USB-USBPORT/Diagnostic,USBPORT_URB_INVALID_ISOCHRONOUS_START_FRAME,Dispatch,Diagnostic,Dispatch URB INVALID_ISOCHRONOUS_START_FRAME
Microsoft-Windows-USB-USBPORT,Information,102,0,Microsoft-Windows-USB-USBPORT/Diagnostic,Irp,Cancel,Diagnostic,Irp Cancel
Microsoft-Windows-USB-USBPORT,Information,103,0,Microsoft-Windows-USB-USBPORT/Diagnostic,USBUSER_OP_RAW_RESET_PORT,Dispatch,Diagnostic,USBUSER_OP_RAW_RESET_PORT Dispatch
Microsoft-Windows-USB-USBPORT,Information,104,0,Microsoft-Windows-USB-USBPORT/Diagnostic,USBUSER_OP_RAW_RESET_PORT,Status,Diagnostic,USBUSER_OP_RAW_RESET_PORT GetPortStatus after SetFeaturePortPower
Microsoft-Windows-USB-USBPORT,Information,105,0,Microsoft-Windows-USB-USBPORT/Diagnostic,USBUSER_OP_RAW_RESET_PORT,Status,Diagnostic,USBUSER_OP_RAW_RESET_PORT GetPortStatus after SetFeaturePortReset
Microsoft-Windows-USB-USBPORT,Information,106,0,Microsoft-Windows-USB-USBPORT/Diagnostic,USBUSER_OP_RAW_RESET_PORT,Status,Diagnostic,USBUSER_OP_RAW_RESET_PORT GetPortStatus after ClearFeaturePortResetChange
Microsoft-Windows-USB-USBPORT,Information,107,0,Microsoft-Windows-USB-USBPORT/Diagnostic,USBUSER_OP_RAW_RESET_PORT,Complete,Diagnostic,USBUSER_OP_RAW_RESET_PORT Complete
Microsoft-Windows-USB-USBPORT,Information,108,0,Microsoft-Windows-USB-USBPORT/Diagnostic,USBUSER_OP_SEND_ONE_PACKET,Dispatch,Diagnostic,USBUSER_OP_SEND_ONE_PACKET Dispatch
Microsoft-Windows-USB-USBPORT,Information,109,0,Microsoft-Windows-USB-USBPORT/Diagnostic,USBUSER_OP_SEND_ONE_PACKET,Dispatch with Data,Diagnostic,USBUSER_OP_SEND_ONE_PACKET Dispatch with Data
Microsoft-Windows-USB-USBPORT,Information,110,0,Microsoft-Windows-USB-USBPORT/Diagnostic,USBUSER_OP_SEND_ONE_PACKET,Status,Diagnostic,USBUSER_OP_SEND_ONE_PACKET Timeout
Microsoft-Windows-USB-USBPORT,Information,111,0,Microsoft-Windows-USB-USBPORT/Diagnostic,USBUSER_OP_SEND_ONE_PACKET,Complete,Diagnostic,USBUSER_OP_SEND_ONE_PACKET Complete
Microsoft-Windows-USB-USBPORT,Information,112,0,Microsoft-Windows-USB-USBPORT/Diagnostic,USBUSER_OP_SEND_ONE_PACKET,Complete with Data,Diagnostic,USBUSER_OP_SEND_ONE_PACKET Complete with Data
Microsoft-Windows-USB-USBPORT,Verbose,113,0,Microsoft-Windows-USB-USBPORT/Diagnostic,Code Performance,Information,PerfDiagnostics,Code Execution time in Micro Seconds
Microsoft-Windows-USB-USBPORT,Verbose,114,0,Microsoft-Windows-USB-USBPORT/Diagnostic,Code Performance PutScatterGatherList,Information,PerfDiagnostics,Code Execution time for PutScatterGatherList in Micro Seconds
Microsoft-Windows-USB-USBPORT,Verbose,115,0,Microsoft-Windows-USB-USBPORT/Diagnostic,Code Performance BuildScatterGatherList,Information,PerfDiagnostics,Code Execution time for BuildScatterGatherList in Micro Seconds
Microsoft-Windows-USB-USBPORT,Information,1024,0,Microsoft-Windows-USB-USBPORT/Diagnostic,Miniport Start,Dispatch,Diagnostic,EHCI Miniport Start Dispatch
Microsoft-Windows-USB-USBPORT,Information,1025,0,Microsoft-Windows-USB-USBPORT/Diagnostic,Miniport Start,Complete,Diagnostic,EHCI Miniport Start Complete
Microsoft-Windows-USB-USBPORT,Information,1026,0,Microsoft-Windows-USB-USBPORT/Diagnostic,Miniport Start,Complete with Error,Diagnostic,EHCI Miniport Start Complete Error - Invalid Resources
Microsoft-Windows-USB-USBPORT,Information,1027,0,Microsoft-Windows-USB-USBPORT/Diagnostic,Miniport Start,Complete with Error,Diagnostic,EHCI Miniport Start Complete Error - Hardware Gone
Microsoft-Windows-USB-USBPORT,Information,1028,0,Microsoft-Windows-USB-USBPORT/Diagnostic,Miniport Start,Complete with Error,Diagnostic,EHCI Miniport Start Complete Error - Stop BIOS
Microsoft-Windows-USB-USBPORT,Information,1029,0,Microsoft-Windows-USB-USBPORT/Diagnostic,Miniport Start,Complete with Error,Diagnostic,EHCI Miniport Start Complete Error - Initialize Hardware
Microsoft-Windows-USB-USBPORT,Information,1030,0,Microsoft-Windows-USB-USBPORT/Diagnostic,Miniport Start,Complete with Error,Diagnostic,EHCI Miniport Start Complete Error - Initialize Schedule
Microsoft-Windows-USB-USBPORT,Information,1031,0,Microsoft-Windows-USB-USBPORT/Diagnostic,Miniport Stop,Dispatch,Diagnostic,EHCI Miniport Stop Dispatch
Microsoft-Windows-USB-USBPORT,Information,1032,0,Microsoft-Windows-USB-USBPORT/Diagnostic,Miniport Stop,Complete,Diagnostic,EHCI Miniport Stop Complete
Microsoft-Windows-USB-USBPORT,Information,1033,0,Microsoft-Windows-USB-USBPORT/Diagnostic,Miniport Suspend,Dispatch,Diagnostic,EHCI Miniport Suspend Dispatch
Microsoft-Windows-USB-USBPORT,Information,1034,0,Microsoft-Windows-USB-USBPORT/Diagnostic,Miniport Suspend,Complete,Diagnostic,EHCI Miniport Suspend Complete
Microsoft-Windows-USB-USBPORT,Information,1035,0,Microsoft-Windows-USB-USBPORT/Diagnostic,Miniport Resume,Dispatch,Diagnostic,EHCI Miniport Resume Dispatch
Microsoft-Windows-USB-USBPORT,Information,1036,0,Microsoft-Windows-USB-USBPORT/Diagnostic,Miniport Resume,Complete,Diagnostic,EHCI Miniport Resume Complete
Microsoft-Windows-USB-USBPORT,Information,1037,0,Microsoft-Windows-USB-USBPORT/Diagnostic,Miniport Resume,Complete with Error,Diagnostic,EHCI Miniport Resume Complete Error - Hardware Gone
Microsoft-Windows-USB-USBPORT,Information,1038,0,Microsoft-Windows-USB-USBPORT/Diagnostic,Miniport Resume,Complete with Error,Diagnostic,EHCI Miniport Resume Complete Error - HcHalted
Microsoft-Windows-USB-USBPORT,Information,1039,0,Microsoft-Windows-USB-USBPORT/Diagnostic,Miniport Resume,Complete with Error,Diagnostic,EHCI Miniport Resume Complete Error - ConfigFlag
Microsoft-Windows-USB-USBPORT,Information,1040,0,Microsoft-Windows-USB-USBPORT/Diagnostic,Miniport Resume,Complete with Error,Diagnostic,EHCI Miniport Resume Complete Error - PortPower
Microsoft-Windows-USB-USBPORT,Information,1041,0,Microsoft-Windows-USB-USBPORT/Diagnostic,Miniport Resume,Complete with Error,Diagnostic,EHCI Miniport Resume Complete Error - PortOwnedByCC
Microsoft-Windows-USB-USBPORT,Information,1042,0,Microsoft-Windows-USB-USBPORT/Diagnostic,Miniport Resume,Complete with Error,Diagnostic,EHCI Miniport Resume Complete Error - OvercurrentChange
Microsoft-Windows-USB-USBPORT,Information,2048,0,Microsoft-Windows-USB-USBPORT/Diagnostic,Miniport Start,Dispatch,Diagnostic,OHCI Miniport Start Dispatch
Microsoft-Windows-USB-USBPORT,Information,2049,0,Microsoft-Windows-USB-USBPORT/Diagnostic,Miniport Start,Complete,Diagnostic,OHCI Miniport Start Complete
Microsoft-Windows-USB-USBPORT,Information,2050,0,Microsoft-Windows-USB-USBPORT/Diagnostic,Miniport Start,Complete with Error,Diagnostic,OHCI Miniport Start Complete Error - Invalid Resources
Microsoft-Windows-USB-USBPORT,Information,2051,0,Microsoft-Windows-USB-USBPORT/Diagnostic,Miniport Start,Complete with Error,Diagnostic,OHCI Miniport Start Complete Error - Hardware Gone
Microsoft-Windows-USB-USBPORT,Information,2052,0,Microsoft-Windows-USB-USBPORT/Diagnostic,Miniport Start,Complete with Error,Diagnostic,OHCI Miniport Start Complete Error - Stop BIOS
Microsoft-Windows-USB-USBPORT,Information,2053,0,Microsoft-Windows-USB-USBPORT/Diagnostic,Miniport Start,Complete with Error,Diagnostic,OHCI Miniport Start Complete Error - Initialize Schedule
Microsoft-Windows-USB-USBPORT,Information,2054,0,Microsoft-Windows-USB-USBPORT/Diagnostic,Miniport Start,Complete with Error,Diagnostic,OHCI Miniport Start Complete Error - Initialize Hardware
Microsoft-Windows-USB-USBPORT,Information,2055,0,Microsoft-Windows-USB-USBPORT/Diagnostic,Miniport Stop,Dispatch,Diagnostic,OHCI Miniport Stop Dispatch
Microsoft-Windows-USB-USBPORT,Information,2056,0,Microsoft-Windows-USB-USBPORT/Diagnostic,Miniport Stop,Complete,Diagnostic,OHCI Miniport Stop Complete
Microsoft-Windows-USB-USBPORT,Information,2057,0,Microsoft-Windows-USB-USBPORT/Diagnostic,Miniport Suspend,Dispatch,Diagnostic,OHCI Miniport Suspend Dispatch
Microsoft-Windows-USB-USBPORT,Information,2058,0,Microsoft-Windows-USB-USBPORT/Diagnostic,Miniport Suspend,Complete,Diagnostic,OHCI Miniport Suspend Complete
Microsoft-Windows-USB-USBPORT,Information,2059,0,Microsoft-Windows-USB-USBPORT/Diagnostic,Miniport Resume,Dispatch,Diagnostic,OHCI Miniport Resume Dispatch
Microsoft-Windows-USB-USBPORT,Information,2060,0,Microsoft-Windows-USB-USBPORT/Diagnostic,Miniport Resume,Complete,Diagnostic,OHCI Miniport Resume Complete
Microsoft-Windows-USB-USBPORT,Information,2061,0,Microsoft-Windows-USB-USBPORT/Diagnostic,Miniport Resume,Complete with Error,Diagnostic,OHCI Miniport Resume Complete Error - Hardware Gone
Microsoft-Windows-USB-USBPORT,Information,2062,0,Microsoft-Windows-USB-USBPORT/Diagnostic,Miniport Resume,Complete with Error,Diagnostic,OHCI Miniport Resume Complete Error - HcControl
Microsoft-Windows-USB-USBPORT,Information,2063,0,Microsoft-Windows-USB-USBPORT/Diagnostic,Miniport Resume,Complete with Error,Diagnostic,OHCI Miniport Resume Complete Error - HcHCCA
Microsoft-Windows-USB-USBPORT,Information,2064,0,Microsoft-Windows-USB-USBPORT/Diagnostic,Miniport Resume,Complete with Error,Diagnostic,OHCI Miniport Resume Complete Error - HcRhS_OverCurrentIndicatorChange
Microsoft-Windows-USB-USBPORT,Information,2065,0,Microsoft-Windows-USB-USBPORT/Diagnostic,Miniport Resume,Complete with Error,Diagnostic,OHCI Miniport Resume Complete Error - HcRhPS_OverCurrentIndicatorChange
Microsoft-Windows-USB-USBPORT,Information,3072,0,Microsoft-Windows-USB-USBPORT/Diagnostic,Miniport Start,Dispatch,Diagnostic,UHCI Miniport Start Dispatch
Microsoft-Windows-USB-USBPORT,Information,3073,0,Microsoft-Windows-USB-USBPORT/Diagnostic,Miniport Start,Complete,Diagnostic,UHCI Miniport Start Complete
Microsoft-Windows-USB-USBPORT,Information,3074,0,Microsoft-Windows-USB-USBPORT/Diagnostic,Miniport Start,Complete with Error,Diagnostic,UHCI Miniport Start Complete Error - Invalid Resources
Microsoft-Windows-USB-USBPORT,Information,3075,0,Microsoft-Windows-USB-USBPORT/Diagnostic,Miniport Start,Complete with Error,Diagnostic,UHCI Miniport Start Complete Error - Stop BIOS
Microsoft-Windows-USB-USBPORT,Information,3076,0,Microsoft-Windows-USB-USBPORT/Diagnostic,Miniport Start,Complete with Error,Diagnostic,UHCI Miniport Start Complete Error - Initialize Hardware
Microsoft-Windows-USB-USBPORT,Information,3077,0,Microsoft-Windows-USB-USBPORT/Diagnostic,Miniport Start,Complete with Error,Diagnostic,UHCI Miniport Start Complete Error - Initialize Schedule
Microsoft-Windows-USB-USBPORT,Information,3078,0,Microsoft-Windows-USB-USBPORT/Diagnostic,Miniport Stop,Dispatch,Diagnostic,UHCI Miniport Stop Dispatch
Microsoft-Windows-USB-USBPORT,Information,3079,0,Microsoft-Windows-USB-USBPORT/Diagnostic,Miniport Stop,Complete,Diagnostic,UHCI Miniport Stop Complete
Microsoft-Windows-USB-USBPORT,Information,3080,0,Microsoft-Windows-USB-USBPORT/Diagnostic,Miniport Suspend,Dispatch,Diagnostic,UHCI Miniport Suspend Dispatch
Microsoft-Windows-USB-USBPORT,Information,3081,0,Microsoft-Windows-USB-USBPORT/Diagnostic,Miniport Suspend,Complete,Diagnostic,UHCI Miniport Suspend Complete
Microsoft-Windows-USB-USBPORT,Information,3082,0,Microsoft-Windows-USB-USBPORT/Diagnostic,Miniport Resume,Dispatch,Diagnostic,UHCI Miniport Resume Dispatch
Microsoft-Windows-USB-USBPORT,Information,3083,0,Microsoft-Windows-USB-USBPORT/Diagnostic,Miniport Resume,Complete,Diagnostic,UHCI Miniport Resume Complete
Microsoft-Windows-USB-USBPORT,Information,3084,0,Microsoft-Windows-USB-USBPORT/Diagnostic,Miniport Resume,Complete with Error,Diagnostic,UHCI Miniport Resume Complete Error - Hardware Gone
Microsoft-Windows-USB-USBPORT,Information,3085,0,Microsoft-Windows-USB-USBPORT/Diagnostic,Miniport Resume,Complete with Error,Diagnostic,UHCI Miniport Resume Complete Error - EnterGlobalSuspendMode
Microsoft-Windows-USB-USBPORT,Information,3086,0,Microsoft-Windows-USB-USBPORT/Diagnostic,Miniport Resume,Complete with Error,Diagnostic,UHCI Miniport Resume Complete Error - ForceGlobalResume
Microsoft-Windows-USB-USBPORT,Information,3087,0,Microsoft-Windows-USB-USBPORT/Diagnostic,Miniport Resume,Complete with Error,Diagnostic,UHCI Miniport Resume Complete Error - FrameNumber
Microsoft-Windows-USB-USBPORT,Information,3088,0,Microsoft-Windows-USB-USBPORT/Diagnostic,Miniport Resume,Complete with Error,Diagnostic,UHCI Miniport Resume Complete Error - OvercurrentChange
Microsoft-Windows-USB-USBPORT,Information,3089,0,Microsoft-Windows-USB-USBPORT/Diagnostic,RunTime Power Management,RunTime PM Transition,Diagnostic,Run Time Power Management Transition
Microsoft-Windows-USB-USBPORT,Information,3090,0,Microsoft-Windows-USB-USBPORT/Diagnostic,Arm controller for wake,Dispatch,Diagnostic,Dispatch IRP_MN_WAIT_WAKE
Microsoft-Windows-USB-USBPORT,Information,3091,0,Microsoft-Windows-USB-USBPORT/Diagnostic,Arm controller for wake,Complete,Diagnostic,Complete IRP_MN_WAIT_WAKE
