Provider|Level|Event ID|Version|Channel|Task|Opcode|Keyword|Message
Microsoft-Windows-TCPIP|Information|1001|0|Microsoft-Windows-TCPIP/Diagnostic|TcpEndpointCreation||ut:Endpoint|TCP: endpoint {Endpoint} (Family={AddressFamily}, PID={Pid}) created with status = {Status}.
Microsoft-Windows-TCPIP|Information|1002|0|Microsoft-Windows-TCPIP/Diagnostic|TcpRequestConnect||ut:TcpipDiagnosis ut:Endpoint|TCP: Tcb {Tcb} (local={LocalAddress} remote={RemoteAddress}) requested to connect.
Microsoft-Windows-TCPIP|Information|1003|0|Microsoft-Windows-TCPIP/Diagnostic|TcpInspectConnectComplete||ut:TcpipDiagnosis ut:Endpoint|TCP: Inspect Connect has been completed on Tcb {Tcb} with status = {Status}.
Microsoft-Windows-TCPIP|Information|1004|0|Microsoft-Windows-TCPIP/Diagnostic|TcpTcbSynSend||ut:TcpipDiagnosis|TCP: Tcb {Tcb} is going to output SYN with ISN = {ISN}, RcvWnd = {RcvWnd}, RcvWndScale = {RcvWndScale}.
Microsoft-Windows-TCPIP|Information|1005|0|Microsoft-Windows-TCPIP/Diagnostic|TcpBindEndpointResolutionFailure||ut:TcpipEndpoint ut:TcpipBind ut:Endpoint|TCP: endpoint bind failed: address {LocalAddress} cannot be resolved ({Status}).
Microsoft-Windows-TCPIP|Information|1006|0|Microsoft-Windows-TCPIP/Diagnostic|TcpBindEndpointPortFailure||ut:TcpipEndpoint ut:TcpipBind ut:Endpoint|TCP: endpoint (sockaddr={LocalAddress}) bind failed: port-acquisition status = {Status}.
Microsoft-Windows-TCPIP|Information|1007|0|Microsoft-Windows-TCPIP/Diagnostic|TcpBindEndpointInspectionFailure||ut:TcpipEndpoint ut:TcpipBind ut:Endpoint|TCP: endpoint (sockaddr={LocalAddress}) bind failed: inspection status = {Status}.
Microsoft-Windows-TCPIP|Information|1008|0|Microsoft-Windows-TCPIP/Diagnostic|TcpBindEndpointComplete||ut:TcpipEndpoint ut:TcpipBind ut:Endpoint|TCP: endpoint (sockaddr={LocalAddress}) bound.
Microsoft-Windows-TCPIP|Information|1009|0|Microsoft-Windows-TCPIP/Diagnostic|TcpCloseEndpoint||ut:TcpipEndpoint ut:Endpoint|TCP: endpoint (sockaddr={LocalAddress}) closed.
Microsoft-Windows-TCPIP|Information|1010|0|Microsoft-Windows-TCPIP/Diagnostic|TcpCreateEndpointAfFailure||ut:TcpipEndpoint ut:Endpoint|TCP: endpoint (Family={AddressFamily} PID={ProcessId}) create failed: address family not attached.
Microsoft-Windows-TCPIP|Information|1010|1|Microsoft-Windows-TCPIP/Diagnostic|TcpCreateEndpointAfFailure||ut:TcpipEndpoint ut:Endpoint|TCP: endpoint (Family={AddressFamily} PID={ProcessId}) create failed: address family not attached.
Microsoft-Windows-TCPIP|Information|1011|0|Microsoft-Windows-TCPIP/Diagnostic|TcpCreateEndpointCompartmentFailure||ut:TcpipEndpoint ut:Endpoint|TCP: endpoint (Family={AddressFamily} PID={ProcessId}) create failed: compartment {CompartmentId} not found.
Microsoft-Windows-TCPIP|Information|1011|1|Microsoft-Windows-TCPIP/Diagnostic|TcpCreateEndpointCompartmentFailure||ut:TcpipEndpoint ut:Endpoint|TCP: endpoint (Family={AddressFamily} PID={ProcessId}) create failed: compartment {CompartmentId} not found.
Microsoft-Windows-TCPIP|Information|1012|0|Microsoft-Windows-TCPIP/Diagnostic|TcpCreateEndpointInspectionFailure||ut:TcpipEndpoint ut:Endpoint|TCP: endpoint (Family={AddressFamily} PID={ProcessId}) create failed: inspection status {Status}.
Microsoft-Windows-TCPIP|Information|1012|1|Microsoft-Windows-TCPIP/Diagnostic|TcpCreateEndpointInspectionFailure||ut:TcpipEndpoint ut:Endpoint|TCP: endpoint (Family={AddressFamily} PID={ProcessId}) create failed: inspection status {Status}.
Microsoft-Windows-TCPIP|Information|1013|0|Microsoft-Windows-TCPIP/Diagnostic|TcpCreateEndpointComplete||ut:TcpipEndpoint ut:Endpoint|TCP: endpoint (Family={AddressFamily} PID={ProcessId}) created.
Microsoft-Windows-TCPIP|Information|1013|1|Microsoft-Windows-TCPIP/Diagnostic|TcpCreateEndpointComplete||ut:TcpipEndpoint ut:Endpoint|TCP: endpoint (Family={AddressFamily} PID={ProcessId}) created.
Microsoft-Windows-TCPIP|Information|1014|0|Microsoft-Windows-TCPIP/Diagnostic|TcpAccpetListenerRouteLookupFailure||ut:TcpipListener ut:TcpipTcb ut:TcpipDiagnosis ut:Endpoint|TCP: listener (local={LocalAddress} remote={RemoteAddress}) accept failed: Route lookup status = {Status}, TCB = {Tcb}.
Microsoft-Windows-TCPIP|Information|1014|1|Microsoft-Windows-TCPIP/Diagnostic|TcpAccpetListenerRouteLookupFailure||ut:TcpipListener ut:TcpipTcb ut:TcpipDiagnosis ut:Endpoint|TCP: listener (local={LocalAddress} remote={RemoteAddress}) accept failed: Route lookup status = {Status}, TCB = {Tcb}.
Microsoft-Windows-TCPIP|Information|1015|0|Microsoft-Windows-TCPIP/Diagnostic|TcpAcceptListenerInsertionFailure||ut:TcpipListener ut:TcpipTcb ut:TcpipDiagnosis ut:Endpoint|TCP: listener (local={LocalAddress} remote={RemoteAddress}) accept failed: connection insertion. Duplicate TCB = {Tcb}.
Microsoft-Windows-TCPIP|Information|1016|0|Microsoft-Windows-TCPIP/Diagnostic|TcpAcceptListenerRejected||ut:TcpipListener ut:TcpipTcb ut:TcpipDiagnosis ut:Endpoint|TCP: listener (local={LocalAddress} remote={RemoteAddress}) accept failed: client rejection status = {Status}.
Microsoft-Windows-TCPIP|Information|1016|1|Microsoft-Windows-TCPIP/Diagnostic|TcpAcceptListenerRejected||ut:TcpipListener ut:TcpipTcb ut:TcpipDiagnosis ut:Endpoint|TCP: listener (local={LocalAddress} remote={RemoteAddress}) accept failed: client rejection status = {Status}.
Microsoft-Windows-TCPIP|Information|1017|0|Microsoft-Windows-TCPIP/Diagnostic|TcpAcceptListenerComplete||ut:TcpipListener ut:TcpipTcb ut:TcpipDiagnosis ut:Endpoint|TCP: listener (local={LocalAddress} remote={RemoteAddress}) accept completed. TCB = {Tcb}. PID = {ProcessId}.
Microsoft-Windows-TCPIP|Information|1017|1|Microsoft-Windows-TCPIP/Diagnostic|TcpAcceptListenerComplete||ut:TcpipListener ut:TcpipTcb ut:TcpipDiagnosis ut:Endpoint|TCP: listener (local={LocalAddress} remote={RemoteAddress}) accept completed. TCB = {Tcb}. PID = {ProcessId}.
Microsoft-Windows-TCPIP|Information|1018|0|Microsoft-Windows-TCPIP/Diagnostic|TcpConnectTcbFailedAf||ut:TcpipTcb ut:TcpipDiagnosis ut:Endpoint|TCP: connection {Tcb} (local={LocalAddress} remote={RemoteAddress} PID={ProcessId}) connect failed: address family not attached.
Microsoft-Windows-TCPIP|Information|1018|1|Microsoft-Windows-TCPIP/Diagnostic|TcpConnectTcbFailedAf||ut:TcpipTcb ut:TcpipDiagnosis ut:Endpoint|TCP: connection {Tcb} (local={LocalAddress} remote={RemoteAddress} PID={ProcessId}) connect failed: address family not attached.
Microsoft-Windows-TCPIP|Information|1019|0|Microsoft-Windows-TCPIP/Diagnostic|TcpConnectTcbFailedCompartment||ut:TcpipTcb ut:TcpipDiagnosis ut:Endpoint|TCP: connection {Tcb} (local={LocalAddress} remote={RemoteAddress} PID={ProcessId}) connect failed: compartment {Compartment} not found.
Microsoft-Windows-TCPIP|Information|1019|1|Microsoft-Windows-TCPIP/Diagnostic|TcpConnectTcbFailedCompartment||ut:TcpipTcb ut:TcpipDiagnosis ut:Endpoint|TCP: connection {Tcb} (local={LocalAddress} remote={RemoteAddress} PID={ProcessId}) connect failed: compartment {Compartment} not found.
Microsoft-Windows-TCPIP|Information|1020|0|Microsoft-Windows-TCPIP/Diagnostic|TcpConnectTcbFailedInspect||ut:TcpipTcb ut:TcpipDiagnosis ut:Endpoint|TCP: connection {Tcb} (local={LocalAddress} remote={RemoteAddress} PID={ProcessId}) connect failed: inspection status = {Status}.
Microsoft-Windows-TCPIP|Information|1020|1|Microsoft-Windows-TCPIP/Diagnostic|TcpConnectTcbFailedInspect||ut:TcpipTcb ut:TcpipDiagnosis ut:Endpoint|TCP: connection {Tcb} (local={LocalAddress} remote={RemoteAddress} PID={ProcessId}) connect failed: inspection status = {Status}.
Microsoft-Windows-TCPIP|Information|1021|0|Microsoft-Windows-TCPIP/Diagnostic|TcpConnectTcbFailedRoute||ut:TcpipTcb ut:TcpipDiagnosis ut:Endpoint|TCP: connection {Tcb} (local={LocalAddress} remote={RemoteAddress}) connect failed: route lookup status = {Status}.
Microsoft-Windows-TCPIP|Information|1021|1|Microsoft-Windows-TCPIP/Diagnostic|TcpConnectTcbFailedRoute||ut:TcpipTcb ut:TcpipDiagnosis ut:Endpoint|TCP: connection {Tcb} (local={LocalAddress} remote={RemoteAddress}) connect failed: route lookup status = {Status}.
Microsoft-Windows-TCPIP|Information|1022|0|Microsoft-Windows-TCPIP/Diagnostic|TcpConnectTcbSkipRateLimit||ut:TcpipTcb ut:TcpipDiagnosis ut:Endpoint|TCP: Bypass rate limiting since flag is set on path {Path} (local={LocalAddress} remote={RemoteAddress}) 
Microsoft-Windows-TCPIP|Information|1023|0|Microsoft-Windows-TCPIP/Diagnostic|TcpConnectTcbPassRateLimit||ut:TcpipTcb ut:TcpipDiagnosis ut:Endpoint|TCP: Charge rate limiting quota and set rate limiting flag for path {Path} (local={LocalAddress} remote={RemoteAddress}) 
Microsoft-Windows-TCPIP|Information|1024|0|Microsoft-Windows-TCPIP/Diagnostic|TcpConnectTcbCheckRateLimit||ut:TcpipTcb ut:TcpipDiagnosis ut:Endpoint|TCP: connection {Tcb} (local={LocalAddress} remote={RemoteAddress}) deferred.
Microsoft-Windows-TCPIP|Information|1024|1|Microsoft-Windows-TCPIP/Diagnostic|TcpConnectTcbCheckRateLimit||ut:TcpipTcb ut:TcpipDiagnosis ut:Endpoint|TCP: connection {Tcb} (local={LocalAddress} remote={RemoteAddress}) deferred.
Microsoft-Windows-TCPIP|Information|1025|0|Microsoft-Windows-TCPIP/Diagnostic|TcpSecurityRateLimit||ut:TcpipTcb ut:TcpipDiagnosis ut:Endpoint|TCP: {ConnectionRateLimitDepth} rate-limiting paths {ConnectionRateLimitBacklog} backlogged connections.
Microsoft-Windows-TCPIP|Information|1026|0|Microsoft-Windows-TCPIP/Diagnostic|TcpRateLimitPathRelease||ut:TcpipTcb ut:TcpipDiagnosis ut:Endpoint|TCP: Release and set rate limiting flag on path {Path} (local={LocalAddress} remote={RemoteAddress}) 
Microsoft-Windows-TCPIP|Information|1027|0|Microsoft-Windows-TCPIP/Diagnostic|TcpConnectTcbRateLimitRelease||ut:TcpipTcb ut:TcpipDiagnosis ut:Endpoint|TCP: connection {Tcb} (local={LocalAddress} remote={RemoteAddress}) released.
Microsoft-Windows-TCPIP|Information|1027|1|Microsoft-Windows-TCPIP/Diagnostic|TcpConnectTcbRateLimitRelease||ut:TcpipTcb ut:TcpipDiagnosis ut:Endpoint|TCP: connection {Tcb} (local={LocalAddress} remote={RemoteAddress}) released.
Microsoft-Windows-TCPIP|Information|1028|0|Microsoft-Windows-TCPIP/Diagnostic|TcpRateLimitPathCancel||ut:TcpipTcb ut:TcpipDiagnosis ut:Endpoint|TCP: Clear rate limiting flag on path {Path} (local={LocalAddress} remote={RemoteAddress}) since connection is cancelled.
Microsoft-Windows-TCPIP|Information|1029|0|Microsoft-Windows-TCPIP/Diagnostic|TcpConnectTcbCancel||ut:TcpipTcb ut:TcpipDiagnosis ut:Endpoint|TCP: connection {Tcb} (local={LocalAddress} remote={RemoteAddress}) connect failed: connection cancelled.
Microsoft-Windows-TCPIP|Information|1029|1|Microsoft-Windows-TCPIP/Diagnostic|TcpConnectTcbCancel||ut:TcpipTcb ut:TcpipDiagnosis ut:Endpoint|TCP: connection {Tcb} (local={LocalAddress} remote={RemoteAddress}) connect failed: connection cancelled.
Microsoft-Windows-TCPIP|Information|1030|0|Microsoft-Windows-TCPIP/Diagnostic|TcpConnectTcbFailInsertion||ut:TcpipTcb ut:TcpipDiagnosis ut:Endpoint|TCP: connection (local={LocalAddressLength} remote={RemoteAddressLength}) connect failed: connection insertion status = {RemoteAddress}.
Microsoft-Windows-TCPIP|Information|1031|0|Microsoft-Windows-TCPIP/Diagnostic|TcpConnectTcbProceeding||ut:TcpipTcb ut:TcpipDiagnosis ut:Endpoint|TCP: connection {Tcb} (local={LocalAddress} remote={RemoteAddress}) connect proceeding.
Microsoft-Windows-TCPIP|Information|1031|1|Microsoft-Windows-TCPIP/Diagnostic|TcpConnectTcbProceeding||ut:TcpipTcb ut:TcpipDiagnosis ut:Endpoint|TCP: connection {Tcb} (local={LocalAddress} remote={RemoteAddress}) connect proceeding.
Microsoft-Windows-TCPIP|Information|1032|0|Microsoft-Windows-TCPIP/Diagnostic|TcpConnectTcbRateLimitCancel||ut:TcpipTcb ut:TcpipDiagnosis ut:Endpoint|TCP: connection {Tcb} (local={LocalAddress} remote={RemoteAddress}) released due to cancel.
Microsoft-Windows-TCPIP|Information|1032|1|Microsoft-Windows-TCPIP/Diagnostic|TcpConnectTcbRateLimitCancel||ut:TcpipTcb ut:TcpipDiagnosis ut:Endpoint|TCP: connection {Tcb} (local={LocalAddress} remote={RemoteAddress}) released due to cancel.
Microsoft-Windows-TCPIP|Information|1033|0|Microsoft-Windows-TCPIP/Diagnostic|TcpConnectTcbComplete||ut:TcpipTcb ut:TcpipDiagnosis ut:Endpoint|TCP: connection {Tcb} (local={LocalAddress} remote={RemoteAddress}) connect completed. PID = {ProcessId}.
Microsoft-Windows-TCPIP|Information|1033|1|Microsoft-Windows-TCPIP/Diagnostic|TcpConnectTcbComplete||ut:TcpipTcb ut:TcpipDiagnosis ut:Endpoint|TCP: connection {Tcb} (local={LocalAddress} remote={RemoteAddress}) connect completed. PID = {ProcessId}.
Microsoft-Windows-TCPIP|Information|1034|0|Microsoft-Windows-TCPIP/Diagnostic|TcpConnectTcbFailure||ut:TcpipTcb ut:TcpipDiagnosis ut:Endpoint|TCP: connection {Tcb} (local={LocalAddress} remote={RemoteAddress}) connect attempt failed with status = {Status}.
Microsoft-Windows-TCPIP|Information|1034|1|Microsoft-Windows-TCPIP/Diagnostic|TcpConnectTcbFailure||ut:TcpipTcb ut:TcpipDiagnosis ut:Endpoint|TCP: connection {Tcb} (local={LocalAddress} remote={RemoteAddress}) connect attempt failed with status = {Status}.
Microsoft-Windows-TCPIP|Information|1035|0|Microsoft-Windows-TCPIP/Diagnostic|TcpConnectTcbFailInspectConnectComplete||ut:TcpipTcb ut:TcpipDiagnosis ut:Endpoint|TCP: connection {Tcb} (local={LocalAddress} remote={RemoteAddress}) connect failed: connect-complete inspect status = {Status}.
Microsoft-Windows-TCPIP|Information|1035|1|Microsoft-Windows-TCPIP/Diagnostic|TcpConnectTcbFailInspectConnectComplete||ut:TcpipTcb ut:TcpipDiagnosis ut:Endpoint|TCP: connection {Tcb} (local={LocalAddress} remote={RemoteAddress}) connect failed: connect-complete inspect status = {Status}.
Microsoft-Windows-TCPIP|Information|1036|0|Microsoft-Windows-TCPIP/Diagnostic|TcpConnectTcbFailSessionState||ut:TcpipTcb ut:TcpipDiagnosis ut:Endpoint|TCP: ApplySynOptions, failed to create session state with status = {Status}, TCB = {Tcb}.
Microsoft-Windows-TCPIP|Information|1036|1|Microsoft-Windows-TCPIP/Diagnostic|TcpConnectTcbFailSessionState||ut:TcpipTcb ut:TcpipDiagnosis ut:Endpoint|TCP: ApplySynOptions, failed to create session state with status = {Status}, TCB = {Tcb}.
Microsoft-Windows-TCPIP|Information|1037|0|Microsoft-Windows-TCPIP/Diagnostic|TcpConnectTcbFailDontFragment||ut:TcpipTcb ut:TcpipDiagnosis ut:Endpoint|TCP: ApplySynOptions, failed to update DF with status = {Status}, TCB = {Tcb}.
Microsoft-Windows-TCPIP|Information|1037|1|Microsoft-Windows-TCPIP/Diagnostic|TcpConnectTcbFailDontFragment||ut:TcpipTcb ut:TcpipDiagnosis ut:Endpoint|TCP: ApplySynOptions, failed to update DF with status = {Status}, TCB = {Tcb}.
Microsoft-Windows-TCPIP|Information|1038|0|Microsoft-Windows-TCPIP/Diagnostic|TcpCloseTcbRequest||ut:TcpipTcb ut:Endpoint|TCP: connection {Tcb} (local={LocalAddress} remote={RemoteAddress}) close issued.
Microsoft-Windows-TCPIP|Information|1038|1|Microsoft-Windows-TCPIP/Diagnostic|TcpCloseTcbRequest||ut:TcpipTcb ut:Endpoint|TCP: connection {Tcb} (local={LocalAddress} remote={RemoteAddress}) close issued.
Microsoft-Windows-TCPIP|Information|1039|0|Microsoft-Windows-TCPIP/Diagnostic|TcpAbortTcbRequest||ut:TcpipTcb ut:TcpipDiagnosis ut:Endpoint|TCP: connection {Tcb} (local={LocalAddress} remote={RemoteAddress}) abort issued.
Microsoft-Windows-TCPIP|Information|1039|1|Microsoft-Windows-TCPIP/Diagnostic|TcpAbortTcbRequest||ut:TcpipTcb ut:TcpipDiagnosis ut:Endpoint|TCP: connection {Tcb} (local={LocalAddress} remote={RemoteAddress}) abort issued.
Microsoft-Windows-TCPIP|Information|1040|0|Microsoft-Windows-TCPIP/Diagnostic|TcpAbortTcbComplete||ut:TcpipTcb ut:TcpipDiagnosis ut:Endpoint|TCP: connection {Tcb} (local={LocalAddress} remote={RemoteAddress}) abort completed.
Microsoft-Windows-TCPIP|Information|1040|1|Microsoft-Windows-TCPIP/Diagnostic|TcpAbortTcbComplete||ut:TcpipTcb ut:TcpipDiagnosis ut:Endpoint|TCP: connection {Tcb} (local={LocalAddress} remote={RemoteAddress}) abort completed.
Microsoft-Windows-TCPIP|Information|1041|0|Microsoft-Windows-TCPIP/Diagnostic|TcpDisconnectTcbInjectFailed||ut:TcpipTcb ut:TcpipDiagnosis ut:Endpoint|TCP: Injecting disconnect on a shutdown TCB failed. TCB = {Tcb}.
Microsoft-Windows-TCPIP|Information|1042|0|Microsoft-Windows-TCPIP/Diagnostic|TcpDisconnectTcbRequest||ut:TcpipTcb ut:TcpipDiagnosis ut:Endpoint|TCP: connection disconnect {Injected}, length={Length}.
Microsoft-Windows-TCPIP|Information|1043|0|Microsoft-Windows-TCPIP/Diagnostic|TcpDisconnectTcbComplete||ut:TcpipTcb ut:TcpipDiagnosis ut:Endpoint|TCP: connection {Tcb} (local={LocalAddress} remote={RemoteAddress}) disconnect completed.
Microsoft-Windows-TCPIP|Information|1043|1|Microsoft-Windows-TCPIP/Diagnostic|TcpDisconnectTcbComplete||ut:TcpipTcb ut:TcpipDiagnosis ut:Endpoint|TCP: connection {Tcb} (local={LocalAddress} remote={RemoteAddress}) disconnect completed.
Microsoft-Windows-TCPIP|Information|1044|0|Microsoft-Windows-TCPIP/Diagnostic|TcpShutdownTcb||ut:TcpipTcb ut:TcpipDiagnosis ut:Endpoint|TCP: connection {Tcb} (local={LocalAddress} remote={RemoteAddress}) shutdown initiated ({Status}). PID = {ProcessId}.
Microsoft-Windows-TCPIP|Information|1044|1|Microsoft-Windows-TCPIP/Diagnostic|TcpShutdownTcb||ut:TcpipTcb ut:TcpipDiagnosis ut:Endpoint|TCP: connection {Tcb} (local={LocalAddress} remote={RemoteAddress}) shutdown initiated ({Status}). PID = {ProcessId}.
Microsoft-Windows-TCPIP|Information|1045|0|Microsoft-Windows-TCPIP/Diagnostic|TcpConnectTcbTimeout||ut:TcpipTcb ut:TcpipDiagnosis ut:Endpoint|TCP: connection {Tcb} (local={LocalAddress} remote={RemoteAddress}) connect failed: connect-request timeout expired.
Microsoft-Windows-TCPIP|Information|1045|1|Microsoft-Windows-TCPIP/Diagnostic|TcpConnectTcbTimeout||ut:TcpipTcb ut:TcpipDiagnosis ut:Endpoint|TCP: connection {Tcb} (local={LocalAddress} remote={RemoteAddress}) connect failed: connect-request timeout expired.
Microsoft-Windows-TCPIP|Information|1046|0|Microsoft-Windows-TCPIP/Diagnostic|TcpDisconnectTcbRtoTimeout||ut:TcpipTcb ut:TcpipDiagnosis ut:Endpoint|TCP: connection {Tcb} (local={LocalAddress} remote={RemoteAddress}) terminating: retransmission timeout expired.
Microsoft-Windows-TCPIP|Information|1046|1|Microsoft-Windows-TCPIP/Diagnostic|TcpDisconnectTcbRtoTimeout||ut:TcpipTcb ut:TcpipDiagnosis ut:Endpoint|TCP: connection {Tcb} (local={LocalAddress} remote={RemoteAddress}) terminating: retransmission timeout expired.
Microsoft-Windows-TCPIP|Information|1047|0|Microsoft-Windows-TCPIP/Diagnostic|TcpDisconnectTcbKeepaliveTimeout||ut:TcpipTcb ut:TcpipDiagnosis ut:Endpoint|TCP: connection {Tcb} (local={LocalAddress} remote={RemoteAddress}) terminating: keep-alive timeout expired.
Microsoft-Windows-TCPIP|Information|1047|1|Microsoft-Windows-TCPIP/Diagnostic|TcpDisconnectTcbKeepaliveTimeout||ut:TcpipTcb ut:TcpipDiagnosis ut:Endpoint|TCP: connection {Tcb} (local={LocalAddress} remote={RemoteAddress}) terminating: keep-alive timeout expired.
Microsoft-Windows-TCPIP|Information|1048|0|Microsoft-Windows-TCPIP/Diagnostic|TcpDisconnectTcbTimeout||ut:TcpipTcb ut:TcpipDiagnosis ut:Endpoint|TCP: connection {Tcb} (local={LocalAddress} remote={RemoteAddress}) terminating: disconnect timeout expired.
Microsoft-Windows-TCPIP|Information|1048|1|Microsoft-Windows-TCPIP/Diagnostic|TcpDisconnectTcbTimeout||ut:TcpipTcb ut:TcpipDiagnosis ut:Endpoint|TCP: connection {Tcb} (local={LocalAddress} remote={RemoteAddress}) terminating: disconnect timeout expired.
Microsoft-Windows-TCPIP|Information|1049|0|Microsoft-Windows-TCPIP/Diagnostic|TcpConnectTcbEstatsFailed||ut:TcpipTcb ut:TcpipDiagnosis ut:Endpoint|TCP: connection {Tcb} (local={LocalAddress} remote={RemoteAddress}) connect failed: extended statistics status = {Status}.
Microsoft-Windows-TCPIP|Information|1049|1|Microsoft-Windows-TCPIP/Diagnostic|TcpConnectTcbEstatsFailed||ut:TcpipTcb ut:TcpipDiagnosis ut:Endpoint|TCP: connection {Tcb} (local={LocalAddress} remote={RemoteAddress}) connect failed: extended statistics status = {Status}.
Microsoft-Windows-TCPIP|Information|1050|0|Microsoft-Windows-TCPIP/Diagnostic|TcpConnectFailedPortAcquire||ut:TcpipTcb ut:TcpipDiagnosis ut:Endpoint|TCP: connection {Tcb} (local={LocalAddress} remote={RemoteAddress}) connect failed: port-acquisition status = {Status}.
Microsoft-Windows-TCPIP|Information|1050|1|Microsoft-Windows-TCPIP/Diagnostic|TcpConnectFailedPortAcquire||ut:TcpipTcb ut:TcpipDiagnosis ut:Endpoint|TCP: connection {Tcb} (local={LocalAddress} remote={RemoteAddress}) connect failed: port-acquisition status = {Status}.
Microsoft-Windows-TCPIP|Information|1051|0|Microsoft-Windows-TCPIP/Diagnostic|TcpTcbStateChange||ut:TcpipTcb ut:Endpoint|TCP: connection {Tcb} transition from {OldState} to {NewState}, SndNxt = {SndNxt}.
Microsoft-Windows-TCPIP|Information|1052|0|Microsoft-Windows-TCPIP/Diagnostic|TcpEndpointAcquirePortReservation||ut:TcpipEndpoint ut:TcpipBind ut:Endpoint|TCP: Process with PID = {ProcessId} reserved {NumberOfPorts} ports starting at {StartPort}.
Microsoft-Windows-TCPIP|Information|1052|1|Microsoft-Windows-TCPIP/Diagnostic|TcpEndpointAcquirePortReservation||ut:TcpipEndpoint ut:TcpipBind ut:Endpoint|TCP: Process with PID = {ProcessId} reserved {NumberOfPorts} ports starting at {StartPort}.
Microsoft-Windows-TCPIP|Information|1053|0|Microsoft-Windows-TCPIP/Diagnostic|TcpEndpointFailedPortReservation||ut:TcpipEndpoint ut:TcpipBind ut:Endpoint|TCP: Process with PID = {ProcessId} failed to reserve {NumberOfPorts} ports starting at {StartPort} with status = {Status}.
Microsoft-Windows-TCPIP|Information|1053|1|Microsoft-Windows-TCPIP/Diagnostic|TcpEndpointFailedPortReservation||ut:TcpipEndpoint ut:TcpipBind ut:Endpoint|TCP: Process with PID = {ProcessId} failed to reserve {NumberOfPorts} ports starting at {StartPort} with status = {Status}.
Microsoft-Windows-TCPIP|Information|1054|0|Microsoft-Windows-TCPIP/Diagnostic|TcpGlobalPortReservation||ut:TcpipDiagnosis|TCP: Process with PID = {ProcessId} completed global port reservation of {NumberOfPorts} ports starting at {StartPort} with status = {Status}.
Microsoft-Windows-TCPIP|Information|1054|1|Microsoft-Windows-TCPIP/Diagnostic|TcpGlobalPortReservation||ut:TcpipDiagnosis|TCP: Process with PID = {ProcessId} completed global port reservation of {NumberOfPorts} ports starting at {StartPort} with status = {Status}.
Microsoft-Windows-TCPIP|Warning|1055|0|Microsoft-Windows-TCPIP/Diagnostic|TcpGlobalSynAttackEntry||ut:TcpipDiagnosis|TCP: entering SYN attack resistance mode, Syn Attacks Detected = {SynAttacksDetected}.
Microsoft-Windows-TCPIP|Warning|1056|0|Microsoft-Windows-TCPIP/Diagnostic|TcpGlobalReassemblyLimitViolation||ut:TcpipDiagnosis|TCP: reasembly rate-limiting violated {ReassemblyLimitViolations} times since boot.
Microsoft-Windows-TCPIP|Warning|1057|0|Microsoft-Windows-TCPIP/Diagnostic|TcpGlobalConnectionRateLimitViolation||ut:TcpipDiagnosis|TCP: connection rate-limiting violated {ConnectionRateLimitViolations} times since boot.
Microsoft-Windows-TCPIP|Warning|1058|0|Microsoft-Windows-TCPIP/Diagnostic|TcpGlobalLandAttackSegmentDrop||ut:TcpipDiagnosis|TCP: land attack has dropped {LandAttackSegmentsDropped} packets since boot.
Microsoft-Windows-TCPIP|Warning|1059|0|Microsoft-Windows-TCPIP/Diagnostic|TcpGlobalIsbBeginThrottle||ut:TcpipDiagnosis|TCP: low memory state detected. LowMemoryEvent ={LowMemoryEvent} LowPagedPoolEvent = {LowPagedPoolEvent}.
Microsoft-Windows-TCPIP|Information|1060|0|Microsoft-Windows-TCPIP/Diagnostic|TcpGlobalIsbEndThrottle||ut:TcpipDiagnosis|TCP: leaving low memory state. HighMemoryEvent = {HighMemoryEvent} HighPagedPoolEvent = {HighPagedPoolEvent}.
Microsoft-Windows-TCPIP|Information|1061|0|Microsoft-Windows-TCPIP/Diagnostic|TcpGlobalAddInterface||ut:TcpipInterface|TCP: address family {AddressFamily} added to interface {InterfaceIndex}.
Microsoft-Windows-TCPIP|Information|1062|0|Microsoft-Windows-TCPIP/Diagnostic|TcpGlobalDeleteInterface||ut:TcpipInterface|TCP: address family {AddressFamily} removed from interface {InterfaceIndex}.
Microsoft-Windows-TCPIP|Information|1063|0|Microsoft-Windows-TCPIP/Diagnostic|TcpGlobalSynAttackExit||ut:TcpipDiagnosis|TCP: leaving SYN attack resistance mode, Syn Attacks Detected = {SynAttacksDetected}.
Microsoft-Windows-TCPIP|Verbose|1064|0|Microsoft-Windows-TCPIP/Diagnostic|TcpTcbStartTimer||ut:TcpipTcb ut:Endpoint|TCP: Connection {Tcb} {TimerType} timer started. Scheduled to expire in {WaitTimeMilliseconds} ms.
Microsoft-Windows-TCPIP|Verbose|1064|1|Microsoft-Windows-TCPIP/Diagnostic|TcpTcbStartTimer||ut:TcpipTcb ut:Endpoint|TCP: Connection {Tcb} {TimerType} timer started. Scheduled to expire in {WaitTimeMilliseconds} ms. Processor {Processor}: LastInterruptTime {LastInterruptTime} 100-ns ticks; LastMicrosecondCount {LastMicroseconds} msec; CachedKQPCValue {CachedKQPCValues} ticks; CachedFrequencyValue {CachedFrequencyValues}.
Microsoft-Windows-TCPIP|Verbose|1065|0|Microsoft-Windows-TCPIP/Diagnostic|TcpTcbStopTimer||ut:TcpipTcb ut:Endpoint|TCP: Connection {Tcb} stopping {TimerType} timer. 
Microsoft-Windows-TCPIP|Verbose|1066|0|Microsoft-Windows-TCPIP/Diagnostic|TcpTcbExpireTimer||ut:TcpipTcb ut:Endpoint|TCP: Connection {Tcb} {TimerType} timer has expired.
Microsoft-Windows-TCPIP|Information|1067|0|Microsoft-Windows-TCPIP/Diagnostic|TcpTcbChangeIsb||ut:TcpipTcb ut:TcpipDiagnosis ut:Endpoint|TCP: ISB changed to {IsbSize}. CWnd = {Cwnd} SndWnd = {SndWnd} SendAvailable = {SendAvailable} SSThresh = {SSThresh}.
Microsoft-Windows-TCPIP|Information|1068|0|Microsoft-Windows-TCPIP/Diagnostic|TcpRssTableChange||ut:TcpipDiagnosis|TCP: moving RSS indirection table index {TableEntry} from processor {SourceProcessor} to processor {DestinationProcessor}.
Microsoft-Windows-TCPIP|Verbose|1069|0|Microsoft-Windows-TCPIP/Diagnostic|TcpDataTransferTimeout||ut:TcpipDiagnosis|TCP: connection {Tcb}: Timeout Event updated cwnd = {Cwnd} and updated ssthresh = {SSThresh}.
Microsoft-Windows-TCPIP|Verbose|1070|0|Microsoft-Windows-TCPIP/Diagnostic|TcpDataTransferRttSample|||TCP: connection {Tcb}:  Rtt sample recorded {RttSample}.
Microsoft-Windows-TCPIP|Information|1071|0|Microsoft-Windows-TCPIP/Diagnostic|TcpDataTransferCumAck|||TCP: connection {Tcb}: Cumulative ACK updated cwnd = {Cwnd}.
Microsoft-Windows-TCPIP|Information|1072|0|Microsoft-Windows-TCPIP/Diagnostic|TcpDataTransferDupAck|||TCP: connection {Tcb}: Duplicate ACK updated cwnd = {Cwnd} and updated ssthresh = {SSThresh}.
Microsoft-Windows-TCPIP|Information|1073|0|Microsoft-Windows-TCPIP/Diagnostic|TcpDataTransferSend|||TCP: connection {Tcb}: Sent data with number of bytes = {NumBytes} and Sequence number = {SeqNo}.
Microsoft-Windows-TCPIP|Information|1074|0|Microsoft-Windows-TCPIP/Diagnostic|TcpDataTransferReceive|||TCP: connection {Tcb}: Received data with number of bytes = {NumBytes}. ThSeq = {SeqNo}.
Microsoft-Windows-TCPIP|Information|1075|0|Microsoft-Windows-TCPIP/Diagnostic|TcpDataTransferEcn|||TCP: connection {Tcb}: ECN Echo updated cwnd = {Cwnd} and updated ssthresh = {SSThresh}. SndUna = {SndUna}, Mss = {Mss}, ThAck = {ThAck}.
Microsoft-Windows-TCPIP|Information|1076|0|Microsoft-Windows-TCPIP/Diagnostic|TcpDataTransferSpuriousTimeout||ut:TcpipDiagnosis|TCP: connection {Tcb}: Spurious timeout with SndUna = {SndUna}.
Microsoft-Windows-TCPIP|Information|1077|0|Microsoft-Windows-TCPIP/Diagnostic|TcpDataTransferRetransmitRound||ut:TcpipDiagnosis|TCP: connection {Tcb}: Send Retransmit round with SndUna = {SeqNo}, Round = {Round}, SRTT = {SRTT}, RTO = {Tcb}0.
Microsoft-Windows-TCPIP|Information|1078|0|Microsoft-Windows-TCPIP/Diagnostic|TcpLossRecoveryEntry||ut:TcpipDiagnosis|TCP: connection {Tcb}: Entered loss recovery phase with SndUna = {SndUna} and SndMax = {SndMax}.
Microsoft-Windows-TCPIP|Information|1079|0|Microsoft-Windows-TCPIP/Diagnostic|TcpLossRecoveryExit||ut:TcpipDiagnosis|TCP: connection {Tcb}: Leaving loss recovery phase with SndUna = {SndUna} and SndMax = {SndMax}.
Microsoft-Windows-TCPIP|Information|1080|0|Microsoft-Windows-TCPIP/Diagnostic|TcpLossRecoverySackEntry||ut:TcpipDiagnosis|TCP: connection {Tcb} entering SACK mode with SndUna = {SndUna}.
Microsoft-Windows-TCPIP|Information|1081|0|Microsoft-Windows-TCPIP/Diagnostic|TcpLossRecoverySackExit||ut:TcpipDiagnosis|TCP: connection {Tcb} leaving SACK mode with SndUna = {SndUna}.
Microsoft-Windows-TCPIP|Information|1082|0|Microsoft-Windows-TCPIP/Diagnostic|TcpSlowStartToCongestionAvoidance||ut:TcpipDiagnosis|TCP: connection {Tcb} entering Congestion Avoidance Phase with cwnd = {Cwnd} and ssthresh = {SSThresh}.
Microsoft-Windows-TCPIP|Information|1084|0|Microsoft-Windows-TCPIP/Diagnostic|TcpBlackHoleDetectionEntry||ut:TcpipDiagnosis|TCP: connection {Tcb} entered BH, BH MSS {BHMSS}, original MSS {OriginalMSS}.
Microsoft-Windows-TCPIP|Information|1085|0|Microsoft-Windows-TCPIP/Diagnostic|TcpBlackHoleDetectionExit||ut:TcpipDiagnosis|TCP: connection {Tcb} Exiting BH due to {TraceString}, BH mss {BHMSS}, Original MSS {OriginalMSS}.
Microsoft-Windows-TCPIP|Information|1086|0|Microsoft-Windows-TCPIP/Diagnostic|TcpBlackHoleDetectionFailed||ut:TcpipDiagnosis|TCP: connection {Tcb} not entering BH due to {TraceString}.
Microsoft-Windows-TCPIP|Information|1087|0|Microsoft-Windows-TCPIP/Diagnostic|TcpSpuriousRtoDetectionBegin||ut:TcpipDiagnosis|TCP: connection {Tcb} spurious RTO detection initiated at {SndUna}.
Microsoft-Windows-TCPIP|Information|1088|0|Microsoft-Windows-TCPIP/Diagnostic|TcpSpuriousRtoDetectionEnd||ut:TcpipDiagnosis|TCP: connection {Tcb} spurious RTO detection terminated at {SndUna}.
Microsoft-Windows-TCPIP|Information|1089|0|Microsoft-Windows-TCPIP/Diagnostic|TcpConnectTcbFailedActiveConnect||ut:TcpipTcb ut:TcpipDiagnosis ut:Endpoint|TCP: active connect failed (family={Status}) connect-complete inspection failed: status = {AddressFamily}.
Microsoft-Windows-TCPIP|Verbose|1090|0|Microsoft-Windows-TCPIP/Diagnostic|TcpReleaseIndication|||TCP: TcpReleaseIndicationList: Nbl = {NBL}.
Microsoft-Windows-TCPIP|Information|1091|0|Microsoft-Windows-TCPIP/Diagnostic|TcpAppSendBufferSize|||TCP: connection {Tcb} posted an average of {NumBytes} bytes per send.
Microsoft-Windows-TCPIP|Verbose|1092|0|Microsoft-Windows-TCPIP/Diagnostic|TcpAutoTuningBegin|||TCP: connection (local={LocalAddress} remote={RemoteAddress}) starting receive window auto-tuning.
Microsoft-Windows-TCPIP|Verbose|1093|0|Microsoft-Windows-TCPIP/Diagnostic|TcpAutoTuningEnd|||TCP: connection (local={LocalAddress} remote={RemoteAddress}) ending receive window auto-tuning.
Microsoft-Windows-TCPIP|Information|1094|0|Microsoft-Windows-TCPIP/Diagnostic|TcpAutoTuningFailedRttEstimation||ut:TcpipDiagnosis|TCP: connection (local={LocalAddress} remote={RemoteAddress}) failed to enter auto-tuning because fine-grained RTT estimation could not be started.
Microsoft-Windows-TCPIP|Information|1095|0|Microsoft-Windows-TCPIP/Diagnostic|TcpAutoTuningFailedBandwidthEstimation||ut:TcpipDiagnosis|TCP: connection (local={LocalAddress} remote={RemoteAddress}) failed to enter auto-tuning because receiver bandwidth estimation could not be started.
Microsoft-Windows-TCPIP|Information|1096|0|Microsoft-Windows-TCPIP/Diagnostic|TcpAutoTuningFailedAllocationFailure||ut:TcpipDiagnosis|TCP: connection (local={LocalAddress} remote={RemoteAddress}) failed to enter auto-tuning because of receive window tuning allocation failure.
Microsoft-Windows-TCPIP|Information|1097|0|Microsoft-Windows-TCPIP/Diagnostic|TcpAutoTuningChangeRcvBufferSize|||TCP: connection (local={LocalAddress} remote={RemoteAddress}) auto-tuner adjusted receive buffer size to {BufferSize} bytes.
Microsoft-Windows-TCPIP|Information|1098|0|Microsoft-Windows-TCPIP/Diagnostic|TcpRttResiliencyDetection|||TCP: connection {Tcb}: Rtt resiliency detection complete with Rtt sample = {RttSample} and new SRTT = {SRTT}.
Microsoft-Windows-TCPIP|Information|1099|0|Microsoft-Windows-TCPIP/Diagnostic|TcpConnectionOffloadStateChange||ut:TcpipTcb ut:TcpipDiagnosis ut:Endpoint|TCP: connection {Tcb}: Connection State = {TcbState}, Offload State = {OcbState}. SndNxt = {SndNxt}, RcvNxt = {RcvNxt}. NdisStatus = {Status}.
Microsoft-Windows-TCPIP|Information|1100|0|Microsoft-Windows-TCPIP/Diagnostic|TcpSwsAvoidanceBegin||ut:TcpipDiagnosis|TCP: SWS avoidance began on connection {Tcb}. Timer set for {TimerValue} ms. BytesToSend = {BytesToSend}, SendAvailable = {SendAvailable}, Cwnd = {Cwnd}, MaxSndWnd = {MaxSndWnd}.
Microsoft-Windows-TCPIP|Verbose|1101|0|Microsoft-Windows-TCPIP/Diagnostic|TcpSwsAvoidanceEnd||ut:TcpipDiagnosis|TCP: SWS avoidance ended on connection {Tcb}.
Microsoft-Windows-TCPIP|Information|1102|0|Microsoft-Windows-TCPIP/Diagnostic|TcpZeroWindowProbingBegin||ut:TcpipDiagnosis|TCP: connection {Tcb} send: Beginning zero-window probing with SndUna = {SndUna}.
Microsoft-Windows-TCPIP|Information|1103|0|Microsoft-Windows-TCPIP/Diagnostic|TcpZeroWindowProbingEnd||ut:TcpipDiagnosis|TCP: connection {Tcb} send: Leaving zero-window probing with SndUna = {SndUna}.
Microsoft-Windows-TCPIP|Information|1104|0|Microsoft-Windows-TCPIP/Diagnostic|TcpSetTcpOption||ut:TcpipTcb ut:Endpoint|TCP: Option {OptionType} is going to be set for connection {Tcb}.
Microsoft-Windows-TCPIP|Information|1105|0|Microsoft-Windows-TCPIP/Diagnostic|TcpSetTcpSoOption||ut:TcpipTcb ut:Endpoint|TCP: Socket Option {SoOptionType} is going to be set for connection {Tcb}.
Microsoft-Windows-TCPIP|Information|1106|0|Microsoft-Windows-TCPIP/Diagnostic|TcpMediaDisconnect||ut:TcpipInterface ut:TcpipDiagnosis ut:TcpipCsDiag|IP: Disconnecting interface {InterfaceIndex}, trace = {TraceString}.
Microsoft-Windows-TCPIP|Information|1106|1|Microsoft-Windows-TCPIP/Diagnostic|TcpMediaDisconnect||ut:TcpipInterface ut:TcpipDiagnosis ut:TcpipCsDiag|IP: Interface media disconnect. Interface = {InterfaceIndex}, Compartment = {CompartmentId}, Protocol = {TraceString}.
Microsoft-Windows-TCPIP|Information|1107|0|Microsoft-Windows-TCPIP/Diagnostic|TcpModuleStarted|||TCPIP: Module {ModuleNameString} started.
Microsoft-Windows-TCPIP|Information|1108|0|Microsoft-Windows-TCPIP/Diagnostic|TcpModuleStopped|||TCPIP: Module {ModuleNameString} stopped.
Microsoft-Windows-TCPIP|Error|1109|0|Microsoft-Windows-TCPIP/Diagnostic|TcpMemoryFailures||ut:TcpipDiagnosis|TCPIP: Failure allocating {AllocationObjectString}.
Microsoft-Windows-TCPIP|Information|1110|0|Microsoft-Windows-TCPIP/Diagnostic|TcpGlobalParameters||ut:TcpipDiagnosis|TCP: Global parameters updated for Address Family {AddressFamily}: EnablePMtuDiscovery = {EnablePMTUDiscovery}, UseRfc1122UrgentPointer = {TcpUseRFC1122UrgentPointer}, DisableTaskOffload = {DisableTaskOffload}, DisableTcpChimneyOffload = {EnablePMTUBHDetect}, DisableRss = {DisableTcpChimneyOffload}, EnablePMtuBHDetect = {DisableRss}, EcnCapability = {EcnCapability}, MaxDataRetransmissions = {TcpMaxDataRetransmissions}, KeepAliveTime = {AddressFamily}0, KeepAliveInterval = {AddressFamily}1, TimedWaitDelay = {AddressFamily}2, SillyWindowTimeout = {AddressFamily}3, FinWait2Timeout = {AddressFamily}4, CongestionAlgorithm = {AddressFamily}5, UseRfc1323Timestamps = {AddressFamily}6, AutoTuningLevelLocal = {AddressFamily}7, AutoTuningLevelGroupPolicy = {AddressFamily}8.
Microsoft-Windows-TCPIP|Verbose|1111|0|Microsoft-Windows-TCPIP/Diagnostic|TcpLso|||TCP: Connection {Tcb} Large Send Offload, Bytes in segment = {BytesInSegment} and Bytes remaining = {BytesRemaining}.
Microsoft-Windows-TCPIP|Information|1112|0|Microsoft-Windows-TCPIP/Diagnostic|TcpConnectionOffloadStatus||ut:TcpipTcb|TCP: Connection {Tcb} status changed to {Status}.
Microsoft-Windows-TCPIP|Verbose|1113|0|Microsoft-Windows-TCPIP/Diagnostic|TcpConnectionOffloadPmax||ut:TcpipTcb|TCP: Connection {Tcb} status = {Status}, Interface = {Interface}, PMax = {PMax}.
Microsoft-Windows-TCPIP|Information|1114|0|Microsoft-Windows-TCPIP/Diagnostic|IpDadSuccessful||ut:TcpipCsDiag|IP: DAD successful for IP address = {IPv4 Address} {IPProtocol} {IPv6 Address} on interface = {Interface}, protocol = {Protocol}.
Microsoft-Windows-TCPIP|Information|1114|1|Microsoft-Windows-TCPIP/Diagnostic|IpDadSuccessful||ut:TcpipCsDiag|IP: Address DAD successful. Address = {IPv4 Address} {IPProtocol} {IPv6 Address}, Interface = {Interface}, Compartment = {Interface}0, Protocol = {Protocol}.
Microsoft-Windows-TCPIP|Warning|1115|0|Microsoft-Windows-TCPIP/Diagnostic|IpDadFailed||ut:TcpipCsDiag|IP: DAD failed for IP address = {IPv4 Address} {IPProtocol} {IPv6 Address} on interface = {Interface}, protocol = {Protocol}, DL address of packet = {DLAddress}.
Microsoft-Windows-TCPIP|Warning|1115|1|Microsoft-Windows-TCPIP/Diagnostic|IpDadFailed||ut:TcpipCsDiag|IP: Address DAD failed. Address = {IPv4 Address} {IPProtocol} {IPv6 Address}, Interface = {Interface}, Compartment = {Interface}0, Protocol = {Protocol}, DL address of packet = {DLAddress}.
Microsoft-Windows-TCPIP|Information|1116|0|Microsoft-Windows-TCPIP/Diagnostic|IpDadStarted|||IP: DAD started for IP address = {IPv4 Address} {IPProtocol} {IPv6 Address} on interface = {Interface}, protocol = {Protocol}.
Microsoft-Windows-TCPIP|Information|1116|1|Microsoft-Windows-TCPIP/Diagnostic|IpDadStarted|||IP: Address DAD started. Address = {IPv4 Address} {IPProtocol} {IPv6 Address}, Interface = {Interface}, Compartment = {Interface}0, Protocol = {Protocol}.
Microsoft-Windows-TCPIP|Information|1117|0|Microsoft-Windows-TCPIP/Diagnostic|TcpListenerActivationFailedAf||ut:TcpipListener|TCP: listener (sockaddr={SocketAddress} PID={ProcessId}) activation failed: address family not attached.
Microsoft-Windows-TCPIP|Information|1117|1|Microsoft-Windows-TCPIP/Diagnostic|TcpListenerActivationFailedAf||ut:TcpipListener|TCP: listener (sockaddr={SocketAddress} PID={ProcessId}) activation failed: address family not attached.
Microsoft-Windows-TCPIP|Information|1118|0|Microsoft-Windows-TCPIP/Diagnostic|TcpListenerActivationFailedCompartment||ut:TcpipListener|TCP: listener {Listener} (family={AddressFamily} PID={ProcessId}) activation failed: compartment {CompartmentId} not found. Status={Status}.
Microsoft-Windows-TCPIP|Information|1118|1|Microsoft-Windows-TCPIP/Diagnostic|TcpListenerActivationFailedCompartment||ut:TcpipListener|TCP: listener {Listener} (family={AddressFamily} PID={ProcessId}) activation failed: compartment {CompartmentId} not found. Status={Status}.
Microsoft-Windows-TCPIP|Information|1119|0|Microsoft-Windows-TCPIP/Diagnostic|TcpListenerActivationFailedInspection1||ut:TcpipListener|TCP: listener {Listener} (family={AddressFamily} PID={ProcessId}) activation failed: inspection status={Status}.
Microsoft-Windows-TCPIP|Information|1119|1|Microsoft-Windows-TCPIP/Diagnostic|TcpListenerActivationFailedInspection1||ut:TcpipListener|TCP: listener {Listener} (family={AddressFamily} PID={ProcessId}) activation failed: inspection status={Status}.
Microsoft-Windows-TCPIP|Information|1120|0|Microsoft-Windows-TCPIP/Diagnostic|TcpListenerActivationFailedInspection2||ut:TcpipListener|TCP: listener {Listener} (sockaddr={SocketAddress}) activation failed: inspection status={Status}.
Microsoft-Windows-TCPIP|Information|1120|1|Microsoft-Windows-TCPIP/Diagnostic|TcpListenerActivationFailedInspection2||ut:TcpipListener|TCP: listener {Listener} (sockaddr={SocketAddress}) activation failed: inspection status={Status}.
Microsoft-Windows-TCPIP|Information|1121|0|Microsoft-Windows-TCPIP/Diagnostic|TcpListenerBindFailedResolution||ut:TcpipListener|TCP: listener {Listener} (sockaddr={SocketAddress}) bind failed: port-acquisition status={Status}.
Microsoft-Windows-TCPIP|Information|1121|1|Microsoft-Windows-TCPIP/Diagnostic|TcpListenerBindFailedResolution||ut:TcpipListener|TCP: listener {Listener} (sockaddr={SocketAddress}) bind failed: port-acquisition status={Status}.
Microsoft-Windows-TCPIP|Information|1122|0|Microsoft-Windows-TCPIP/Diagnostic|TcpListenerBindFailedPort||ut:TcpipListener|TCP: listener {Listener} (family={AddressFamily} PID={ProcessId}) bind failed: address {SocketAddress} cannot be resolved (Status={Status}).
Microsoft-Windows-TCPIP|Information|1122|1|Microsoft-Windows-TCPIP/Diagnostic|TcpListenerBindFailedPort||ut:TcpipListener|TCP: listener {Listener} (family={AddressFamily} PID={ProcessId}) bind failed: address {SocketAddress} cannot be resolved (Status={Status}).
Microsoft-Windows-TCPIP|Information|1123|0|Microsoft-Windows-TCPIP/Diagnostic|TcpListenerActivated||ut:TcpipListener|TCP: listener {Listener} (sockaddr={SocketAddress}) activated.
Microsoft-Windows-TCPIP|Information|1123|1|Microsoft-Windows-TCPIP/Diagnostic|TcpListenerActivated||ut:TcpipListener|TCP: listener {Listener} (sockaddr={SocketAddress}) activated.
Microsoft-Windows-TCPIP|Information|1124|0|Microsoft-Windows-TCPIP/Diagnostic|TcpListenerUnbound||ut:TcpipListener|TCP: listener {Listener} (sockaddr={SocketAddress}) unbound.
Microsoft-Windows-TCPIP|Information|1124|1|Microsoft-Windows-TCPIP/Diagnostic|TcpListenerUnbound||ut:TcpipListener|TCP: listener {Listener} (sockaddr={SocketAddress}) unbound.
Microsoft-Windows-TCPIP|Information|1127|0|Microsoft-Windows-TCPIP/Diagnostic|IpAddressAdded||ut:TcpipDiagnosis ut:TcpipCsDiag|IP: IP address = {IPv4 Address} {IPProtocol} {IPv6 Address} added on interface = {Interface}, Protocol = {Protocol}.
Microsoft-Windows-TCPIP|Information|1127|1|Microsoft-Windows-TCPIP/Diagnostic|IpAddressAdded||ut:TcpipDiagnosis ut:TcpipCsDiag|IP: Address addition. Address = {IPv4 Address} {IPProtocol} {IPv6 Address}, Interface = {Interface}, Compartment = {Interface}0, Protocol = {Protocol}.
Microsoft-Windows-TCPIP|Information|1128|0|Microsoft-Windows-TCPIP/Diagnostic|IpAddressDeleted||ut:TcpipDiagnosis|IP: IP address = {IPv4 Address} {IPProtocol} {IPv6 Address} deleted on interface = {Interface}, Protocol = {Protocol}.
Microsoft-Windows-TCPIP|Information|1128|1|Microsoft-Windows-TCPIP/Diagnostic|IpAddressDeleted||ut:TcpipDiagnosis|IP: Address deletion. Address = {IPv4 Address} {IPProtocol} {IPv6 Address}, Interface = {Interface}, Compartment = {Interface}0, Protocol = {Protocol}.
Microsoft-Windows-TCPIP|Information|1130|0|Microsoft-Windows-TCPIP/Diagnostic|FramingIfOperStatus||ut:TcpipInterface|Framing: Interface {Interface} Operational Status = {OperationalStatus}, Operational Status Flags = {Status}.
Microsoft-Windows-TCPIP|Information|1130|1|Microsoft-Windows-TCPIP/Diagnostic|FramingIfOperStatus||ut:TcpipInterface|Framing: Interface operation status change. Interface = {Interface}, Compartment = {CompartmentId}, Operational Status = {OperationalStatus}, Operational Status Flags = {Status}.
Microsoft-Windows-TCPIP|Information|1136|0|Microsoft-Windows-TCPIP/Diagnostic|FramingNdisPause||ut:TcpipInterface|Framing: NDIS pause event on interface {InterfaceIndex}.
Microsoft-Windows-TCPIP|Information|1136|1|Microsoft-Windows-TCPIP/Diagnostic|FramingNdisPause||ut:TcpipInterface|Framing: NDIS pause event. Interface = {InterfaceIndex}, Compartment = {CompartmentId}.
Microsoft-Windows-TCPIP|Information|1137|0|Microsoft-Windows-TCPIP/Diagnostic|FramingNdisRestart||ut:TcpipInterface|Framing: NDIS restart event on interface {InterfaceIndex}.
Microsoft-Windows-TCPIP|Information|1137|1|Microsoft-Windows-TCPIP/Diagnostic|FramingNdisRestart||ut:TcpipInterface|Framing: NDIS restart event. Interface = {InterfaceIndex}, Compartment = {CompartmentId}.
Microsoft-Windows-TCPIP|Information|1138|0|Microsoft-Windows-TCPIP/Diagnostic|IpAddressStatePreferred|||IP: IP address = {IPv4 Address} {IPProtocol} {IPv6 Address} state changed to Preferred. Interface = {Interface}.
Microsoft-Windows-TCPIP|Information|1139|0|Microsoft-Windows-TCPIP/Diagnostic|IpAddressStateNonPreferred|||IP: IP address = {IPv4 Address} {IPProtocol} {IPv6 Address} state changed to Non-preferred. Interface = {Interface}. DadState = {DadState}.
Microsoft-Windows-TCPIP|Information|1144|0|Microsoft-Windows-TCPIP/Diagnostic|IpInterfacePropertyChange||ut:TcpipInterface|IP: Interface {Interface} property change. Advertise= {Advertise}, AdvertiseDefaultRoute = {AdvertiseDefaultRoute}, Forward = {Forward}, ForwardMulticast = {ForwardMulticast}, UseNud = {UseNud}, AdvertisingEnabled = {AdvertisingEnabled}.
Microsoft-Windows-TCPIP|Information|1144|1|Microsoft-Windows-TCPIP/Diagnostic|IpInterfacePropertyChange||ut:TcpipInterface|IP: Interface property change. Interface = {Interface}, Compartment = {Interface}0, Protocol = {Interface}1, Advertise = {Advertise}, AdvertiseDefaultRoute = {AdvertiseDefaultRoute}, Forward = {Forward}, ForwardMulticast = {ForwardMulticast}, UseNud = {UseNud}, AdvertisingEnabled = {AdvertisingEnabled}, WeakHostSend = {WeakHostSend}, WeakHostReceive = {WeakHostReceive}.
Microsoft-Windows-TCPIP|Information|1145|0|Microsoft-Windows-TCPIP/Diagnostic|IpRouteCreated||ut:TcpipRoute ut:TcpipDiagnosis|IP: Route {Route} created on interface {Interface}. Protocol = {Protocol}, DestinationPrefix = {Route}6 {Route}8 {DestinationPrefix} /{DestinationPrefixLength}, Nexthop = {Route}7 {Route}8 {NextHopAddress}.
Microsoft-Windows-TCPIP|Information|1146|0|Microsoft-Windows-TCPIP/Diagnostic|IpRouteDeleted||ut:TcpipRoute ut:TcpipDiagnosis|IP: Route {Route} deleted on interface {Interface}, Protocol = {Protocol}, DestinationPrefix = {Route}6 {Route}8 {DestinationPrefix} /{DestinationPrefixLength}, Nexthop = {Route}7 {Route}8 {NextHopAddress}.
Microsoft-Windows-TCPIP|Information|1147|0|Microsoft-Windows-TCPIP/Diagnostic|IpRoutePropertyChange||ut:TcpipRoute ut:TcpipDiagnosis|IP: Route {Route} property change. Interface = {Interface}, Protocol = {Protocol}, DestinationPrefix = {Route}6 {Route}8 {DestinationPrefix} /{DestinationPrefixLength}, Nexthop = {Route}7 {Route}8 {NextHopAddress}. Properties: ValidLifetime = {ValidLifetime}, PreferredLifetime = {Route}0, Metric = {Route}1, Loopback = {Route}2, AutoconfigureAddress = {Route}3, Publish = {Route}4, Immortal = {Route}5.
Microsoft-Windows-TCPIP|Verbose|1148|0|Microsoft-Windows-TCPIP/Diagnostic|IpNeighborUnreachable||ut:TcpipRoute ut:TcpipDiagnosis|IP: Neighbor unreachable. Interface {Interface}, IP address = {IPv4 Address} {IPProtocol} {IPv6 Address}.
Microsoft-Windows-TCPIP|Verbose|1149|0|Microsoft-Windows-TCPIP/Diagnostic|IpNeighborReachable||ut:TcpipRoute|IP: Neighbor reachable. Interface {Interface}, IP address = {IPv4 Address} {IPProtocol} {IPv6 Address}, DlAddress = {DlAddress}.
Microsoft-Windows-TCPIP|Information|1150|0|Microsoft-Windows-TCPIP/Diagnostic|TcpCtcpDataTransferTimeout||ut:TcpipDiagnosis|TCP: CTCP DataTransferTimeout event. Connection {Tcb}, CWnd = {Cwnd}, SsThresh = {SSThresh}.
Microsoft-Windows-TCPIP|Information|1151|0|Microsoft-Windows-TCPIP/Diagnostic|TcpCtcpDataTransferCumAck|||TCP: CTCP Cumulative Ack event Connection {Tcb}, sequence = {SeqNo}, CWnd = {Cwnd}, DWnd = {Tcb}1, BaseRtt = {Tcb}2.
Microsoft-Windows-TCPIP|Information|1152|0|Microsoft-Windows-TCPIP/Diagnostic|TcpCtcpDataTransferDupAck|||TCP: CTCP Duplicate Ack event. Connection {Tcb}, sequence = {SeqNo}, SndUna = {SndUna}, CWnd = {Cwnd}, DWnd = {Tcb}1, BaseRtt = {Tcb}2, DupAckCount = {Tcb}3.
Microsoft-Windows-TCPIP|Verbose|1153|0|Microsoft-Windows-TCPIP/Diagnostic|TcpCtcpDataTransferSend|||TCP: CTCP Send event. Connection {Tcb}, sequence = {SeqNo}, length = {NumBytes}.
Microsoft-Windows-TCPIP|Information|1154|0|Microsoft-Windows-TCPIP/Diagnostic|TcpCtcpDataTransferEcn|||TCP: CTCP ECN event. Connection {Tcb}, CWnd {Cwnd}, SndUna = {SndUna}, Mss = {Mss}, DWnd = {DWnd}, BaseRtt = {BaseRtt}.
Microsoft-Windows-TCPIP|Verbose|1155|0|Microsoft-Windows-TCPIP/Diagnostic|TcpCtcpDataTransferSpuriousTimeout||ut:TcpipDiagnosis|TCP: CTCP Spurious timeout event. Connection {Tcb}, CWnd = {Cwnd}, SsThresh = {SSThresh}.
Microsoft-Windows-TCPIP|Information|1156|0|Microsoft-Windows-TCPIP/Diagnostic|TcpReceiveRequest|||TCP: connection {Tcb}, delivery {Delivery}, Request {Request}  posted for {NumBytes} bytes, flags = {RequestFlags}. RcvNxt = {Tcb}0.
Microsoft-Windows-TCPIP|Information|1157|0|Microsoft-Windows-TCPIP/Diagnostic|TcpDeliveryIndicated|||TCP: connection {Tcb} delivery {Delivery} indicated {NumBytes} bytes accepted {Length} bytes, status = {RequestStatus}. RcvNxt = {Tcb}0.
Microsoft-Windows-TCPIP|Information|1158|0|Microsoft-Windows-TCPIP/Diagnostic|TcpDeliverySatisfied|||TCP: connection {Tcb} delivery {Delivery} satisfied {NumBytes} bytes {Length} requested. IsFullySatisfied = {FullySatisfiedORDelayedPush}. RcvNxt = {Tcb}0.
Microsoft-Windows-TCPIP|Information|1159|0|Microsoft-Windows-TCPIP/Diagnostic|TcpSendPosted|||TCP: connection {Tcb} send {Injected} {NumBytes} bytes at {SndNxt}.
Microsoft-Windows-TCPIP|Verbose|1160|0|Microsoft-Windows-TCPIP/Diagnostic|TcpSendTransmitted|||TCP: connection {Tcb} send transmitted {NumBytes} bytes at {SndNxt}.
Microsoft-Windows-TCPIP|Verbose|1161|0|Microsoft-Windows-TCPIP/Diagnostic|TcpSendAdvance|||TCP: connection {Tcb} send advance {NumBytes} bytes at {SndNxt}.
Microsoft-Windows-TCPIP|Verbose|1162|0|Microsoft-Windows-TCPIP/Diagnostic|TcpCTcpDelayWndwInactive||ut:TcpipCtcp|TCP: CTcp: Connection {Tcb} Delay window has not kicked in.
Microsoft-Windows-TCPIP|Verbose|1163|0|Microsoft-Windows-TCPIP/Diagnostic|TcpCTcpAssignedBlocks||ut:TcpipCtcp|TCP: CTcp: Allocated blocks: {AssignedBlocks}; Assigned blocks: {AllocatedBlocks}.
Microsoft-Windows-TCPIP|Verbose|1164|0|Microsoft-Windows-TCPIP/Diagnostic|TcpCTcpCongestionWndw||ut:TcpipCtcp|TCP: CTcp: Connection {Tcb}, DWnd = {DWnd} (Prev = {PrevDWnd}), BaseRtt = {BaseRtt}, AverageRtt = {AvgRtt}, CWnd ={Cwnd}, DiffWnd = {DiffWnd}, DWnd increment = {DwndIncrement}.
Microsoft-Windows-TCPIP|Verbose|1165|0|Microsoft-Windows-TCPIP/Diagnostic|TcpCTcpGamma||ut:TcpipCtcp|TCP: CTcp: Gamma Autotuning: Connection {Tcb} Updated Gamma {Gamma}, Average backlog {AverageBacklog}, Average backlog across LFPs {AverageBacklogAcrossLFP}.
Microsoft-Windows-TCPIP|Verbose|1166|0|Microsoft-Windows-TCPIP/Diagnostic|TcpSrttMeasurementStarted|||TCP: connection {Tcb} SRTT measurement started (seq = {SeqNum}, tick = {Tick}).
Microsoft-Windows-TCPIP|Information|1167|0|Microsoft-Windows-TCPIP/Diagnostic|TcpSrttMeasurementComplete|||TCP: connection {Tcb} SRTT measurement complete (tick = {Tick}, sample = {RttSample} ms, new srtt = {NewSrtt} ms).
Microsoft-Windows-TCPIP|Verbose|1168|0|Microsoft-Windows-TCPIP/Diagnostic|TcpSrttMeasurementCancelled|||TCP: connection {Tcb}: SRTT measurement cancelled.
Microsoft-Windows-TCPIP|Information|1169|0|Microsoft-Windows-TCPIP/Diagnostic|UdpEndpointSendMessages|||UDP: endpoint {Endpoint} (LocalAddress = {LocalSockAddr}, RemoteAddress = {RemoteSockAddr}) sending {NumMessages} messages and a total of {NumBytes} bytes. PID = {Pid}.
Microsoft-Windows-TCPIP|Information|1170|0|Microsoft-Windows-TCPIP/Diagnostic|UdpEndpointReceiveMessages|||UDP: endpoint {Endpoint} (LocalAddress = {LocalSockAddr}, RemoteAddress = {RemoteSockAddr}) delivering {NumBytes} bytes. PID = {Pid}.
Microsoft-Windows-TCPIP|Verbose|1171|0|Microsoft-Windows-TCPIP/Diagnostic|TcpDeliveryFlush|||TCP: connection {Tcb} delivery {Delivery} flushing {NumBytes} bytes {Length} requested status = {RequestStatus}.
Microsoft-Windows-TCPIP|Warning|1172|0|Microsoft-Windows-TCPIP/Diagnostic|TcpTcbInjectRcvFailure|||TCP: Injecting receive on a shutdown TCB failed. TCB = {Tcb}.
Microsoft-Windows-TCPIP|Verbose|1173|0|Microsoft-Windows-TCPIP/Diagnostic|TcpDeliveryInjectingData|||TCP: connection {Tcb} delivery {Delivery} injecting {NumBytes} bytes delta {Length}, IsUrgentDelivery = {IsUrgentDelivery}.
Microsoft-Windows-TCPIP|Warning|1174|0|Microsoft-Windows-TCPIP/Diagnostic|TcpTcbInjectFinFailure|||TCP: Injecting fin on a shutdown TCB failed. TCB = {Tcb}.
Microsoft-Windows-TCPIP|Verbose|1175|0|Microsoft-Windows-TCPIP/Diagnostic|TcpDeliveryAccept|||TCP: connection {Tcb} delivery {Delivery} accepting {NumBytes} bytes. RcvNxt = {Tcb}0.
Microsoft-Windows-TCPIP|Information|1176|0|Microsoft-Windows-TCPIP/Diagnostic|TcpDeliveryFin|||TCP: connection {Tcb} delivery {Delivery} delivering FIN. RcvNxt = {Tcb}0.
Microsoft-Windows-TCPIP|Verbose|1178|0|Microsoft-Windows-TCPIP/Diagnostic|TcpDeliveryPush|||TCP: connection {Tcb} delivery {Delivery} pushing {NumBytes} bytes {Length} requested. Delayed push = {FullySatisfiedORDelayedPush}.
Microsoft-Windows-TCPIP|Verbose|1180|0|Microsoft-Windows-TCPIP/Diagnostic|TcpTcbInjectFinComplete|||TCP: Injecting fin on TCB completed. TCB = {Tcb}, Processor = {NumBytes}.
Microsoft-Windows-TCPIP|Verbose|1181|0|Microsoft-Windows-TCPIP/Diagnostic|TcpDeliveryCompleting|||TCP: connection {Tcb} delivery {Delivery} urgent boundary completing {NumBytes} bytes {Length} requested.
Microsoft-Windows-TCPIP|Information|1182|0|Microsoft-Windows-TCPIP/Diagnostic|TcpInitiateSynRstValidation||ut:TcpipDiagnosis|TCP: connection {Tcb} (local={LocalAddress} remote={RemoteAddress}): initiating SYN/RST validation.
Microsoft-Windows-TCPIP|Information|1183|0|Microsoft-Windows-TCPIP/Diagnostic|TcpConnectTcbFailedRcvdRst||ut:TcpipDiagnosis|TCP: connection {Tcb} (local={LocalAddress} remote={RemoteAddress}) connect failed: received RST.
Microsoft-Windows-TCPIP|Information|1184|0|Microsoft-Windows-TCPIP/Diagnostic|TcpConnectionTerminatedRcvdRst||ut:TcpipDiagnosis|TCP: connection {Tcb} (local={LocalAddress} remote={RemoteAddress}) connection terminated: received RST.
Microsoft-Windows-TCPIP|Information|1185|0|Microsoft-Windows-TCPIP/Diagnostic|TcpConnectionTerminatedRcvdSyn||ut:TcpipDiagnosis|TCP: connection {Tcb} (local={LocalAddress} remote={RemoteAddress}) connection terminated: received SYN in state {NewState}.
Microsoft-Windows-TCPIP|Information|1186|0|Microsoft-Windows-TCPIP/Diagnostic|TcpConnectRestransmit||ut:TcpipDiagnosis|TCP: connection {Tcb} (local={LocalAddress} remote={RemoteAddress}) retransmitting connect attempt, RexmitCount = {RexmitCount}.
Microsoft-Windows-TCPIP|Information|1187|0|Microsoft-Windows-TCPIP/Diagnostic|TcpDataTransferRestransmit||ut:TcpipDiagnosis|TCP: connection {Tcb} (local={LocalAddress} remote={RemoteAddress}) retransmitting data, RexmitCount = {RexmitCount}.
Microsoft-Windows-TCPIP|Information|1188|0|Microsoft-Windows-TCPIP/Diagnostic|TcpConnectionKeepAlive||ut:TcpipDiagnosis|TCP: connection {Tcb} send keep-alive at SndUna = {SndUna}.
Microsoft-Windows-TCPIP|Verbose|1189|0|Microsoft-Windows-TCPIP/Diagnostic|TcpDeliveryStateChange|||TCP: connection {Tcb}, delivery {Delivery}: delivery state changed from {OldDeliveryState} to {NewDeliveryState}.
Microsoft-Windows-TCPIP|Information|1190|0|Microsoft-Windows-TCPIP/Diagnostic|TcpDeliveryDataDropped||ut:TcpipDiagnosis|TCP: connection {Tcb} delivery {Delivery} dropping data. TotalBytesEnqueued = {NumBytes}. Length = {Length}. RcvNxt = {Tcb}0.
Microsoft-Windows-TCPIP|Information|1191|0|Microsoft-Windows-TCPIP/Diagnostic|TcpAcquirePort|||TCP: endpoint/connection {PortAcquirer} acquired port number {PortNumber}.
Microsoft-Windows-TCPIP|Information|1192|0|Microsoft-Windows-TCPIP/Diagnostic|TcpAcquireWeakRefPort|||TCP: connection {PortAcquirer} attempted to acquire weak reference on port number {PortNumber} inherited from endpoint {OriginalAcquirer}. Successful = {WeakReference}.
Microsoft-Windows-TCPIP|Information|1193|0|Microsoft-Windows-TCPIP/Diagnostic|TcpReleasePort|||TCP: endpoint/connection {PortAcquirer} released port number {PortNumber}. WeakReference = {WeakReference}.
Microsoft-Windows-TCPIP|Information|1194|0|Microsoft-Windows-TCPIP/Diagnostic|TcpReplacePort|||TCP: endpoint/connection {PortAcquirer} replaced base endpoint {OriginalAcquirer} and acquired reference to port number {PortNumber}.
Microsoft-Windows-TCPIP|Information|1195|0|Microsoft-Windows-TCPIP/Diagnostic|TcpAssignedWeakReferencePort||ut:TcpipDiagnosis|TCP: Portpool assigned port number {PortNumber} with weak references due to port exhaustion.
Microsoft-Windows-TCPIP|Information|1196|0|Microsoft-Windows-TCPIP/Diagnostic|TcpBhDetectFullSizeAck|||TCP: connection {Tcb} BH receive ACK for full size seq. Seq = {SndUna}. IsSack = {IsSack}.
Microsoft-Windows-TCPIP|Information|1197|0|Microsoft-Windows-TCPIP/Diagnostic|TcpFlushSack|||TCP: connection {Tcb} flushed SACK state at SndUna = {SndUna}. Reason: {Reason}.
Microsoft-Windows-TCPIP|Verbose|1198|0|Microsoft-Windows-TCPIP/Diagnostic|TcpReassemblyEntry|||TCP: Connection {Tcb} entering reassembly at RcvNxt = {SndUna}.
Microsoft-Windows-TCPIP|Verbose|1199|0|Microsoft-Windows-TCPIP/Diagnostic|TcpReassemblyExit|||TCP: Connection {Tcb} leaving reassembly at RcvNxt = {SndUna}.
Microsoft-Windows-TCPIP|Information|1200|0|Microsoft-Windows-TCPIP/Diagnostic|TcpDisconnectTcbZeroWindowTimeout||ut:TcpipTcb ut:TcpipDiagnosis ut:Endpoint|TCP: connection {Tcb} (local={LocalAddress} remote={RemoteAddress}) terminating: Zero window probe timeout expired.
Microsoft-Windows-TCPIP|Information|1200|1|Microsoft-Windows-TCPIP/Diagnostic|TcpDisconnectTcbZeroWindowTimeout||ut:TcpipTcb ut:TcpipDiagnosis ut:Endpoint|TCP: connection {Tcb} (local={LocalAddress} remote={RemoteAddress}) terminating: Zero window probe timeout expired.
Microsoft-Windows-TCPIP|Information|1201|0|Microsoft-Windows-TCPIP/Diagnostic|TcpDisconnectTcbFinWait2Timeout||ut:TcpipTcb ut:TcpipDiagnosis ut:Endpoint|TCP: connection {Tcb} (local={LocalAddress} remote={RemoteAddress}) terminating: FIN-WAIT-2 timeout expired.
Microsoft-Windows-TCPIP|Information|1201|1|Microsoft-Windows-TCPIP/Diagnostic|TcpDisconnectTcbFinWait2Timeout||ut:TcpipTcb ut:TcpipDiagnosis ut:Endpoint|TCP: connection {Tcb} (local={LocalAddress} remote={RemoteAddress}) terminating: FIN-WAIT-2 timeout expired.
Microsoft-Windows-TCPIP|Information|1202|0|Microsoft-Windows-TCPIP/Diagnostic|IpInterfaceRundown||ut:TcpipInterface ut:TcpipDiagnosis|IP: Interface rundown: Index = {IfIndex}, Linkspeed = {LinkSpeed} bps, PhysicalMediumType = {PhysicalMediumType}, IP Address = {IPv4 Address} {IPProtocol} {IPv6 Address}.
Microsoft-Windows-TCPIP|Information|1202|1|Microsoft-Windows-TCPIP/Diagnostic|IpInterfaceRundown||ut:TcpipInterface ut:TcpipDiagnosis|IP: Interface rundown: Interface = {IfIndex}, Compartment = {CompartmentId}, Linkspeed = {CurrLinkSpeed} bps, PhysicalMediumType = {PhysicalMediumType}, Address = {IPv4 Address} {IPProtocol} {IPv6 Address}.
Microsoft-Windows-TCPIP|Information|1202|2|Microsoft-Windows-TCPIP/Diagnostic|IpInterfaceRundown||ut:TcpipInterface ut:TcpipDiagnosis|IP: Interface rundown: Interface = {IfIndex}, Compartment = {CompartmentId}, Linkspeed = {CurrLinkSpeed} bps, PhysicalMediumType = {PhysicalMediumType}, NetworkCategory = {IfIndex}0, Address = {IPv4 Address} {IPProtocol} {IPv6 Address}.
Microsoft-Windows-TCPIP|Information|1202|3|Microsoft-Windows-TCPIP/Diagnostic|IpInterfaceRundown||ut:TcpipInterface ut:TcpipDiagnosis|IP: Interface rundown: Interface = {IfIndex}, Compartment = {CompartmentId}, Metric = {IfIndex}1, Connected = {IfIndex}2, Linkspeed = {CurrLinkSpeed} bps, PhysicalMediumType = {PhysicalMediumType}, NetworkCategory = {IfIndex}0, InternetConnectivityStatus = {IfIndex}3, Flags = {IfIndex}4, Address = {IPv4 Address} {IPProtocol} {IPv6 Address}.
Microsoft-Windows-TCPIP|Information|1203|0|Microsoft-Windows-TCPIP/Diagnostic|IpInterfaceSpeedChange||ut:TcpipInterface ut:TcpipDiagnosis|IP: Interface Index = {IfIndex}, Linkspeed changed to {LinkSpeed} bps, PhysicalMediumType = {PhysicalMediumType}.
Microsoft-Windows-TCPIP|Information|1203|1|Microsoft-Windows-TCPIP/Diagnostic|IpInterfaceSpeedChange||ut:TcpipInterface ut:TcpipDiagnosis|IP: Interface linkspeed change. Interface = {IfIndex}, Compartment = {CompartmentId}, OldLinkspeed = {OldLinkSpeed} bps, NewLinkspeed = {CurrLinkSpeed} bps, PhysicalMediumType = {PhysicalMediumType}.
Microsoft-Windows-TCPIP|Information|1203|2|Microsoft-Windows-TCPIP/Diagnostic|IpInterfaceSpeedChange||ut:TcpipInterface ut:TcpipDiagnosis|IP: Interface linkspeed change. Interface = {IfIndex}, Compartment = {CompartmentId}, OldLinkspeed = {OldLinkSpeed} bps, NewLinkspeed = {CurrLinkSpeed} bps, PhysicalMediumType = {PhysicalMediumType}, ReceiveLinkSpeed = {IfIndex}0 bps, MediaConnectState = {IfIndex}1.
Microsoft-Windows-TCPIP|Information|1204|0|Microsoft-Windows-TCPIP/Diagnostic|TcpReassemblyFlush||ut:TcpipDiagnosis|TCP: Connection {Tcb} flushing reassembly state at RcvNxt = {SndUna}. Reason = {Reason}.
Microsoft-Windows-TCPIP|Verbose|1205|0|Microsoft-Windows-TCPIP/Diagnostic|TcpipReceiveSlowPath|||TCPIP: NBL {Nbl} fell off the receive fast path, Reason: {Nbl}0. Protocol = {IPTransportProtocol}, Family = {AddressFamily}, Number of NBLs = {Nbl}1. SourceAddress = {Source IPv4 Address} {Nbl}2 {IPv6 Source Address}. DestAddress = {Dest IPv4 Address} {Nbl}2 {IPv6 Dest Address}.
Microsoft-Windows-TCPIP|Verbose|1206|0|Microsoft-Windows-TCPIP/Diagnostic|TcpipSendSlowPath|||TCPIP: SendDatagram {Nbl} fell off the send fast path, Reason: {Nbl}0. Protocol = {IPTransportProtocol}, Family = {AddressFamily}, Number of NBLs = {Nbl}1. SourceAddress = {Source IPv4 Address} {Nbl}2 {IPv6 Source Address}. DestAddress = {Dest IPv4 Address} {Nbl}2 {IPv6 Dest Address}.
Microsoft-Windows-TCPIP|Error|1207|0|Microsoft-Windows-TCPIP/Diagnostic|TcpWsdInitializationErrors||ut:TcpipDiagnosis|TCP: WSD - {TcpWsdEtwPoint} Status: {Status}.
Microsoft-Windows-TCPIP|Information|1208|0|Microsoft-Windows-TCPIP/Diagnostic|TcpWsdInitializationInformation||ut:TcpipDiagnosis|TCP: WSD - {TcpWsdEtwPoint} Status: {Status}.
Microsoft-Windows-TCPIP|Information|1209|0|Microsoft-Windows-TCPIP/Diagnostic|TcpWsdWsRestrictedProfile||ut:TcpipDiagnosis|TCP: WSD - TCB {Tcb} will use a highly restricted window scale factor due to a {TcpWsdEtwPoint}.
Microsoft-Windows-TCPIP|Information|1210|0|Microsoft-Windows-TCPIP/Diagnostic|TcpWsdWsRestrictedDestination||ut:TcpipDiagnosis|TCP: WSD - TCB {Tcb} will use a highly restricted window scale factor due to a {TcpWsdEtwPoint}.
Microsoft-Windows-TCPIP|Information|1211|0|Microsoft-Windows-TCPIP/Diagnostic|TcpWsdCacheEntryStateChange||ut:TcpipDiagnosis|TCP: WSD - Entry ({Processor}, {Entry}) moved from {OldState} to {NewState} due to {TcpWsdEtwPoint}.
Microsoft-Windows-TCPIP|Information|1212|0|Microsoft-Windows-TCPIP/Diagnostic|TcpWsdProfileStateChange||ut:TcpipDiagnosis|TCP: WSD - Profile: {Profile} State: {State} Qualified: {Qualified} EreQualified: {EreQualified}.
Microsoft-Windows-TCPIP|Information|1213|0|Microsoft-Windows-TCPIP/Diagnostic|TcpWsdStateChange||ut:TcpipDiagnosis|TCP: WSD - Enabled moved from {OldEnabledState} to {NewEnabledState}. Threshold moved from  {OldThreshold} to {NewThreshold}.
Microsoft-Windows-TCPIP|Information|1214|0|Microsoft-Windows-TCPIP/Diagnostic|TcpipTransportPacketDrops||ut:TcpipDiagnosis|TCPIP: Transport (Protocol {IPTransportProtocol}, AddressFamily = {AddressFamily}) dropped {PacketCount} packet(s) with Local = {LocalSockAddr}, Remote = {RemoteSockAddr}. Reason = {Reason}.
Microsoft-Windows-TCPIP|Information|1215|0|Microsoft-Windows-TCPIP/Diagnostic|TcpipNetworkPacketDrops||ut:TcpipDiagnosis|TCPIP: Network layer (Protocol {IPTransportProtocol}, AddressFamily = {AddressFamily}) dropped {IPTransportProtocol}0 packet(s). SourceAddress = {Source IPv4 Address} {IPTransportProtocol}1 {IPv6 Source Address}. DestAddress = {Dest IPv4 Address} {IPTransportProtocol}1 {IPv6 Dest Address}. Reason = {Reason}.
Microsoft-Windows-TCPIP|Verbose|1216|0|Microsoft-Windows-TCPIP/Diagnostic|TcpMppNppEvaluation|||TCP: MPP NPP Evaluation PhysicalPages = {PhysicalPages} NonPagedPoolPages = {NonPagedPoolPages} Current = {CurrentWatermark} Peak = {PeakWatermark} Low = {HighWatermark} High = {LowWatermark}.
Microsoft-Windows-TCPIP|Information|1217|0|Microsoft-Windows-TCPIP/Diagnostic|TcpMppStartEpisode|||TCP: MPP: Episode started. LowNppEventState = {LowNppEventState} HighNppEventState = {HighNppEventState} EpisodeStartTick = {EpisodeStartTick} EpisodeStopTick = {EpisodeStopTick} Current = {CurrentWatermark} Low = {LowWatermark} Reentry = {ReentryWatermark}.
Microsoft-Windows-TCPIP|Information|1218|0|Microsoft-Windows-TCPIP/Diagnostic|TcpMppStopEpisode|||TCP: MPP: Episode ended. LowNppEventState = {LowNppEventState} HighNppEventState = {HighNppEventState} EpisodeStartTick = {EpisodeStartTick} EpisodeStopTick = {EpisodeStopTick} Reentry = {ReentryWatermark}.
Microsoft-Windows-TCPIP|Information|1219|0|Microsoft-Windows-TCPIP/Diagnostic|TcpMppStartEpoch|||TCP: MPP: Epoch {Epoch} started. LowNppEventState = {LowNppEventState} HighNppEventState = {HighNppEventState} EpochStartTick = {EpochStartTick} EpochStopTick = {EpochStopTick} SynDropRate = {OldSynDropRate} -> {NewSynDropRate} TcbKillRate = {OldTcbKillRate} -> {NewTcbKillRate} CurrentWatermark = {Epoch}0.
Microsoft-Windows-TCPIP|Information|1220|0|Microsoft-Windows-TCPIP/Diagnostic|TcpMppStopEpoch|||TCP: MPP: Epoch {Epoch} ended. LowNppEventState = {LowNppEventState} HighNppEventState = {HighNppEventState} EpochStartTick = {EpochStartTick} EpochStopTick = {EpochStopTick} SynDropRate = {SynDropRate} TcbKillRate = {TcbKillRate} Current = {CurrentWatermark}.
Microsoft-Windows-TCPIP|Information|1221|0|Microsoft-Windows-TCPIP/Diagnostic|TcpCwndRestart|||TCP: Connection {Tcb} restarting Cwnd. Old Cwnd = {OldCwnd}, New Cwnd = {NewCwnd}, Processor = {Processor}, CurrentTick = {CurrentTick}, IdleTick = {IdleTick}, Rto = {Rto}.
Microsoft-Windows-TCPIP|Information|1222|0|Microsoft-Windows-TCPIP/Diagnostic|TcpInitialCwndAdjusted|||TCP: Connection {Tcb} adjust InitalCwnd. Cwnd = {OldCwnd}, New Initial Cwnd = {NewCwnd} MSS.
Microsoft-Windows-TCPIP|Information|1223|0|Microsoft-Windows-TCPIP/Diagnostic|TcpTemplateParameters|||TCP: Connection {Tcb} committed TemplateType = {TemplateType}. MinRto = {MinRto} msec, EnableCwndRestart = {EnableCwndRestart}, InitialCwnd = {InitialCwnd} MSS, CongestionAlgorithm = {CongestionAlgorithm}, MaxDataRetransmissions = {MaxDataRetransmissions}, DelayedAckTicks = {DelayedAckTicks} msec, DelayedAckFrequency = {DelayedAckFrequency}, RACK enabled = {Tcb}0, Tail Loss Probe enabled = {Tcb}1.
Microsoft-Windows-TCPIP|Verbose|1224|0|Microsoft-Windows-TCPIP/Diagnostic|TcpTemplateChanged|||TCP: Connection {Tcb} template changed. New template={TemplateType}. Context={Context}.
Microsoft-Windows-TCPIP|Information|1225|0|Microsoft-Windows-TCPIP/Diagnostic|TcpDataTransferEcnAlpha|||TCP: connection {Tcb}: End of a round, SndRound = {SndRound}, Bytes sent = {EcnTotalByteCount}. Bytes marked = {EcnTotalMarkedCount}, ThAck = {ThAck}, updated EcnAlpha = {EcnAlpha}.
Microsoft-Windows-TCPIP|Information|1226|0|Microsoft-Windows-TCPIP/Diagnostic|TcpInterfaceRscStateChange||ut:TcpipInterface|TCP: interface {IfIndex}: RSC state changed, IPV4 State = {StateV4}, IPV4 Failure Reason = {FailureReasonV4}, IPV6 State = {StateV6}, IPV6 Failure Reason = {FailureReasonV6}, Event = {Event}.
Microsoft-Windows-TCPIP|Verbose|1227|0|Microsoft-Windows-TCPIP/Diagnostic|TcpRscNblOobInfo|||TCP: connection {Tcb}: RSC SCU received. CoalescedSegCount = {CoalescedSegCount}, DupAckCount = {DupAckCount}, RscTcpTimestampDelta = {RscTcpTimestampDelta}, HeaderFlags = {HeaderFlags}, EcnCePresent = {EcnCePresent}.
Microsoft-Windows-TCPIP|Information|1228|0|Microsoft-Windows-TCPIP/Diagnostic|TcpLoopbackFastPathFailReason||ut:TcpipDiagnosis|TCPIP: TCB {Tcb} does not take fast path, Cause: {Cause}.
Microsoft-Windows-TCPIP|Information|1229|0|Microsoft-Windows-TCPIP/Diagnostic|TcpCwndRestart|||TCP: Connection {Tcb} send queue is idle. Cwnd = {OldCwnd}, Processor = {Processor}, CurrentTick = {CurrentTick}, IdleTick = {IdleTick}.
Microsoft-Windows-TCPIP|Information|1230|0|Microsoft-Windows-TCPIP/Diagnostic|RssBindingChange||ut:TcpipInterface ut:TcpipDiagnosis ut:Rss|RSS: {Bind} notification for {AddressFamily} on interface {InterfaceIndex}.
Microsoft-Windows-TCPIP|Information|1231|0|Microsoft-Windows-TCPIP/Diagnostic|RssPortChange||ut:TcpipInterface ut:TcpipDiagnosis ut:Rss|RSS: {Bind} notification for adapter {AdapterIndex}.
Microsoft-Windows-TCPIP|Verbose|1232|0|Microsoft-Windows-TCPIP/Diagnostic|RssPortReference||ut:TcpipInterface ut:TcpipDiagnosis ut:Rss|RSS: {ReferenceAdded} reference on adapter {AdapterIndex}.
Microsoft-Windows-TCPIP|Information|1233|0|Microsoft-Windows-TCPIP/Diagnostic|RssPortCapabilities||ut:TcpipDiagnosis ut:Rss|RSS: adapter {AdapterIndex} with capabilities {CapabilitiesFlags} and {NumberOfReceiveQueues} receive queues.
Microsoft-Windows-TCPIP|Information|1234|0|Microsoft-Windows-TCPIP/Diagnostic|RssPortProcessors||ut:TcpipDiagnosis ut:Rss|RSS: adapter {AdapterIndex} processor group {GroupNumber} maximum processors {MaximumProcessors} processor affinity {GroupAffinity}.
Microsoft-Windows-TCPIP|Information|1235|0|Microsoft-Windows-TCPIP/Diagnostic|RssProcessorAssignment||ut:TcpipDiagnosis ut:Rss|RSS: assigning processor {ProcessorIndex} from adapter {PreviousAdapterIndex} to {NewAdapterIndex}.
Microsoft-Windows-TCPIP|Information|1236|0|Microsoft-Windows-TCPIP/Diagnostic|RssProcessorUnassignment||ut:TcpipDiagnosis ut:Rss|RSS: unassigning processor {ProcessorIndex} from adapter {PreviousAdapterIndex}.
Microsoft-Windows-TCPIP|Information|1237|0|Microsoft-Windows-TCPIP/Diagnostic|RssIndirectionChange||ut:TcpipDiagnosis ut:Rss|RSS: adapter {AdapterIndex} reassigning indirection entry {IndirectionIndex} from processor {OldProcessorIndex} to {NewProcessorIndex}.
Microsoft-Windows-TCPIP|Information|1238|0|Microsoft-Windows-TCPIP/Diagnostic|RssProcessorConsolidation||ut:TcpipDiagnosis ut:Rss|RSS: adapter {AdapterIndex} removing processor {ProcessorIndex} from its indirection table.
Microsoft-Windows-TCPIP|Information|1239|0|Microsoft-Windows-TCPIP/Diagnostic|RssConfigurationChange||ut:TcpipDiagnosis ut:Rss|RSS: adapter {AdapterIndex} changing {Setting} to {Value}.
Microsoft-Windows-TCPIP|Verbose|1240|0|Microsoft-Windows-TCPIP/Diagnostic|RssFailure||ut:TcpipInterface ut:TcpipDiagnosis ut:Rss|RSS: Failed to {FailureDescription} on IfIndex {InterfaceIndex}: {Status}
Microsoft-Windows-TCPIP|Verbose|1241|0|Microsoft-Windows-TCPIP/Diagnostic|RssBindingBindComplete||ut:TcpipInterface ut:TcpipDiagnosis ut:Rss|RSS: bind completed successfully for {AddressFamily} on interface {InterfaceIndex}.
Microsoft-Windows-TCPIP|Information|1242|0|Microsoft-Windows-TCPIP/Diagnostic|RssPortBindComplete||ut:TcpipInterface ut:TcpipDiagnosis ut:Rss|RSS: bind completed successfully for adapter {AdapterIndex}.
Microsoft-Windows-TCPIP|Information|1243|0|Microsoft-Windows-TCPIP/Diagnostic|RssPortNotSupported||ut:TcpipInterface ut:TcpipDiagnosis ut:Rss|RSS: adapter {AdapterIndex} not supported.
Microsoft-Windows-TCPIP|Information|1244|0|Microsoft-Windows-TCPIP/Diagnostic|RssInitializeIndirectionTable||ut:TcpipDiagnosis ut:Rss|RSS: adapter {AdapterIndex} indirection table initialized on group {GroupNumber} with processor set {ActiveAffinity}.
Microsoft-Windows-TCPIP|Information|1245|0|Microsoft-Windows-TCPIP/Diagnostic|RssBindingRundown||ut:TcpipInterface ut:TcpipDiagnosis ut:Rss|RSS: Rundown: interface {InterfaceIndex} with adapter {AdapterIndex} at port {PortNumber}.
Microsoft-Windows-TCPIP|Information|1246|0|Microsoft-Windows-TCPIP/Diagnostic|RssPortRundown||ut:TcpipInterface ut:TcpipDiagnosis ut:Rss|RSS: Rundown: adapter {AdapterIndex} hash info {HashInfo} maximum processors {MaximumProcessors} group {GroupNumber} affinity {GroupAffinity} active processors {ActiveAffinity} active mode: {ActiveMode}.
Microsoft-Windows-TCPIP|Information|1247|0|Microsoft-Windows-TCPIP/Diagnostic|RssBindingCapability||ut:TcpipInterface ut:TcpipDiagnosis ut:Rss|RSS: interface {InterfaceIndex} support: {Capability}.
Microsoft-Windows-TCPIP|Information|1248|0|Microsoft-Windows-TCPIP/Diagnostic|Ndkpi_Create_Cq||ut:TcpipNdkpi|NDKPI Create CQ: RequestContext {RequestContext} Adapter {NdkAdapter} CqDepth {CqDepth} CqNotificationContext {CqNotificationContext} AffinityMask {AffinityMask} AffinityGroup {AffinityGroup}
Microsoft-Windows-TCPIP|Information|1249|0|Microsoft-Windows-TCPIP/Diagnostic|Ndkpi_Create_Completion||ut:TcpipNdkpi|NDKPI Create Completion: RequestContext {RequestContext} Status {Status} ({CompletionType}) {NdkObjectType} {NdkObject}
Microsoft-Windows-TCPIP|Information|1250|0|Microsoft-Windows-TCPIP/Diagnostic|Ndkpi_Close_Obj||ut:TcpipNdkpi|NDKPI Close {NdkObjectType}: RequestContext {RequestContext} {NdkObjectType} {NdkObject}
Microsoft-Windows-TCPIP|Information|1251|0|Microsoft-Windows-TCPIP/Diagnostic|Ndkpi_Close_Completion||ut:TcpipNdkpi|NDKPI Close Completion: RequestContext {RequestContext} ({CompletionType})
Microsoft-Windows-TCPIP|Information|1252|0|Microsoft-Windows-TCPIP/Diagnostic|Ndkpi_Resize_Cq||ut:TcpipNdkpi|NDKPI Resize CQ: RequestContext {RequestContext} CQ {NdkCq} CqDepth {CqDepth}
Microsoft-Windows-TCPIP|Information|1253|0|Microsoft-Windows-TCPIP/Diagnostic|Ndkpi_Request_Completion||ut:TcpipNdkpi|NDKPI Request Completion: RequestContext {RequestContext} Status {Status} ({CompletionType})
Microsoft-Windows-TCPIP|Information|1254|0|Microsoft-Windows-TCPIP/Diagnostic|Ndkpi_Arm_Cq||ut:TcpipNdkpi|NDKPI Arm CQ: CQ {NdkCq} {ArmType}
Microsoft-Windows-TCPIP|Information|1255|0|Microsoft-Windows-TCPIP/Diagnostic|Ndkpi_Cq_Result||ut:TcpipNdkpi|NDKPI Result {ResultIndex}/{ResultCount}: CQ {NdkCq} RequestContext {RequestContext} Status {Status} BytesTransferred {BytesTransferred} QpContext {QpContext}
Microsoft-Windows-TCPIP|Information|1256|0|Microsoft-Windows-TCPIP/Diagnostic|Ndkpi_Create_Mr||ut:TcpipNdkpi|NDKPI Create MR: RequestContext {RequestContext} PD {NdkPd} FastRegister {FastRegister}
Microsoft-Windows-TCPIP|Information|1257|0|Microsoft-Windows-TCPIP/Diagnostic|Ndkpi_Flush||ut:TcpipNdkpi|NDKPI Flush: QP {NdkQp}
Microsoft-Windows-TCPIP|Information|1258|0|Microsoft-Windows-TCPIP/Diagnostic|Ndkpi_Send||ut:TcpipNdkpi|NDKPI Send (SGE {SgeIndex}/{NumSge}): RequestContext {RequestContext} QP {NdkQp} SGE {SgeAddress}/{SgeLength}/{SgeMemoryRegionToken} Flags {Flags}
Microsoft-Windows-TCPIP|Information|1259|0|Microsoft-Windows-TCPIP/Diagnostic|Ndkpi_Receive||ut:TcpipNdkpi|NDKPI Receive (SGE {SgeIndex}/{NumSge}): RequestContext {RequestContext} QP {NdkQp} SGE {SgeAddress}/{SgeLength}/{SgeMemoryRegionToken}
Microsoft-Windows-TCPIP|Information|1260|0|Microsoft-Windows-TCPIP/Diagnostic|Ndkpi_Register_Mr||ut:TcpipNdkpi|NDKPI Register MR: RequestContext {RequestContext} MR {NdkMr} MDL {Mdl} Length {Length} Flags {Flags}
Microsoft-Windows-TCPIP|Information|1261|0|Microsoft-Windows-TCPIP/Diagnostic|Ndkpi_Deregister_Mr||ut:TcpipNdkpi|NDKPI Deregister MR: RequestContext {RequestContext} MR {NdkObject}
Microsoft-Windows-TCPIP|Information|1262|0|Microsoft-Windows-TCPIP/Diagnostic|Ndkpi_Initialize_Fast_Register_Mr||ut:TcpipNdkpi|NDKPI Initialize FastRegister MR: RequestContext {RequestContext} MR {NdkMr} AdapterPageCount {AdapterPageCount} RemoteAccess {RemoteAccess}
Microsoft-Windows-TCPIP|Information|1263|0|Microsoft-Windows-TCPIP/Diagnostic|Ndkpi_Modify_Srq||ut:TcpipNdkpi|NDKPI Modify SRQ: RequestContext {RequestContext} SRQ {NdkSrq} SrqDepth {SrqDepth} NotifyThreshold {NotifyThreshold}
Microsoft-Windows-TCPIP|Information|1264|0|Microsoft-Windows-TCPIP/Diagnostic|Ndkpi_Connect||ut:TcpipNdkpi|NDKPI Connect: RequestContext {RequestContext} Connector {NdkConnector} QP {NdkQp} SrcAddress {SrcSockAddr} DestAddress {DestSockAddr} IRD {IRD} ORD {ORD} PrivateDataLength {NdkConnector}1
Microsoft-Windows-TCPIP|Information|1265|0|Microsoft-Windows-TCPIP/Diagnostic|Ndkpi_Connect_Shared_Endpoint||ut:TcpipNdkpi|NDKPI Connect: RequestContext {RequestContext} Connector {NdkConnector} QP {NdkQp} SharedEndpoint {NdkConnector}0 DestAddress {DestSockAddr} IRD {IRD} ORD {ORD} PrivateDataLength {NdkConnector}1
Microsoft-Windows-TCPIP|Information|1266|0|Microsoft-Windows-TCPIP/Diagnostic|Ndkpi_Complete_Connect||ut:TcpipNdkpi|NDKPI CompleteConnect: RequestContext {RequestContext} Connector {NdkConnector} DisconnectEventContext {DisconnectEventContext}
Microsoft-Windows-TCPIP|Information|1267|0|Microsoft-Windows-TCPIP/Diagnostic|Ndkpi_Accept||ut:TcpipNdkpi|NDKPI Accept: RequestContext {RequestContext} Connector {NdkConnector} QP {NdkQp} IRD {IRD} ORD {ORD} PrivateDataLength {PrivateDataLength} DisconnectEventContext {DisconnectEventContext}
Microsoft-Windows-TCPIP|Information|1268|0|Microsoft-Windows-TCPIP/Diagnostic|Ndkpi_Disconnect||ut:TcpipNdkpi|NDKPI Disconnect: RequestContext {RequestContext} Connector {NdkObject}
Microsoft-Windows-TCPIP|Information|1269|0|Microsoft-Windows-TCPIP/Diagnostic|Ndkpi_Listen||ut:TcpipNdkpi|NDKPI Listen: RequestContext {RequestContext} Listener {NdkListener} Address {SockAddr}
Microsoft-Windows-TCPIP|Information|1270|0|Microsoft-Windows-TCPIP/Diagnostic|Ndkpi_Create_Mw||ut:TcpipNdkpi|NDKPI Create MW: RequestContext {RequestContext} PD {NdkObject}
Microsoft-Windows-TCPIP|Information|1271|0|Microsoft-Windows-TCPIP/Diagnostic|Ndkpi_Create_Srq||ut:TcpipNdkpi|NDKPI Create SRQ: RequestContext {RequestContext} PD {NdkPd} SrqDepth {SrqDepth} MaxReceiveRequestSge {MaxReceiveRequestSge} NotifyThreshold {NotifyThreshold} SrqNotificationContext {SrqNotificationContext} AffinityMask {AffinityMask} AffinityGroup {AffinityGroup}
Microsoft-Windows-TCPIP|Information|1272|0|Microsoft-Windows-TCPIP/Diagnostic|Ndkpi_Create_Qp||ut:TcpipNdkpi|NDKPI Create QP: RequestContext {RequestContext} PD {NdkPd} ReceiveCQ {ReceiveCq} InitiatorCQ {InitiatorCq} QPContext {QPContext} ReceiveQueueDepth {ReceiveQueueDepth} InitiatorQueueDepth {InitiatorQueueDepth} MaxReceiveRequestSge {MaxReceiveRequestSge} MaxInitiatorRequestSge {MaxInitiatorRequestSge}
Microsoft-Windows-TCPIP|Information|1273|0|Microsoft-Windows-TCPIP/Diagnostic|Ndkpi_Create_Qp_Srq||ut:TcpipNdkpi|NDKPI Create QP: RequestContext {RequestContext} PD {NdkPd} ReceiveCQ {ReceiveCq} InitiatorCQ {InitiatorCq} SRQ {NdkPd}0 QPContext {QPContext} InitiatorQueueDepth {InitiatorQueueDepth} MaxInitiatorRequestSge {MaxInitiatorRequestSge}
Microsoft-Windows-TCPIP|Information|1274|0|Microsoft-Windows-TCPIP/Diagnostic|Ndkpi_Create_Pd||ut:TcpipNdkpi|NDKPI Create PD: RequestContext {RequestContext} Adapter {NdkObject}
Microsoft-Windows-TCPIP|Information|1275|0|Microsoft-Windows-TCPIP/Diagnostic|Ndkpi_Create_Shared_Endpoint||ut:TcpipNdkpi|NDKPI Create SharedEndpoint: RequestContext {RequestContext} Adapter {NdkListener} Address {SockAddr}
Microsoft-Windows-TCPIP|Information|1276|0|Microsoft-Windows-TCPIP/Diagnostic|Ndkpi_Create_Connector||ut:TcpipNdkpi|NDKPI Create Connector: RequestContext {RequestContext} Adapter {NdkObject}
Microsoft-Windows-TCPIP|Information|1277|0|Microsoft-Windows-TCPIP/Diagnostic|Ndkpi_Create_Listener||ut:TcpipNdkpi|NDKPI Create Listener: RequestContext {RequestContext} Adapter {NdkAdapter} ConnectEventContext {ConnectEventContext}
Microsoft-Windows-TCPIP|Information|1278|0|Microsoft-Windows-TCPIP/Diagnostic|Ndkpi_Build_Lam||ut:TcpipNdkpi|NDKPI Build LAM: RequestContext {RequestContext} Adapter {NdkAdapter} MDL {Mdl} Length {Length} LAMBuffer {LAMBuffer} LAMBufferSize {LAMBufferSize}
Microsoft-Windows-TCPIP|Information|1279|0|Microsoft-Windows-TCPIP/Diagnostic|Ndkpi_Release_Lam||ut:TcpipNdkpi|NDKPI Release LAM: Adapter {NdkAdapter} LAMBuffer {LAMBuffer}
Microsoft-Windows-TCPIP|Information|1280|0|Microsoft-Windows-TCPIP/Diagnostic|Ndkpi_Cq_Notification_Callback||ut:TcpipNdkpi|NDKPI CQ Notification Callback: CqNotificationContext {CqNotificationContext} CqStatus {CqStatus}
Microsoft-Windows-TCPIP|Information|1281|0|Microsoft-Windows-TCPIP/Diagnostic|Ndkpi_Srq_Notification_Callback||ut:TcpipNdkpi|NDKPI SRQ Notification Callback: SrqNotificationContext {SrqNotificationContext} SrqStatus {SrqStatus}
Microsoft-Windows-TCPIP|Information|1282|0|Microsoft-Windows-TCPIP/Diagnostic|Ndkpi_Disconnect_Event_Callback||ut:TcpipNdkpi|NDKPI Disconnect Event Callback: DisconnectEventContext {DisconnectEventContext}
Microsoft-Windows-TCPIP|Information|1283|0|Microsoft-Windows-TCPIP/Diagnostic|Ndkpi_Connect_Event_Callback||ut:TcpipNdkpi|NDKPI Connect Event Callback: ConnectEventContext {ConnectEventContext} Connector {NdkConnector}
Microsoft-Windows-TCPIP|Information|1284|0|Microsoft-Windows-TCPIP/Diagnostic|Ndkpi_Get_Token||ut:TcpipNdkpi|NDKPI Got {TokenType} Token {Token} from {NdkObjectType} {NdkObject}
Microsoft-Windows-TCPIP|Information|1285|0|Microsoft-Windows-TCPIP/Diagnostic|Ndkpi_Get_Sockaddr||ut:TcpipNdkpi|NDKPI Got {SockAddrType} Address {SockAddr} from {NdkObjectType} {NdkObject}
Microsoft-Windows-TCPIP|Error|1286|0|Microsoft-Windows-TCPIP/Diagnostic|Ndkpi_Get_Sockaddr_Failure||ut:TcpipNdkpi|NDKPI {SockAddrType} Address query failure {Status} on {NdkObjectType} {NdkObject}
Microsoft-Windows-TCPIP|Information|1287|0|Microsoft-Windows-TCPIP/Diagnostic|Ndkpi_Reject||ut:TcpipNdkpi|NDKPI Reject: Connector {NdkConnector} PrivateDataLength {PrivateDataLength} Status {Status}
Microsoft-Windows-TCPIP|Information|1288|0|Microsoft-Windows-TCPIP/Diagnostic|Ndkpi_Get_Connect_Data||ut:TcpipNdkpi|NDKPI Get Connect Data: Connector {NdkConnector} IRD {IRD} ORD {ORD} PrivateDataLength {PrivateDataLength} Status {Status}
Microsoft-Windows-TCPIP|Error|1289|0|Microsoft-Windows-TCPIP/Diagnostic|Ndkpi_Work_Request_Inline_Failure||ut:TcpipNdkpi|NDKPI Work Request Inline Failure: RequestContext {RequestContext} QP {NdkQp} Status {Status}
Microsoft-Windows-TCPIP|Information|1290|0|Microsoft-Windows-TCPIP/Diagnostic|Ndkpi_Bind||ut:TcpipNdkpi|NDKPI Bind: RequestContext {RequestContext} QP {NdkQp} MR {NdkMr} MW {NdkMw} VirtualAddress {VirtualAddress} Length {Length} Flags {Flags}
Microsoft-Windows-TCPIP|Information|1291|0|Microsoft-Windows-TCPIP/Diagnostic|Ndkpi_Fast_Register||ut:TcpipNdkpi|NDKPI FastRegister: RequestContext {RequestContext} QP {NdkQp} MR {NdkMr} AdapterPageCount {AdapterPageCount} AdapterPageArray {AdapterPageArray} FBO {FBO} Length {Length} BaseVirtualAddress {BaseVirtualAddress} Flags {Flags}
Microsoft-Windows-TCPIP|Information|1292|0|Microsoft-Windows-TCPIP/Diagnostic|Ndkpi_Invalidate||ut:TcpipNdkpi|NDKPI Invalidate: RequestContext {RequestContext} QP {NdkQp} {NdkObjectType} {NdkObject} Flags {Flags}
Microsoft-Windows-TCPIP|Information|1293|0|Microsoft-Windows-TCPIP/Diagnostic|Ndkpi_Read||ut:TcpipNdkpi|NDKPI Read (SGE {SgeIndex}/{NumSge}): RequestContext {RequestContext} QP {NdkQp} SGE {SgeAddress}/{SgeLength}/{SgeMemoryRegionToken} RemoteAddress {RemoteAddress} RemoteToken {NdkQp}0 Flags {Flags}
Microsoft-Windows-TCPIP|Information|1294|0|Microsoft-Windows-TCPIP/Diagnostic|Ndkpi_Write||ut:TcpipNdkpi|NDKPI Write (SGE {SgeIndex}/{NumSge}): RequestContext {RequestContext} QP {NdkQp} SGE {SgeAddress}/{SgeLength}/{SgeMemoryRegionToken} RemoteAddress {RemoteAddress} RemoteToken {NdkQp}0 Flags {Flags}
Microsoft-Windows-TCPIP|Information|1295|0|Microsoft-Windows-TCPIP/Diagnostic|Ndkpi_SrqReceive||ut:TcpipNdkpi|NDKPI SRQ Receive (SGE {SgeIndex}/{NumSge}): RequestContext {RequestContext} SRQ {NdkSrq} SGE {SgeAddress}/{SgeLength}/{SgeMemoryRegionToken}
Microsoft-Windows-TCPIP|Error|1296|0|Microsoft-Windows-TCPIP/Diagnostic|Ndkpi_Srq_Work_Request_Inline_Failure||ut:TcpipNdkpi|NDKPI SRQ Work Request Inline Failure: RequestContext {RequestContext} SRQ {NdkSrq} Status {Status}
Microsoft-Windows-TCPIP|Information|1297|0|Microsoft-Windows-TCPIP/Diagnostic|Ndkpi_Open_Adapter||ut:TcpipNdkpi|NDKPI Open Adapter: InterfaceIndex {InterfaceIndex} Adapter {NdkAdapter} Status {Status}
Microsoft-Windows-TCPIP|Information|1298|0|Microsoft-Windows-TCPIP/Diagnostic|Ndkpi_Close_Adapter_Enter||ut:TcpipNdkpi|NDKPI Close Adapter (Enter): Adapter {NdkAdapter}
Microsoft-Windows-TCPIP|Information|1299|0|Microsoft-Windows-TCPIP/Diagnostic|Ndkpi_Close_Adapter_Exit||ut:TcpipNdkpi|NDKPI Close Adapter (Exit): Adapter {NdkAdapter}
Microsoft-Windows-TCPIP|Information|1300|0|Microsoft-Windows-TCPIP/Diagnostic|TcpConnectionRundown||ut:TcpipTcb ut:TcpipDiagnosis ut:Endpoint|TCP: connection {Tcb} (local={LocalAddress} remote={RemoteAddress}) exists. State = {State}. PID = {Pid}.
Microsoft-Windows-TCPIP|Information|1300|1|Microsoft-Windows-TCPIP/Diagnostic|TcpConnectionRundown||ut:TcpipTcb ut:TcpipDiagnosis ut:Endpoint|TCP: connection {Tcb} (local={LocalAddress} remote={RemoteAddress}) exists. State = {State}. PID = {Pid}.
Microsoft-Windows-TCPIP|Information|1301|0|Microsoft-Windows-TCPIP/Diagnostic|Ndkpi_Interface_Event||ut:TcpipNdkpi|NDKPI Interface Event: InterfaceIndex {InterfaceIndex}, NDK-Operational {NDKOperational}, {EventDescription} ({StatusCode})
Microsoft-Windows-TCPIP|Information|1302|0|Operational|TcpipWakePacketIndicated||ut:TcpipCsDiag|Network adapter Luid {AdapterLuid} received a wake packet matching pattern {PatternFriendlyName}. Protocol: {Protocol}. Destination MAC address: {DestDLAddress}. Source: {SrcAddress} : {SrcPort}, Destination: {DestAddress} : {AdapterLuid}0.
Microsoft-Windows-TCPIP|Information|1303|0|Operational|TcpipWakePacketIndicated||ut:TcpipCsDiag|Network adapter Luid {AdapterLuid} received a wake packet matching pattern {PatternFriendlyName}. Protocol: {Protocol}. Destination MAC address: {DestDLAddress}. Source: {SrcAddress} : {AdapterLuid}0, Destination {DestAddress} : {AdapterLuid}1.
Microsoft-Windows-TCPIP|Information|1304|0|Microsoft-Windows-TCPIP/Diagnostic|TcpipSilentMode|||TCP: Connection {Tcb}: Silent Mode {SilentModeEvent} Context {Context}
Microsoft-Windows-TCPIP|Information|1305|0|Microsoft-Windows-TCPIP/Diagnostic|TcpCreateNotificationChannelRequest||ut:TcpipCsDiag|TCP: Connection {Tcb} notification channel request. NcmContext = {NcmContext}, TCB State = {State}, PID = {Pid}, IsLoopback = {IsLoopback}, Status = {Status}.
Microsoft-Windows-TCPIP|Information|1306|0|Microsoft-Windows-TCPIP/Diagnostic|TcpQueryNotificationChannelStatusRequest||ut:TcpipCsDiag|TCP: Connection {Tcb} query notification channel status request. NcmContext = {NcmContext}, PID = {Pid}, Channel Status = {ChannelStatus}, Status = {Status}.
Microsoft-Windows-TCPIP|Information|1307|0|Microsoft-Windows-TCPIP/Diagnostic|TcpCreateNotificationChannelRequestProcessed||ut:TcpipCsDiag|TCP: Connection {Tcb} notification channel request processed. NcmContext = {NcmContext}, PID = {Pid}, Status = {Status} PushNotificationId = {PushNotificationGuid}.
Microsoft-Windows-TCPIP|Verbose|1308|0|Microsoft-Windows-TCPIP/Diagnostic|TcpSignalNotificationChannelEvent|||TCP: Connection {Tcb} notification channel signal event. NcmContext = {NcmContext}, PID = {Pid}, RcvNxt = {RcvNxt}, Delivered Data = {Delivered}, Indicated Data = {Indicated}, FinalEvent = {FinalEvent}.
Microsoft-Windows-TCPIP|Information|1309|0|Microsoft-Windows-TCPIP/Diagnostic|TcpDetachNotificationChannel||ut:TcpipCsDiag|TCP: Connection {Tcb} notification channel detached. NcmContext = {NcmContext}, TCB State = {State}. Cleanup NcmContext = {IsLoopback}
Microsoft-Windows-TCPIP|Information|1310|0|Microsoft-Windows-TCPIP/Diagnostic|TcpUnlinkNotificationChannel|||TCP: Connection {Tcb} notification channel unlinked. TCB State = {State}.
Microsoft-Windows-TCPIP|Information|1311|0|Microsoft-Windows-TCPIP/Diagnostic|TcpPlumbWakePattern||ut:TcpipInterface|TCP: Connection {Tcb} notification channel wake pattern plumbing. SystemReserved = {SystemReserved}, Wake-on-Lan Handle = {WolHandle}, Status = {Status}.
Microsoft-Windows-TCPIP|Information|1312|0|Microsoft-Windows-TCPIP/Diagnostic|TcpDeplumbWakePattern||ut:TcpipInterface|TCP: Connection {Tcb} notification channel wake pattern deplumbing. Wake-on-Lan Handle = {WolHandle}, Status = {Status}.
Microsoft-Windows-TCPIP|Information|1313|0|Microsoft-Windows-TCPIP/Diagnostic|TcpipPlumbWakePatternOnInterface||ut:TcpipInterface ut:TcpipCsDiag|TCPIP: Interface index {InterfaceIndex} wake pattern properties. AOAC capable = {AoAcCapable}, Bitmap pattern supported = {BitmapPatternSupported}, ARP/ND offload supported = {ARPNDOffloadSupported}, IP address = {IPv4 Address} {InterfaceIndex}1 {InterfaceIndex}0 wake ready = {IPAddressWakeReady}, pattern priority = {PatternPriority}, interface medium = {PhysicalMediumType}, Status = {InterfaceIndex}2.
Microsoft-Windows-TCPIP|Information|1314|0|Microsoft-Windows-TCPIP/Diagnostic|Ndkpi_Control_Cq_Im||ut:TcpipNdkpi|NDKPI Control CQ Interrupt Moderation: CQ {NdkCq} Interval {ModerationInterval} Count {ModerationCount} Status {Status}
Microsoft-Windows-TCPIP|Information|1315|0|Microsoft-Windows-TCPIP/Diagnostic|TcpCreateNotificationChannelRequestProcessing||ut:TcpipCsDiag|TCP: Connection {Tcb} notification channel request processing. IsRedirected = {IsRedirected}, WfpFailure = {WfpFailure}, Status = {Status}, WaitStatus = {WaitStatus}, Local IP address = {Local IPv4 Address} {IPProtocol} {Local IPv6 Address}, Remote IP address = {Tcb}0 {IPProtocol} {Tcb}1 Local Port = {Tcb}2, Remote Port = {Tcb}3.
Microsoft-Windows-TCPIP|Information|1316|0|Microsoft-Windows-TCPIP/Diagnostic|TcpipIpAddressLifetime|||IP: IP address lifetime = {IPv4 Address} {IPProtocol} {IPv6 Address} on interface = {Interface}, protocol = {Protocol}, CurrentTime = {CurrentTime} Old BaseTime = {Old BaseTime} Old ValidTime = {Old ValidTime} New BaseTime = {Interface}1 New ValidTime = {Interface}2.
Microsoft-Windows-TCPIP|Information|1317|0|Microsoft-Windows-TCPIP/Diagnostic|TcpRepartitionEvent|||TCP: Repartition event {Event} ({Type}) {OldPartitionCount}.
Microsoft-Windows-TCPIP|Information|1318|0|Microsoft-Windows-TCPIP/Diagnostic|TcpipPowerStateTransitionEvent|||{Component} {Power State Transition} on processor {Indicating Processor} at Tick = {Current Tick} Time = {Current Time}.
Microsoft-Windows-TCPIP|Verbose|1319|0|Microsoft-Windows-TCPIP/Diagnostic|TcpipTimerDpcRescheduleEvent|||{Component} timer rescheduled by processor {Indicating Processor} for processor {Target Processor} at Tick = {Current Tick} to Tick = {Next Expiration Tick}, OldScheduledExpiration = {Old Scheduled Expiration} NewScheduledExpiration = {New Scheduled Expiration} DueTime = {Due Time} Aperiodic = {Aperiodic}.
Microsoft-Windows-TCPIP|Verbose|1320|0|Microsoft-Windows-TCPIP/Diagnostic|TcpipTimerDpcFiredEvent|||{Component} timer fired on processor {Target Processor} at Tick = {Current Tick}, was scheduled for = {Next Expiration}.
Microsoft-Windows-TCPIP|Information|1321|0|Microsoft-Windows-TCPIP/Diagnostic|TcpipMediaConnect||ut:TcpipInterface ut:TcpipDiagnosis ut:TcpipCsDiag|IP: Connecting interface {InterfaceIndex}, trace = {TraceString}.
Microsoft-Windows-TCPIP|Information|1321|1|Microsoft-Windows-TCPIP/Diagnostic|TcpipMediaConnect||ut:TcpipInterface ut:TcpipDiagnosis ut:TcpipCsDiag|IP: Interface media connect. Interface = {InterfaceIndex}, Compartment = {CompartmentId}, Protocol = {TraceString}.
Microsoft-Windows-TCPIP|Information|1322|0|Microsoft-Windows-TCPIP/Diagnostic|TcpipLimitedLinkConnectivity||ut:TcpipInterface ut:TcpipDiagnosis ut:TcpipCsDiag|IP: Limited link connectivity set on interface {InterfaceIndex}, trace = {TraceString}.
Microsoft-Windows-TCPIP|Information|1322|1|Microsoft-Windows-TCPIP/Diagnostic|TcpipLimitedLinkConnectivity||ut:TcpipInterface ut:TcpipDiagnosis ut:TcpipCsDiag|IP: Interface limited link connectivity set. Interface = {InterfaceIndex}, Compartment = {CompartmentId}, Protocol = {TraceString}.
Microsoft-Windows-TCPIP|Information|1323|0|Microsoft-Windows-TCPIP/Diagnostic|TcpipLimitedLinkConnectivity||ut:TcpipInterface ut:TcpipDiagnosis ut:TcpipCsDiag|IP: Limited link connectivity reset on interface {InterfaceIndex}, trace = {TraceString}.
Microsoft-Windows-TCPIP|Information|1323|1|Microsoft-Windows-TCPIP/Diagnostic|TcpipLimitedLinkConnectivity||ut:TcpipInterface ut:TcpipDiagnosis ut:TcpipCsDiag|IP: Interface limited link connectivity reset. Interface = {InterfaceIndex}, Compartment = {CompartmentId}, Protocol = {TraceString}.
Microsoft-Windows-TCPIP|Information|1324|0|Microsoft-Windows-TCPIP/Diagnostic|IpNeighborState||ut:TcpipRoute|IP: Neighbor with IpAddress = {IP Address} DlAddress = {DL Address} on Interface = {Interface} changed state from {Old Neighbor State} to {New Neighbor State} due to Event = {Neighbor Event}.
Microsoft-Windows-TCPIP|Information|1324|1|Microsoft-Windows-TCPIP/Diagnostic|IpNeighborState||ut:TcpipRoute|IP: Neighbor state change. IPAddress = {IP Address}, DLAddress = {DL Address}, Interface = {Interface}, Compartment = {CompartmentId}, OldState = {Old Neighbor State}, NewState = {New Neighbor State}, Event = {Neighbor Event}.
Microsoft-Windows-TCPIP|Verbose|1325|0|Microsoft-Windows-TCPIP/Diagnostic|IpNeighborDiscovery||ut:TcpipRoute|IP: {Neighbor Event} on Interface = {Interface} from SourceIpAddress = {Source IP Address} for TargetIpAddress = {Target IP Address}.
Microsoft-Windows-TCPIP|Verbose|1325|1|Microsoft-Windows-TCPIP/Diagnostic|IpNeighborDiscovery||ut:TcpipRoute|IP: Neighbor Discovery. Event = {Neighbor Event}, Interface = {Interface}, Compartment = {CompartmentId}, SourceIpAddress = {Source IP Address}, TargetIpAddress = {Target IP Address}.
Microsoft-Windows-TCPIP|Verbose|1326|0|Microsoft-Windows-TCPIP/Diagnostic|IpSourceAddressSelection||ut:TcpipRoute|IP: Source address {Preferred Source IP Address} is preferred over {Non-Preferred Source IP Address} for Destination {Destination IP Address} in Compartment {CompartmentId}, Reason: {RuleName} (Rule {Rule}.{Rule Extension}).
Microsoft-Windows-TCPIP|Verbose|1327|0|Microsoft-Windows-TCPIP/Diagnostic|IpSortedAddressPairs||ut:TcpipRoute|IP: Address pair ({Preferred Source IP Address}, {Preferred Destination IP Address}) is preferred over ({Non-Preferred Source IP Address}, {Non-Preferred Destination IP Address}) by SortOptions = {Sort Option}, Rule = {Rule Type} {Rule Major}.{Rule Minor}.
Microsoft-Windows-TCPIP|Verbose|1327|1|Microsoft-Windows-TCPIP/Diagnostic|IpSortedAddressPairs||ut:TcpipRoute|IP: Address pair ({Preferred Source IP Address}, {Preferred Destination IP Address}) is preferred over ({Non-Preferred Source IP Address}, {Non-Preferred Destination IP Address}) by SortOptions: {Sort Option}, Reason: {IpAddrLength}0 (Rule {Rule Type} {Rule Major}.{Rule Minor}).
Microsoft-Windows-TCPIP|Information|1328|0|Microsoft-Windows-TCPIP/Diagnostic|Ndkpi_Cq_Result_Ex||ut:TcpipNdkpi|NDKPI ResultEx {ResultIndex}/{ResultCount}: CQ {NdkCq} RequestContext {RequestContext} Status {Status} BytesTransferred {BytesTransferred} QpContext {QpContext} Type {Type} TypeSpecific {TypeSpecificCompletionOutput}
Microsoft-Windows-TCPIP|Information|1329|0|Microsoft-Windows-TCPIP/Diagnostic|Ndkpi_Send_Invalidate||ut:TcpipNdkpi|NDKPI SendInvalidate (SGE {SgeIndex}/{NumSge}): RequestContext {RequestContext} QP {NdkQp} SGE {SgeAddress}/{SgeLength}/{SgeMemoryRegionToken} RemoteToken {RemoteToken} Flags {Flags}
Microsoft-Windows-TCPIP|Information|1330|0|Microsoft-Windows-TCPIP/Diagnostic|TcpDataTransferCumAck|||TCP: connection {Tcb}: Cumulative Ack event, SeqNo = {SeqNo}, BytesAcked = {BytesAcked}, CWnd = {Cwnd}, SndWnd ={SndWnd}.
Microsoft-Windows-TCPIP|Information|1331|0|Microsoft-Windows-TCPIP/Diagnostic|TcpCtcpDataTransferCumAck|||TCP: connection {Tcb}: CTCP Cumulative Ack event, SeqNo = {SeqNo}, BytesAcked = {BytesAcked}, CWnd = {Cwnd}, SndWnd ={SndWnd}.
Microsoft-Windows-TCPIP|Information|1332|0|Microsoft-Windows-TCPIP/Diagnostic|TcpDataTransferSend|||TCP: connection {Tcb}: TCP send event, SeqNo = {SeqNo}, BytesSent = {BytesSent}, CWnd = {Cwnd}, SndWnd = {SndWnd}, SRtt = {SRtt}, RttVar = {RttVar}, RTO = {RTO}
Microsoft-Windows-TCPIP|Information|1332|1|Microsoft-Windows-TCPIP/Diagnostic|TcpDataTransferSend|||TCP: connection {Tcb}: TCP send event, SeqNo = {SeqNo}, BytesSent = {BytesSent}, CWnd = {Cwnd}, SndWnd = {SndWnd}, SRtt = {SRtt}, RttVar = {RttVar}, RTO = {RTO}, RcvWnd = {RcvWnd}.
Microsoft-Windows-TCPIP|Verbose|1333|0|Microsoft-Windows-TCPIP/Diagnostic|TcpCtcpDataTransferSend|||TCP: connection {Tcb}: TCP CTCP send event, SeqNo = {SeqNo}, BytesSent = {BytesSent}, CWnd = {Cwnd}, SndWnd = {SndWnd}, SRtt = {SRtt}, RttVar = {RttVar}, RTO = {RTO}.
Microsoft-Windows-TCPIP|Verbose|1333|1|Microsoft-Windows-TCPIP/Diagnostic|TcpCtcpDataTransferSend|||TCP: connection {Tcb}: TCP CTCP send event, SeqNo = {SeqNo}, BytesSent = {BytesSent}, CWnd = {Cwnd}, SndWnd = {SndWnd}, SRtt = {SRtt}, RttVar = {RttVar}, RTO = {RTO}, RcvWnd = {RcvWnd}.
Microsoft-Windows-TCPIP|Information|1334|0|Microsoft-Windows-TCPIP/Diagnostic|UdpCreateNotificationChannelRequest|||UDP: Endpoint {Udp Endpoint} notification channel request. NcmContext = {NcmContext}, Endpoint State = {Activated}, PID = {Pid}, IsLoopback = {IsLoopback}, Status = {Status}.
Microsoft-Windows-TCPIP|Information|1335|0|Microsoft-Windows-TCPIP/Diagnostic|UdpQueryNotificationChannelStatusRequest|||UDP: Endpoint {Udp Endpoint} query notification channel status request. NcmContext = {NcmContext}, Endpoint State = {Activated}, PID = {Pid}, Channel Status = {ChannelStatus}, Status = {Status}.
Microsoft-Windows-TCPIP|Information|1336|0|Microsoft-Windows-TCPIP/Diagnostic|UdpCreateNotificationChannelRequestProcessed|||UDP: Endpoint {Udp Endpoint} notification channel request processed. NcmContext = {NcmContext}, PID = {Pid}, Status = {Status} PushNotificationId = {PushNotificationGuid}.
Microsoft-Windows-TCPIP|Verbose|1337|0|Microsoft-Windows-TCPIP/Diagnostic|UdpSignalNotificationChannelEvent|||UDP: Endpoint {Udp Endpoint} notification channel signal event. NcmContext = {NcmContext}, PID = {Pid}, Delivered Data = {Delivered} FinalEvent = {FinalEvent}.
Microsoft-Windows-TCPIP|Information|1338|0|Microsoft-Windows-TCPIP/Diagnostic|UdpDetachNotificationChannel|||UDP: Endpoint {Udp Endpoint} notification channel detached. NcmContext = {NcmContext}, Endpoint State = {Activated}.
Microsoft-Windows-TCPIP|Information|1339|0|Microsoft-Windows-TCPIP/Diagnostic|UdpUnlinkNotificationChannel|||UDP: Endpoint {Udp Endpoint} notification channel unlinked. Endpoint State = {Activated}.
Microsoft-Windows-TCPIP|Information|1340|0|Microsoft-Windows-TCPIP/Diagnostic|UdpCreateNotificationChannelRequestProcessing|||UDP: Endpoint {Udp Endpoint} notification channel request processing. Local IP address = {Local IPv4 Address} {IPProtocol} {Local IPv6 Address}, Local Port = {SrcPort}.
Microsoft-Windows-TCPIP|Verbose|1341|0|Microsoft-Windows-TCPIP/Diagnostic|TcpDataTransferRttSample|||TCP: connection {Tcb}:  Rtt sample recorded {RttSample} SRTT {SRTT} RttVar {RttVar}.
Microsoft-Windows-TCPIP|Information|1342|0|Microsoft-Windows-TCPIP/Diagnostic|TcpRttResiliencyDetection|||TCP: connection {Tcb}: Rtt resiliency detection complete with Rtt sample = {RttSample} and new SRTT = {SRTT}.
Microsoft-Windows-TCPIP|Information|1343|0|Microsoft-Windows-TCPIP/Diagnostic|TcpDataTransferDupAck|||TCP: connection {Tcb}: Duplicate ACK updated cwnd = {Cwnd} and updated ssthresh = {SSThresh} DupAckCount = {DupAckCount} SndUna = {SeqNo}.
Microsoft-Windows-TCPIP|Information|1344|0|Microsoft-Windows-TCPIP/Diagnostic|TcpCtcpDataTransferDupAck|||TCP: CTCP Duplicate Ack event. Connection {Tcb}, SndUna = {SeqNo}, CWnd = {Cwnd}, DupAckCount = {DupAckCount}.
Microsoft-Windows-TCPIP|Information|1345|0|Microsoft-Windows-TCPIP/Diagnostic|TcpDataTransferSpuriousTimeout||ut:TcpipDiagnosis|TCP: connection {Tcb}: Spurious timeout at Seq = {SeqNo}.
Microsoft-Windows-TCPIP|Information|1346|0|Microsoft-Windows-TCPIP/Diagnostic|TcpSpuriousRtoDetectionBegin||ut:TcpipDiagnosis|TCP: connection {Tcb} spurious RTO detection initiated at {SeqNo}.
Microsoft-Windows-TCPIP|Information|1347|0|Microsoft-Windows-TCPIP/Diagnostic|TcpSpuriousRtoDetectionEnd||ut:TcpipDiagnosis|TCP: connection {Tcb} spurious RTO detection terminated at {SeqNo}.
Microsoft-Windows-TCPIP|Information|1348|0|Microsoft-Windows-TCPIP/Diagnostic|TcpCtcpDataTransferTimeout||ut:TcpipDiagnosis|TCP: CTCP DataTransferTimeout event. Connection {Tcb}, CWnd = {Cwnd}, SsThresh = {SSThresh}.
Microsoft-Windows-TCPIP|Verbose|1349|0|Microsoft-Windows-TCPIP/Diagnostic|TcpCtcpDataTransferSpuriousTimeout||ut:TcpipDiagnosis|TCP: CTCP Spurious timeout event. Connection {Tcb}, CWnd = {Cwnd}, SsThresh = {SSThresh}.
Microsoft-Windows-TCPIP|Information|1350|0|Microsoft-Windows-TCPIP/Diagnostic|TcpSlowStartToCongestionAvoidance||ut:TcpipDiagnosis|TCP: connection {Tcb} entering Congestion Avoidance Phase with cwnd = {Cwnd} and ssthresh = {SSThresh}.
Microsoft-Windows-TCPIP|Information|1351|0|Microsoft-Windows-TCPIP/Diagnostic|TcpDataTransferRetransmitRound||ut:TcpipDiagnosis|TCP: connection {Tcb}: Send Retransmit round with SndUna = {SndUna}, Round = {RexmitCount}, SRTT = {SRTT}, RTO = {RTO}.
Microsoft-Windows-TCPIP|TcpSummary|1352|0|Microsoft-Windows-TCPIP/Diagnostic|TcpConnectionSummary|||TCP: Connection {Tcb} Summary: DataBytesOut {DataBytesOut} DataBytesIn {DataBytesIn} DataSegmentsOut {DataSegmentsOut} DataSegmentsIn {DataSegmentsIn} SegmentsOut {SegmentsOut} SegmentsIn {SegmentsIn} NonRecovDa \   {NonRecovDa} NonRecovDaEpisodes {NonRecovDaEpisodes} DupAcksIn {Tcb}0 BytesRetrans {Tcb}1 Timeouts {Tcb}2 SpuriousRtoDetections {Tcb}3 FastRetran {Tcb}4 MaxSsthresh {Tcb}5 MaxSsCwnd {Tcb}6 \   MaxCaCwnd {Tcb}7 SndLimTransRwin {Tcb}8 SndLimTimeRwin {Tcb}9 SndLimBytesRwin {DataBytesOut}0 SndLimTransCwnd {DataBytesOut}1 SndLimTimeCwnd {DataBytesOut}2 SndLimBytesCwnd {DataBytesOut}3 \   SndLimTransSnd {DataBytesOut}4 SndLimTimeSnd {DataBytesOut}5 SndLimBytesSnd {DataBytesOut}6.
Microsoft-Windows-TCPIP|Verbose|1353|0|Microsoft-Windows-TCPIP/Diagnostic|TcpipGeneric||ut:TcpipDiagnosis|TCPIP: Message {AllocationObjectString} {Param1} {Param2} {Param3} {Param4}.
Microsoft-Windows-TCPIP|Verbose|1354|0|Microsoft-Windows-TCPIP/Diagnostic|TcpSackUpdate||ut:TcpipDiagnosis|TCP: Connection {Tcb} SACK updated SndUna {SndUna} SndMax {SndMax} SackCount {SackCount} SackBytes {SackBytes} SackInFlight {SackInFlight} SackIsLost {SackIsLost}.
Microsoft-Windows-TCPIP|Information|1355|0|Microsoft-Windows-TCPIP/Diagnostic|TcpIsPatternCoalescingRequired|||TCP: TCB {Tcb} Requires address based pattern = {RequireAddressCoalescing} LocalPort = {LocalPort} RtcPortRange = [{RtcStartPort}, {RtcEndPort}] Status = {Status}.
Microsoft-Windows-TCPIP|Information|1356|0|Microsoft-Windows-TCPIP/Diagnostic|TcpRtcPortRangeAssignment|||TCP: Rtc Port Range Assignment. Allocated = {AssignedFromRtcRange}, Port = {Port}.
Microsoft-Windows-TCPIP|Warning|1357|0|Microsoft-Windows-TCPIP/Diagnostic|TcpipAoacFailFast||ut:TcpipInterface ut:TcpipDiagnosis ut:TcpipCsDiag|TCPIP has failed a {RequestType} request from {LocalAddress} to {RemoteAddress} on endpoint {TcbOrEndpoint} owned by process {ProcessId} with {Status} since network interface {InterfaceIndex} is in low-power mode.
Microsoft-Windows-TCPIP|Warning|1357|1|Microsoft-Windows-TCPIP/Diagnostic|TcpipAoacFailFast||ut:TcpipInterface ut:TcpipDiagnosis ut:TcpipCsDiag|TCPIP has failed a {RequestType} request from {LocalAddress} to {RemoteAddress} on endpoint {TcbOrEndpoint} owned by process {ProcessId} with {Status} since network interface {InterfaceIndex} is in low-power mode.
Microsoft-Windows-TCPIP|Information|1358|0|Microsoft-Windows-TCPIP/Diagnostic|TcpipUpdateInterfaceConfigFlags||ut:TcpipInterface|IP: Interface configuration updated on interface {InterfaceIndex} property {Property} value {Value} event {Interface Update Event}.
Microsoft-Windows-TCPIP|Information|1358|1|Microsoft-Windows-TCPIP/Diagnostic|TcpipUpdateInterfaceConfigFlags||ut:TcpipInterface|IP: Interface configuration flags updated. Interface = {InterfaceIndex}, Compartment = {CompartmentId}, Protocol = {AddressFamily}, Property = {Property}, Value = {Value}, Event = {Interface Update Event}.
Microsoft-Windows-TCPIP|Information|1359|0|Microsoft-Windows-TCPIP/Diagnostic|TcpCreateNotificationChannelUnmarkRequest||ut:TcpipCsDiag|TCP: Connection {Tcb} notification channel unmark request. NcmContext = {NcmContext}, TCB State = {State}, PID = {Pid}, IsLoopback = {IsLoopback}, IsShutdown = {IsShutdown}, Status = {Status}.
Microsoft-Windows-TCPIP|Verbose|1360|0|Microsoft-Windows-TCPIP/Diagnostic|TcpipNblClonedForRaw|||TCPIP: A packet has been cloned for a raw listener. NBL {ClonedNbl} cloned from NBL {Nbl}. Protocol = {IPTransportProtocol}, Family = {AddressFamily}.
Microsoft-Windows-TCPIP|Verbose|1361|0|Microsoft-Windows-TCPIP/Diagnostic|TcpipCloneDropped|||TCPIP: A cloned packet has been dropped. NBL {ClonedNbl} cloned from NBL {Nbl}. Family = {AddressFamily}.
Microsoft-Windows-TCPIP|Verbose|1362|0|Microsoft-Windows-TCPIP/Diagnostic|IpAddressWolStateChange||ut:TcpipInterface ut:TcpipCsDiag|IP: Interface = {Interface} IpAddress = {IP Address} processing WolEvent = {WoL Event} with Status = {Status}.
Microsoft-Windows-TCPIP|Verbose|1363|0|Microsoft-Windows-TCPIP/Diagnostic|IpWolContextChange||ut:TcpipInterface ut:TcpipCsDiag|IP: Interface = {Interface} WolHandle = {WolHandle} has DestinationIpAddress = {Destination IP Address} TargetIpAddress1 = {Target IP Address 1} TargetIpAddress2 = {Target IP Address 2} Flags = {Flags} while processing WolEvent = {WoL Event} with Status = {Status}.
Microsoft-Windows-TCPIP|Verbose|1364|0|Microsoft-Windows-TCPIP/Diagnostic|TcpInsertConnectionTuple|||TCP connection tuple inserted- TCB: {Tcb} LocalAddress: {LocalAddress} RemoteAddress: {RemoteAddress}
Microsoft-Windows-TCPIP|Verbose|1365|0|Microsoft-Windows-TCPIP/Diagnostic|TcpRemoveConnectionTuple|||TCP connection tuple removed- TCB/TWTCB: {Tcb} LocalAddress: {LocalAddress} RemoteAddress: {RemoteAddress}
Microsoft-Windows-TCPIP|Verbose|1366|0|Microsoft-Windows-TCPIP/Diagnostic|TcpDeferPortSelection||ut:TcpipBind|TCP port selection deferred for outbound connect- LocalAddress: {LocalAddress}
Microsoft-Windows-TCPIP|TcpIpPerPacket|1367|0|Microsoft-Windows-TCPIP/Diagnostic|TcpipNblOob|||Nbl {Nbl} OOB info ({PathDirection}): TcpIpChecksumNetBufferListInfo {TcpIpChecksumNetBufferListInfo}, TcpLargeSendNetBufferListInfo {TcpLargeSendNetBufferListInfo}, Ieee8021QNetBufferListInfo {Ieee8021QNetBufferListInfo}, NetBufferListHashValue {NetBufferListHashValue}, NetBufferListHashInfo {NetBufferListHashInfo}, VirtualSubnetInfo {VirtualSubnetInfo}, TcpRecvSegCoalesceInfo {TcpRecvSegCoalesceInfo}
Microsoft-Windows-TCPIP|TcpIpPerPacket|1367|1|Microsoft-Windows-TCPIP/Diagnostic|TcpipNblOob|||Nbl {Nbl} OOB info ({PathDirection}): TcpIpChecksumNetBufferListInfo {TcpIpChecksumNetBufferListInfo}, TcpLargeSendNetBufferListInfo {TcpLargeSendNetBufferListInfo}, Ieee8021QNetBufferListInfo {Ieee8021QNetBufferListInfo}, NetBufferListHashValue {NetBufferListHashValue}, NetBufferListHashInfo {NetBufferListHashInfo}, VirtualSubnetInfo {VirtualSubnetInfo}, UdpSegmentationOffloadInfo/TcpRecvSegCoalesceInfo {TcpRecvSegCoalesceInfo}, NrtNameResolutionId/UdpRecvSegCoalesceOffloadInfo {Nbl}0
Microsoft-Windows-TCPIP|Verbose|1368|0|Microsoft-Windows-TCPIP/Diagnostic|TcpipTeredoOpen||ut:Teredo|Teredo Add -- PID: {PID} started listening on {LocalAddress}. AddressType {AddressType}. ScopeLevel {ScopeLevel}. Port {Port}. EndpointRecord {EndpointRecord}.
Microsoft-Windows-TCPIP|Verbose|1369|0|Microsoft-Windows-TCPIP/Diagnostic|TcpipTeredoClose||ut:Teredo|Teredo Remove -- PID: {PID} stopped listening on {LocalAddress}. AddressType {AddressType}. ScopeLevel {ScopeLevel}. Port {Port}. EndpointRecord {EndpointRecord}.
Microsoft-Windows-TCPIP|Verbose|1370|0|Microsoft-Windows-TCPIP/Diagnostic|TcpipRouteLookup||ut:TcpipRoute|IP: RouteLookup - API: {API} DstAddr: {DestinationAddress} ConstrainSrcAddr: {ConstrainSourceAddress} ConstrainIfIndex: {ConstrainInterfaceIndex} ConstraintOveridden: {ConstraintOverridden} ReturnConstrained: {ReturnConstrained} OutgoingIfIndex: {OutgoingInterfaceIndex} NextHopAddr: {NextHopAddress} Status: {API}0
Microsoft-Windows-TCPIP|Verbose|1371|0|Microsoft-Windows-TCPIP/Diagnostic|TcpipSrcAddrLookup||ut:TcpipRoute|IP: SourceAddrLookup - DstAddr: {DestinationAddress} ConstrainSrcAddr: {ConstrainSourceAddress} ConstrainIfIndex: {ConstrainInterfaceIndex} OutgoingIfIndex: {OutgoingInterfaceIndex} ReturnConstrained: {ReturnConstrained} SelectedSrcAddr: {SelectedSourceAddress}
Microsoft-Windows-TCPIP|Information|1372|0|Microsoft-Windows-TCPIP/Diagnostic|Partition||ut:AlePartition|WFP-ALE: Partition Count={PartitionCount} Partition Mask={PartitionMask}: Partition Id=%d Partition NumEntries = {NumEntries}.
Microsoft-Windows-TCPIP|Information|1373|0|Microsoft-Windows-TCPIP/Diagnostic|Partition||ut:AlePartition|WFP-ALE: HotAdd/Remove: Old Partiton Count={OldPartitionCount} Old Partition Mask={OldPartitionMask} New Partiton Count={OldPartitionCount} New Partition Mask={OldPartitionMask}.
Microsoft-Windows-TCPIP|Information|1374|0|Microsoft-Windows-TCPIP/Diagnostic|RemoteEndpoint||ut:AleRemoteEndpoint|WFP-ALE: RemoteEndPoint Insertion: AddrLen={AddressLength} RemoteAddr={RemoteAddress} RemotePort={RemotePort} LocalAddr={LocalAddress} LocalPort={LocalPort} PartitionId={PartitionId} PartitionNumEntries={NumEntries}
Microsoft-Windows-TCPIP|Information|1375|0|Microsoft-Windows-TCPIP/Diagnostic|RemoteEndpoint||ut:AleRemoteEndpoint|WFP-ALE: RemoteEndPoint Deletion: AddrLen={AddressLength} RemoteAddr={RemoteAddress} RemotePort={RemotePort} LocalAddr={LocalAddress} LocalPort={LocalPort} PartitionId={PartitionId} PartitionNumEntries={NumEntries}
Microsoft-Windows-TCPIP|Warning|1376|0|Microsoft-Windows-TCPIP/Diagnostic|Memory||ut:AleMemory|WFP-ALE: ALE: low memory state detected. LowMemoryEvent = {LowMemoryEvent} LowNonPagedPoolEvent = {LowNonPagedPoolEvent}.
Microsoft-Windows-TCPIP|Information|1377|0|Microsoft-Windows-TCPIP/Diagnostic|Memory||ut:AleMemory|WFP-ALE: leaving low memory state. HighMemoryEvent = {HighMemoryEvent} HighNonPagedPoolEvent = {HighNonPagedPoolEvent}.
Microsoft-Windows-TCPIP|Information|1378|0|Microsoft-Windows-TCPIP/Diagnostic|Memory||ut:AleMemory|WFP-ALE: Dpc for cleanup initiated: LowMemoryEvent = {LowMemoryEvent} LowNonPagedPoolEvent = {LowNonPagedPoolEvent}.
Microsoft-Windows-TCPIP|Verbose|1379|0|Microsoft-Windows-TCPIP/Diagnostic|Memory||ut:AleMemory|WFP: Dpc for cleanup QUEUED or RE-QUEUED: LowMemoryEvent = {LowMemoryEvent} LowNonPagedPoolEvent = {LowNonPagedPoolEvent}.
Microsoft-Windows-TCPIP|Information|1380|0|Microsoft-Windows-TCPIP/Diagnostic|TcpLedbatState||ut:TcpipDiagnosis ut:Ledbat|TCP: LEDBAT {LedbatEvent}: Connection {Tcb}, BaseDelayMs = {BaseDelayMs}, CurrentDelayMs = {CurrentDelayMs}, CWnd = {Cwnd}, SsThresh = {SsThresh}, SndWnd = {SndWnd}, DelayBasedCwndFactor {DelayBasedCwndFactorPercent}%%, RemainingTimeMs = {RemainingTimeMs}.
Microsoft-Windows-TCPIP|Information|1381|0|Microsoft-Windows-TCPIP/Diagnostic|TcpAssociateNameResContext||ut:TcpipDiagnosis ut:Nrt|TCP: AssociateNameResContext Endpoint: {Endpoint} Status: {Endpoint}6 NameResolutionContext: {NameResContext} DnsName: {DnsName} InterfaceIndex: {InterfaceIndex} IPAddrCount: {IpCount} IPAddrs: {IpAddr1} {IpAddr2} {Endpoint}1 {Endpoint}3 {Endpoint}5
Microsoft-Windows-TCPIP|Information|1381|1|Microsoft-Windows-TCPIP/Diagnostic|TcpAssociateNameResContext||ut:TcpipDiagnosis ut:Nrt|TCP: AssociateNameResContext EndpointObj: {EndpointObj} IsConnectionObj: {IsConnectionObj} NameResContext: {NameResContext} Status: {Status}
Microsoft-Windows-TCPIP|Information|1382|0|Microsoft-Windows-TCPIP/Diagnostic|TcpInspectConnectWithNameResContext||ut:TcpipDiagnosis ut:Nrt|TCP: InspectConnectWithNameResContext Connection: {Tcb} (local: {LocalAddress} remote: {RemoteAddress}) NameResolutionContext: {NameResContext} DnsName: {DnsName} Status: {Status}.
Microsoft-Windows-TCPIP|Verbose|1383|0|Microsoft-Windows-TCPIP/Diagnostic|IpRouteSelection||ut:TcpipRoute|IP: Route [DestinationPrefix: {PrDestinationPrefix}/{PrDestinationPrefixLength} NextHop: {PrNextHopAddress} InterfaceIndex: {PrInterfaceIndex} InterfaceMetric: {CompartmentId}0 RouteMetric: {CompartmentId}1] is preferred over Route [DestinationPrefix: {CompartmentId}4/{CompartmentId}2 NextHop: {CompartmentId}6 InterfaceIndex: {CompartmentId}7 InterfaceMetric: {CompartmentId}8 RouteMetric: {CompartmentId}9] for Destination: {DestinationAddress} in Compartment: {CompartmentId}, Reason: {DestinationAddressLength}0.
Microsoft-Windows-TCPIP|Verbose|1384|0|Microsoft-Windows-TCPIP/Diagnostic|IpRouteBlocked||ut:TcpipRoute|IP: Route [DestinationPrefix: {DestinationPrefix}/{DestinationPrefixLength} NextHop: {NextHopAddress} InterfaceIndex: {InterfaceIndex} RouteMetric: {CompartmentId}0] is blocked for Destination: {DestinationAddress} ConstrainInterfaceIndex: {CompartmentId}1 ConstrainScopeZone: {CompartmentId}2 in Compartment: {CompartmentId}, Reason: {CompartmentId}3.
Microsoft-Windows-TCPIP|Information|1385|0|Microsoft-Windows-TCPIP/Diagnostic|TcpTailLossProbe|||TCP: Tail Loss Probe Send Connection = {Tcb} SndUna = {SndUna}, SndMax = {SndMax}, SendAvailable = {SendAvailable}, TailProbeSeq = {TailProbeSeq}, TailProbeLast = {TailProbeLast}, ControlsToSend = {ControlsToSend}, ThFlags = {ThFlags}.
Microsoft-Windows-TCPIP|Verbose|1386|0|Microsoft-Windows-TCPIP/Diagnostic|TcpTailLossProbe|||TCP: Tail Loss Probe Event Connection = {Tcb}, Event = {TlpEvent}.
Microsoft-Windows-TCPIP|Verbose|1387|0|Microsoft-Windows-TCPIP/Diagnostic|TcpRack|||TCP: RACK Event Connection = {Tcb}, Event = {RackEvent}, MinRTT = {RackMinRtt}, ReoWind = {RackReoWind}, TimeSlotDeltaMin = {RackTimeSlotDeltaMin}, SeqNum = {SequenceNumber}, Timestamp = {Timestamp}, RttSample = {RttSample}.
Microsoft-Windows-TCPIP|Information|1388|0|Microsoft-Windows-TCPIP/Diagnostic|TcpFastopenStateChange|||TCP: Fastopen state changed for connection = {Tcb} from OldState = {OldState} to NewState = {NewState}.
Microsoft-Windows-TCPIP|Information|1389|0|Microsoft-Windows-TCPIP/Diagnostic|UdpCreateEndpointAfFailure||ut:TcpipEndpoint ut:Endpoint|UDP: endpoint (family={AddressFamily} pid={ProcessId}) create failed: address family not attached.
Microsoft-Windows-TCPIP|Information|1389|1|Microsoft-Windows-TCPIP/Diagnostic|UdpCreateEndpointAfFailure||ut:TcpipEndpoint ut:Endpoint|UDP: endpoint (family={AddressFamily} pid={ProcessId}) create failed: address family not attached.
Microsoft-Windows-TCPIP|Information|1390|0|Microsoft-Windows-TCPIP/Diagnostic|UdpCreateEndpointCompartmentFailure||ut:TcpipEndpoint ut:Endpoint|UDP: endpoint {Endpoint} (family={AddressFamily} pid={ProcessId}) create failed: compartment {CompartmentId} not found.
Microsoft-Windows-TCPIP|Information|1390|1|Microsoft-Windows-TCPIP/Diagnostic|UdpCreateEndpointCompartmentFailure||ut:TcpipEndpoint ut:Endpoint|UDP: endpoint {Endpoint} (family={AddressFamily} pid={ProcessId}) create failed: compartment {CompartmentId} not found.
Microsoft-Windows-TCPIP|Information|1391|0|Microsoft-Windows-TCPIP/Diagnostic|UdpCreateEndpointComplete||ut:TcpipEndpoint ut:Endpoint|UDP: endpoint {Endpoint} (family={AddressFamily} pid={ProcessId}) created.
Microsoft-Windows-TCPIP|Information|1391|1|Microsoft-Windows-TCPIP/Diagnostic|UdpCreateEndpointComplete||ut:TcpipEndpoint ut:Endpoint|UDP: endpoint {Endpoint} (family={AddressFamily} pid={ProcessId}) created.
Microsoft-Windows-TCPIP|Information|1392|0|Microsoft-Windows-TCPIP/Diagnostic|UdpCreateEndpointInspectionFailure||ut:TcpipEndpoint ut:Endpoint|UDP: endpoint {Endpoint} (family={AddressFamily} pid={ProcessId}) create failed: inspection status = {Status}
Microsoft-Windows-TCPIP|Information|1392|1|Microsoft-Windows-TCPIP/Diagnostic|UdpCreateEndpointInspectionFailure||ut:TcpipEndpoint ut:Endpoint|UDP: endpoint {Endpoint} (family={AddressFamily} pid={ProcessId}) create failed: inspection status = {Status}
Microsoft-Windows-TCPIP|Information|1393|0|Microsoft-Windows-TCPIP/Diagnostic|UdpBindEndpointResolutionFailure||ut:TcpipEndpoint ut:TcpipBind ut:Endpoint|UDP: endpoint {Endpoint} bind failed: address {LocalAddress} cannot be resolved, status = {Status}
Microsoft-Windows-TCPIP|Information|1394|0|Microsoft-Windows-TCPIP/Diagnostic|UdpBindEndpointPortFailure||ut:TcpipEndpoint ut:TcpipBind ut:Endpoint|UDP: endpoint {Endpoint} (sockaddr={LocalAddress}) bind failed: port-acquisition status = {Status}
Microsoft-Windows-TCPIP|Information|1395|0|Microsoft-Windows-TCPIP/Diagnostic|UdpBindEndpointInspectionFailure||ut:TcpipEndpoint ut:TcpipBind ut:Endpoint|UDP: endpoint {Endpoint} (sockaddr={LocalAddress}) bind failed: inspection status = {Status}
Microsoft-Windows-TCPIP|Information|1396|0|Microsoft-Windows-TCPIP/Diagnostic|UdpBindEndpointComplete||ut:TcpipEndpoint ut:TcpipBind ut:Endpoint|UDP: endpoint {Endpoint} (sockaddr={LocalAddress}) bound.
Microsoft-Windows-TCPIP|Information|1397|0|Microsoft-Windows-TCPIP/Diagnostic|UdpCloseEndpointBound||ut:TcpipEndpoint ut:Endpoint|UDP: endpoint {Endpoint} (sockaddr={LocalAddress}) closed.
Microsoft-Windows-TCPIP|Information|1398|0|Microsoft-Windows-TCPIP/Diagnostic|UdpCloseEndpointUnBound||ut:TcpipEndpoint ut:Endpoint|UDP: endpoint {Endpoint} closed.
Microsoft-Windows-TCPIP|Verbose|1399|0|Microsoft-Windows-TCPIP/Diagnostic|UdpSendMessagesResolutionFailure|||UDP: endpoint {Endpoint} (sockaddr={EndpointAddress}) send messages {SendAddress}: address resolution status = {Status}
Microsoft-Windows-TCPIP|Verbose|1400|0|Microsoft-Windows-TCPIP/Diagnostic|UdpSendMessagesValidationFailure|||UDP: endpoint {Endpoint} (sockaddr={EndpointAddress}) send messages {SendAddress}: address validation failed.
Microsoft-Windows-TCPIP|Verbose|1401|0|Microsoft-Windows-TCPIP/Diagnostic|UdpSendMessagesSrcAddrSelectionFailure|||UDP: endpoint {Endpoint} (sockaddr={EndpointAddress}) send messages {SendAddress}: source-address selection status = {Status}
Microsoft-Windows-TCPIP|Information|1403|0|Microsoft-Windows-TCPIP/Diagnostic|UdpGlobalAddInterface||ut:TcpipInterface|UDP: address family {AddressFamily}added to interface {InterfaceIndex}.
Microsoft-Windows-TCPIP|Information|1404|0|Microsoft-Windows-TCPIP/Diagnostic|UdpGlobalDeleteInterface||ut:TcpipInterface|UDP: address family {AddressFamily}removed from interface {InterfaceIndex}.
Microsoft-Windows-TCPIP|Error|1405|0|Microsoft-Windows-TCPIP/Diagnostic|UdpStartInetModuleFailure|||UDP: Failure initializing transport protocol, status = {Status}
Microsoft-Windows-TCPIP|Error|1406|0|Microsoft-Windows-TCPIP/Diagnostic|UdpStartNlnpiClientFailure|||UDP: Failure starting NLNPI client, status = {Status}
Microsoft-Windows-TCPIP|Error|1407|0|Microsoft-Windows-TCPIP/Diagnostic|UdpStartNsiProviderFailure|||UDP: Failure initializing NSI support, status = {Status}
Microsoft-Windows-TCPIP|Error|1408|0|Microsoft-Windows-TCPIP/Diagnostic|UdpStartTlnpiProviderFailure|||UDP: Failure starting TLNPI provider, status = {Status}
Microsoft-Windows-TCPIP|Error|1409|0|Microsoft-Windows-TCPIP/Diagnostic|UdpStartQosClientFailure|||UDP: Failure initializing QoS support, status = {Status}
Microsoft-Windows-TCPIP|Error|1410|0|Microsoft-Windows-TCPIP/Diagnostic|UdpStartEndpointModuleFailure|||UDP: Failure starting {FailedQueueString}, status = {Status}
Microsoft-Windows-TCPIP|Verbose|1411|0|Microsoft-Windows-TCPIP/Diagnostic|UdpSendMessagesSendContextResourceFailure|||UDP: endpoint {Endpoint} (sockaddr={EndpointAddress}) send messages {SendAddress}: could not allocate send context.
Microsoft-Windows-TCPIP|Verbose|1412|0|Microsoft-Windows-TCPIP/Diagnostic|UdpSendMessagesPathAfFailure|||UDP: endpoint {Endpoint} (sockaddr={EndpointAddress}) send messages {SendAddress}: path af failure, status = {Status}
Microsoft-Windows-TCPIP|Verbose|1413|0|Microsoft-Windows-TCPIP/Diagnostic|UdpSendMessagesPathNextHopMissingFailure|||UDP: endpoint {Endpoint} (sockaddr={EndpointAddress}) send messages {SendAddress}: path missing next hop failure.
Microsoft-Windows-TCPIP|Verbose|1414|0|Microsoft-Windows-TCPIP/Diagnostic|UdpSendMessagesPathNextHopAddrFailure|||UDP: endpoint {Endpoint} (sockaddr={EndpointAddress}) send messages {SendAddress}: path next hop address failure.
Microsoft-Windows-TCPIP|Verbose|1415|0|Microsoft-Windows-TCPIP/Diagnostic|TcpEarlyRetransmit|||TCP: Early Retransmission, FACK or RACK, Connection = {Tcb}, SndUna = {SndUna}, SackIsLostSeq = {SackIsLostSeq}, DupAckCount = {DupAckCount}
Microsoft-Windows-TCPIP|Verbose|1416|0|Microsoft-Windows-TCPIP/Diagnostic|TcpFastopenSynRcvdLimit||ut:TcpipDiagnosis|TCP: Ignoring fastopen SYN option due to limit on concurrent SYN_RCVD fastopen connections, Connection = {Tcb}, SynRcvdLimit = {SynRcvdLimit}
Microsoft-Windows-TCPIP|Warning|1417|0|Microsoft-Windows-TCPIP/Diagnostic|TcpFastopenKeyUpdateFailure||ut:TcpipDiagnosis|TCP: Failed to update fastopen key state, Location = {Location}, Status = {Status}. Server-side fastopen will be disabled
Microsoft-Windows-TCPIP|Verbose|1418|0|Microsoft-Windows-TCPIP/Diagnostic|TcpLossRecoverySend|||TCP: Fast Retransmit Send, Connection = {Tcb}, BytesToSend = {BytesToSend}, SndNxt = {SndNxt}
Microsoft-Windows-TCPIP|Verbose|1419|0|Microsoft-Windows-TCPIP/Diagnostic|TcpLossRecoverySend|||TCP: SACK Retransmit Send, Connection = {Tcb}, BytesToSend = {BytesToSend}, SndNxt = {SndNxt}
Microsoft-Windows-TCPIP|Verbose|1420|0|Microsoft-Windows-TCPIP/Diagnostic|TcpLossRecoverySend|||TCP: Limited Transmit Send, Connection = {Tcb}, BytesToSend = {BytesToSend}, SndNxt = {SndNxt}
Microsoft-Windows-TCPIP|Verbose|1421|0|Microsoft-Windows-TCPIP/Diagnostic|TcpLossRecoverySend|||TCP: SACK Retransmit Additional Send, Connection = {Tcb}, BytesToSend = {BytesToSend}, SndNxt = {SndNxt}
Microsoft-Windows-TCPIP|Verbose|1422|0|Microsoft-Windows-TCPIP/Diagnostic|IcmpSendRecv|||{IPTransportProtocol}: {PathDirection}message. Type = {IcmpType}, Code = {IcmpCode}, CompartmentId = {CompartmentId}, SourceAddress = {SourceAddress}, DestAddress = {DestAddress}
Microsoft-Windows-TCPIP|Verbose|1423|0|Microsoft-Windows-TCPIP/Diagnostic|IcmpPacketDrops||ut:TcpipDiagnosis|{IPTransportProtocol}: {PathDirection}path drop. Type = {IcmpType}, Code = {IcmpCode}, Reason = {DropReason}, Status = {Status}, CompartmentId = {CompartmentId}, SourceAddress = {SourceAddress}, DestAddress = {IPTransportProtocol}1
Microsoft-Windows-TCPIP|Verbose|1424|0|Microsoft-Windows-TCPIP/Diagnostic|IcmpEchoTimeout|||{IPTransportProtocol}: Echo timeout. Status = {IcmpCode}
Microsoft-Windows-TCPIP|Verbose|1425|0|Microsoft-Windows-TCPIP/Diagnostic|TcpipTimerStateChange|||{Component} Timer state changed to {Current State} by Processor {Processor} Usage = {Processor Usage} at Tick = {Current Tick}
Microsoft-Windows-TCPIP|Verbose|1426|0|Microsoft-Windows-TCPIP/Diagnostic|TcpSendComplete|||TCP: connection {Tcb} send complete {NumBytes} bytes at {SndNxt} ({Injected}).
Microsoft-Windows-TCPIP|Information|1427|0|Microsoft-Windows-TCPIP/Diagnostic|IpCompartmentCreation|||IP: Compartment creation. Compartment = {CompartmentId}, Protocol = {AddressFamily}, Private = {Private}, Status = {Status}.
Microsoft-Windows-TCPIP|Information|1428|0|Microsoft-Windows-TCPIP/Diagnostic|IpCompartmentDeletion|||IP: Compartment deletion. Compartment = {CompartmentId}, Protocol = {AddressFamily}.
Microsoft-Windows-TCPIP|Information|1429|0|Microsoft-Windows-TCPIP/Diagnostic|TcpCubicDataTransferCumAck|||TCP: connection {Tcb}: Cumulative Ack event, SeqNo = {SeqNo}, BytesAcked = {BytesAcked}, CWnd = {Cwnd}, SndWnd = {SndWnd}, InRecovery = {InRecovery}, TimeSinceLastLossMS = {TimeSinceLastLossMS}, CubicCwnd = {CubicCwnd}, AimdCwnd = {AimdCwnd}, K = {Tcb}0, Wmax = {Tcb}1, LastWmax = {Tcb}2, MaxSndWnd = {Tcb}3.
Microsoft-Windows-TCPIP|Information|1429|1|Microsoft-Windows-TCPIP/Diagnostic|TcpCubicDataTransferCumAck|||TCP: connection {Tcb}: Cumulative Ack event, SeqNo = {SeqNo}, BytesAcked = {BytesAcked}, CWnd = {Cwnd}, SndWnd = {SndWnd}, InRecovery = {InRecovery}, TimeSinceLastLossMS = {TimeSinceLastLossMS}, CubicCwnd = {CubicCwnd}, AimdCwnd = {AimdCwnd}, K = {Tcb}0, Wmax = {Tcb}1, LastWmax = {Tcb}2, MaxSndWnd = {Tcb}3 IsLimitedSlowStart = {Tcb}4.
Microsoft-Windows-TCPIP|Information|1430|0|Microsoft-Windows-TCPIP/Diagnostic|TcpCubicDataTransferDupAck|||TCP: connection {Tcb}: Duplicate ACK updated cwnd = {Cwnd} and updated ssthresh = {SSThresh} DupAckCount = {DupAckCount} SndUna = {SeqNo} CwrMax = {CwrMax}.
Microsoft-Windows-TCPIP|Information|1431|0|Microsoft-Windows-TCPIP/Diagnostic|IpCompartmentCleanup|||IP: Compartment cleanup. Compartment = {CompartmentId}, Protocol = {AddressFamily}.
Microsoft-Windows-TCPIP|Verbose|1432|0|Microsoft-Windows-TCPIP/Diagnostic|IpUpdateInterfaceNetworkCategoryState||ut:TcpipInterface|IP: Interface network category state change. Interface = {IfIndex}, Compartment = {CompartmentId} , Protocol = {AddressFamily}, NetworkCategory = {NetworkCategory}, DomainNetworkLocation = {DomainNetworkLocation}, DomainType = {DomainType}, Signature = {NetworkSignature}.
Microsoft-Windows-TCPIP|Information|1433|0|Microsoft-Windows-TCPIP/Diagnostic|IpInterfaceCreation||ut:TcpipInterface|IP: Interface creation. Interface = {IfIndex}, Compartment = {CompartmentId}, Protocol = {AddressFamily}, PhysicalMediumType = {PhysicalMediumType}, Status = {Status}.
Microsoft-Windows-TCPIP|Information|1434|0|Microsoft-Windows-TCPIP/Diagnostic|IpInterfaceDeletion||ut:TcpipInterface|IP: Interface deletion. Interface = {IfIndex}, Compartment = {CompartmentId}, Protocol = {AddressFamily}.
Microsoft-Windows-TCPIP|Information|1435|0|Microsoft-Windows-TCPIP/Diagnostic|IpInterfaceCleanup||ut:TcpipInterface|IP: Interface cleanup. Interface = {IfIndex}, Compartment = {CompartmentId}, Protocol = {AddressFamily}.
Microsoft-Windows-TCPIP|Information|1436|0|Microsoft-Windows-TCPIP/Diagnostic|IpSubInterfaceCreation||ut:TcpipInterface|IP: SubInterface creation. SubInterface = {SubIfIndex}, Interface = {IfIndex}, Compartment = {CompartmentId}, Protocol = {AddressFamily}, Status = {Status}.
Microsoft-Windows-TCPIP|Information|1437|0|Microsoft-Windows-TCPIP/Diagnostic|IpSubInterfaceDeletion||ut:TcpipInterface|IP: SubInterface deletion. SubInterface = {SubIfIndex}, Interface = {IfIndex}, Compartment = {CompartmentId}, Protocol = {AddressFamily}.
Microsoft-Windows-TCPIP|Information|1438|0|Microsoft-Windows-TCPIP/Diagnostic|IpSubInterfaceCleanup||ut:TcpipInterface|IP: SubInterface cleanup. SubInterface = {SubIfIndex}, Interface = {IfIndex}, Compartment = {CompartmentId}, Protocol = {AddressFamily}.
Microsoft-Windows-TCPIP|Verbose|1439|0|Microsoft-Windows-TCPIP/Diagnostic|IpInterfaceChangeNotification||ut:TcpipInterface ut:NsiNotification|IP: Interface change Notification. Interface = {IfIndex}, Compartment = {CompartmentId}, Protocol = {AddressFamily}, Reason = {Reason}.
Microsoft-Windows-TCPIP|Verbose|1440|0|Microsoft-Windows-TCPIP/Diagnostic|IpInterfaceInternetConnectivityStatus||ut:TcpipInterface|IP: Interface internet connectivity status change. Interface = {IfIndex}, Compartment = {CompartmentId}, Protocol = {AddressFamily}, OldConnectivityStatus = {OldConnectivityStatus}, NewConnectivityStatus = {NewConnectivityStatus}.
Microsoft-Windows-TCPIP|Verbose|1441|0|Microsoft-Windows-TCPIP/Diagnostic|IpAddressChangeNotification||ut:NsiNotification|IP: Address change notification. Address = {SourceAddress}, Interface = {IfIndex}, Compartment = {CompartmentId}, Protocol = {Protocol}, Reason = {Reason}.
Microsoft-Windows-TCPIP|Verbose|1442|0|Microsoft-Windows-TCPIP/Diagnostic|IpRouteChangeNotification||ut:TcpipRoute ut:NsiNotification|IP: Route change notification. DestinationPrefix = {DestinationPrefix}/{DestinationPrefixLength}, NextHop = {NextHopAddress}, Interface = {IfIndex}, Compartment = {CompartmentId}, NotifyFlags = {NotifyFlags}.
Microsoft-Windows-TCPIP|Verbose|1443|0|Microsoft-Windows-TCPIP/Diagnostic|IpNeighborChangeNotification||ut:TcpipRoute ut:NsiNotification|IP: Neighbor change notification. IpAddress = {IPAddress}, DlAddress = {DLAddress}, Interface = {IfIndex}, Compartment = {CompartmentId}, State = {Neighbor State}, Reason = {Reason}.
Microsoft-Windows-TCPIP|Information|1444|0|Microsoft-Windows-TCPIP/Diagnostic|IpAddressDadStateChange|||IP: Address DAD state change. Address = {SourceAddress}, Interface = {IfIndex}, Compartment = {CompartmentId}, OldState = {OldDadState}, NewState = {NewDadState}, Reason = {Reason}.
Microsoft-Windows-TCPIP|Verbose|1445|0|Microsoft-Windows-TCPIP/Diagnostic|IpRouteDGDStateChange||ut:TcpipRoute|IP: Route Dead Gateway Detection state change. DestinationPrefix = {DestinationPrefix}/{DestinationPrefixLength}, NextHop = {NextHopAddress}, Interface = {IfIndex}, Compartment = {CompartmentId}, OldState = {OldState}, NewState = {NewState}, OldProbeCount = {DestinationPrefixAddressLength}0, NewProbeCount = {DestinationPrefixAddressLength}1, OldUnreachablePaths = {DestinationPrefixAddressLength}2, NewUnreachablePaths = {DestinationPrefixAddressLength}3, OldMovedPaths = {DestinationPrefixAddressLength}4, NewMovedPaths = {DestinationPrefixAddressLength}5, TotalPaths = {DestinationPrefixAddressLength}6, OldStateChangeTick = {DestinationPrefixAddressLength}7, NewStateChangeTick = {DestinationPrefixAddressLength}8, DgdNeedsReset = {DestinationPrefixAddressLength}9, Reason = {DestinationPrefix}0.
Microsoft-Windows-TCPIP|Information|1446|0|Microsoft-Windows-TCPIP/Diagnostic|IpInterfaceDisconnect||ut:TcpipInterface|IP: Disconnecting TCP connections with Address = {Address}, Interface = {IfIndex}, Compartment = {CompartmentId}, SkipLocal = {SkipLocal}, SkipOnLink = {SkipOnLink}.
Microsoft-Windows-TCPIP|Verbose|1447|0|Microsoft-Windows-TCPIP/Diagnostic|TcpPacingSend|||TCP: connection {Tcb}: Sending paced chunk of {ChunkSize} bytes with CWnd = {Cwnd}, SndWnd = {SndWnd}, BytesAvailable = {BytesAvailable}, BytesOutstanding = {BytesOutstanding}
Microsoft-Windows-TCPIP|Verbose|1448|0|Microsoft-Windows-TCPIP/Diagnostic|FeatureFallback|||Fallback: Context = {Fallback}, Feature = {Feature}, TraceReason = {Reason}, Confidence = {Confidence}, Successes = {Successes}, Failures = {Failures}
Microsoft-Windows-TCPIP|Information|1449|0|Microsoft-Windows-TCPIP/Diagnostic|TcpLoopbackFastPathSuccess|||TCPIP: TCB {Tcb} using fast loopback
Microsoft-Windows-TCPIP|Verbose|1450|0|Microsoft-Windows-TCPIP/Diagnostic|IpRouterInformationChangeNotification||ut:NsiNotification ut:TcpipRouter|IP: Router information change notification. Interface = {IfIndex}, Compartment = {CompartmentId}, Protocol = {AddressFamily}, Reason = {Reason}.
Microsoft-Windows-TCPIP|Verbose|1451|0|Microsoft-Windows-TCPIP/Diagnostic|IpRaDnsEvent||ut:TcpipRouter|IP: {Event}. Interface = {Interface}, Compartment = {CompartmentId}, RouterAddress = {Router Address}, DNS Server/Suffix: {DNS Server Address} {DNS Suffix}, Lifetime = {Lifetime}.
Microsoft-Windows-TCPIP|Information|1452|0|Microsoft-Windows-TCPIP/Diagnostic|IpRouteRundown||ut:TcpipRoute ut:TcpipDiagnosis|IP: Route rundown. Interface = {Interface}, Compartment = {Compartment}, Prefix = {DestinationPrefix}/{DestinationPrefixLength}, NextHop = {NextHopAddress}, Metric = {Metric}, State = {State}, Origin = {Interface}0, Age = {Interface}1, ValidLifetime = {Interface}2, PreferredLifetime = {Interface}3, Flags = {Interface}4.
Microsoft-Windows-TCPIP|Information|1453|0|Microsoft-Windows-TCPIP/Diagnostic|TcpCubicDataTransferEcn|||TCP: CUBIC ECN event. Connection {Tcb}, CWnd {Cwnd}, SSThresh = {SSThresh}, SndUna = {SndUna}
Microsoft-Windows-TCPIP|Information|1454|0|Microsoft-Windows-TCPIP/Diagnostic|InetInspect||ut:TcpipDiagnosis|INETINSPECT: Owner = {Owner}, InspectHandle = {InspectHandle}, InspectType = {InspectType}, Action = {InspectAction}, Status = {Status}
Microsoft-Windows-TCPIP|Information|1455|0|Microsoft-Windows-TCPIP/Diagnostic|InetInspect||ut:TcpipDiagnosis|INETINSPECT: Owner = {Owner}, InspectHandle = {InspectHandle}, InspectType = {InspectType}, Action = {InspectPort}, Status = {Status}
Microsoft-Windows-TCPIP|Verbose|1456|0|Microsoft-Windows-TCPIP/Diagnostic|FeatureFallback|||FallbackCheck: Ctx = {Fallback}, Feature = {Feature}, Failed = {Failed}, Succeeeded = {Succeeded}, InProbe = {InProbe}, PathsProbed = {PathsProbed}, Status = {Status}
Microsoft-Windows-TCPIP|Verbose|1457|0|Microsoft-Windows-TCPIP/Diagnostic|FeatureFallback|||FallbackUpdate: Ctx = {Fallback}, Feature = {Feature}, Failed = {Failed}, Succeeeded = {Succeeded}, InProbe = {InProbe}, PathsProbed = {PathsProbed}, Status = {Status}
Microsoft-Windows-TCPIP|Warning|1458|0|Microsoft-Windows-TCPIP/Diagnostic|FeatureFallback|||Fallback: Permanently disabling feature, Ctx = {Fallback}, Feature = {Feature}, PathsProbed = {PathsProbed}
Microsoft-Windows-TCPIP|Information|1459|0|Microsoft-Windows-TCPIP/Diagnostic|FeatureFallback|||Fallback: Enabling feature for this boot session, Ctx = {Fallback}, Feature = {Feature}, PathsProbed = {PathsProbed}
Microsoft-Windows-TCPIP|Verbose|1460|0|Microsoft-Windows-TCPIP/Diagnostic|FeatureFallback|||Fallback: Feature previously disabled, Ctx = {Fallback}, Feature = {Feature}, PathsProbed = {PathsProbed}
Microsoft-Windows-TCPIP|Verbose|1461|0|Microsoft-Windows-TCPIP/Diagnostic|TcpFastopenFallbackUpdate|||TCP Fastopen fallback update: Tcb = {Tcb}, FastopenState = {FastopenState}, DataBytesIn = {DataBytesIn}, ShutdownStatus = {ShutdownStatus}, ProbeStatus = {ProbeStatus}
Microsoft-Windows-TCPIP|Verbose|1462|0|Microsoft-Windows-TCPIP/Diagnostic|FeatureFallbackNcsiNoConnectivity|||Disabling feature until connectivity is established: CompartmentId ={CompartmentId}, IfIndex = {IfIndex}, Feature = {Feature}, ConnectivityStatus = {ConnectivityStatus}
Microsoft-Windows-TCPIP|Verbose|1463|0|Microsoft-Windows-TCPIP/Diagnostic|FeatureFallbackLoopback|||Disabling {Feature} for loopback connection
Microsoft-Windows-TCPIP|Verbose|1464|0|Microsoft-Windows-TCPIP/Diagnostic|TcpFastopenIncompatCallout|||Disabling TCP Fastopen for BaseEndpoint = {BaseEndpoint} because an incompatible WFP callout is installed
Microsoft-Windows-TCPIP|Verbose|1465|0|Microsoft-Windows-TCPIP/Diagnostic|TcpipSourceConstraint||ut:TcpipRoute|IP: Setting source constraint for route lookup - Compartment: {Compartment} DstAddr: {DestinationAddress} ConstrainSrcAddr: {ConstrainSourceAddress} ConstrainIfIndex: {ConstrainInterfaceIndex} ConstraintFlags: {ConstraintFlags}
Microsoft-Windows-TCPIP|Information|1466|0|Microsoft-Windows-TCPIP/Diagnostic|RemoteEndpoint||ut:AleRemoteEndpoint|WFP-ALE: RemoteEndPoint Insertion: (local={LocalAddress} remote={RemoteAddress}) PartitionId={PartitionId} PartitionNumEntries={NumEntries}
Microsoft-Windows-TCPIP|Information|1467|0|Microsoft-Windows-TCPIP/Diagnostic|RemoteEndpoint||ut:AleRemoteEndpoint|WFP-ALE: RemoteEndPoint Deletion: (local={LocalAddress} remote={RemoteAddress}) PartitionId={PartitionId} PartitionNumEntries={NumEntries}
Microsoft-Windows-TCPIP|Information|1468|0|Microsoft-Windows-TCPIP/Diagnostic|TcpSystemAbortTcb||ut:TcpipTcb ut:TcpipDiagnosis ut:Endpoint|TCP: connection {Tcb} (local={LocalAddress} remote={RemoteAddress}) system abort. PID = {ProcessId}.
Microsoft-Windows-TCPIP|Information|1468|1|Microsoft-Windows-TCPIP/Diagnostic|TcpSystemAbortTcb||ut:TcpipTcb ut:TcpipDiagnosis ut:Endpoint|TCP: connection {Tcb} (local={LocalAddress} remote={RemoteAddress}) system abort. PID = {ProcessId}.
Microsoft-Windows-TCPIP|Verbose|1469|0|Microsoft-Windows-TCPIP/Diagnostic|FeatureFallbackNoNextHop|||Disabling {Feature} due to no next hop
Microsoft-Windows-TCPIP|Information|1470|0|Microsoft-Windows-TCPIP/Diagnostic|TcpBindEndpointWakeFailure||ut:TcpipEndpoint ut:TcpipBind ut:Endpoint|TCP: endpoint (sockaddr={LocalAddress}) bind failed: wake status = {Status}.
Microsoft-Windows-TCPIP|Information|1471|0|Microsoft-Windows-TCPIP/Diagnostic|UdpBindEndpointWakeFailure||ut:TcpipEndpoint ut:TcpipBind ut:Endpoint|UDP: endpoint {Endpoint} (sockaddr={LocalAddress}) bind failed: wake status = {Status}
Microsoft-Windows-TCPIP|Information|1472|0|Microsoft-Windows-TCPIP/Diagnostic|InetWakeAcquirePort||ut:TcpipEndpoint ut:TcpipBind ut:Endpoint|Acquire wake port {Port}, type={AcquireType}, family={AddressFamily}, IF={Interface}, compartment={Compartment}
Microsoft-Windows-TCPIP|Verbose|1473|0|Microsoft-Windows-TCPIP/Diagnostic|TcpSackUpdateLimitReached||ut:TcpipDiagnosis|TCP: Connection {Tcb} reached max SACK queue length
Microsoft-Windows-TCPIP|Verbose|1474|0|Microsoft-Windows-TCPIP/Diagnostic|TcpFastopenRequested|||TCP: Connection {Tcb} requested fast open
Microsoft-Windows-TCPIP|Information|1475|0|Microsoft-Windows-TCPIP/Diagnostic|TcpCubicHystartStateChange|||TCP: CUBIC Hystart state change event. Connection {Tcb}, State {State}, CWnd {Cwnd}, SSThresh = {SSThresh}.
Microsoft-Windows-TCPIP|TcpIpPerPacket|1476|0|Microsoft-Windows-TCPIP/Diagnostic|TcpipLoopbackPacketTransmit||ut:Loopback|IP: Transmitting loopback Nbl {Nbl}. Interface={Interface}, Compartment={Compartment}, Src={SourceAddress}, Dst={DestinationAddress}, Proto={IPTransportProtocol}.
Microsoft-Windows-TCPIP|TcpSummary|1477|0|Microsoft-Windows-TCPIP/Diagnostic|TcpConnectionSummary|||TCP: Connection {Tcb} Summary: DataBytesOut {DataBytesOut} DataBytesIn {DataBytesIn} DataSegmentsOut {DataSegmentsOut} DataSegmentsIn {DataSegmentsIn} SegmentsOut {SegmentsOut} SegmentsIn {SegmentsIn} NonRecovDa \   {NonRecovDa} NonRecovDaEpisodes {NonRecovDaEpisodes} DupAcksIn {Tcb}0 BytesRetrans {Tcb}1 Timeouts {Tcb}2 SpuriousRtoDetections {Tcb}3 FastRetran {Tcb}4 MaxSsthresh {Tcb}5 MaxSsCwnd {Tcb}6 \   MaxCaCwnd {Tcb}7 SndLimTransRwin {Tcb}8 SndLimTimeRwin {Tcb}9 SndLimBytesRwin {DataBytesOut}0 SndLimTransCwnd {DataBytesOut}1 SndLimTimeCwnd {DataBytesOut}2 SndLimBytesCwnd {DataBytesOut}3 \   SndLimTransSnd {DataBytesOut}4 SndLimTimeSnd {DataBytesOut}5 SndLimBytesSnd {DataBytesOut}6 ConnectionTimeMs {DataBytesOut}7 Timestamps {DataBytesOut}8 RttUs {DataBytesOut}9 MinRtt {DataBytesIn}0 MaxRtt {DataBytesIn}1 SynRetrans {DataBytesIn}2 CongestionAlgorithm {DataBytesIn}3 \   State {DataBytesIn}4 Local {DataBytesIn}6 Remote {DataBytesIn}8 CWnd {DataBytesIn}9 SsThresh {DataSegmentsOut}0 RcvWnd {DataSegmentsOut}1 RcvBuf {DataSegmentsOut}2 SndWnd {DataSegmentsOut}3.
Microsoft-Windows-TCPIP|Information|1478|0|Microsoft-Windows-TCPIP/Diagnostic|TcpipFramingPacketDrops||ut:TcpipDiagnosis|TCPIP: Framing layer {PathDirection} (AddressFamily={AddressFamily}) dropped {PacketCount} packet(s) on interface={Interface}, Reason={Reason}, Data={Data}.
Microsoft-Windows-TCPIP|Information|1479|0|Microsoft-Windows-TCPIP/Diagnostic|TcpRstSend||ut:TcpipDiagnosis|TCP: Connection {Tcb} Transport (Protocol {IPTransportProtocol}, AddressFamily = {AddressFamily}) sent RST with Local = {LocalSockAddr}, Remote = {RemoteSockAddr}. Reason = {Reason}.
Microsoft-Windows-TCPIP|TcpSummary|1480|0|Microsoft-Windows-TCPIP/Diagnostic|TcpRecentConnectionFailure|||TCP connection failed with Status = {Status}, Local = {LocalSockAddr}, Remote = {RemoteSockAddr}, ProcessId = {TcpState}, TcpState = {ProcessId} at {Hour}:{Minute}:{Status}0 Reason = {Status}1.
Microsoft-Windows-TCPIP|TcpSummary|1480|1|Microsoft-Windows-TCPIP/Diagnostic|TcpRecentConnectionFailure|||TCP connection failed with Status = {Status}, Local = {LocalSockAddr}, Remote = {RemoteSockAddr}, ProcessId = {TcpState}, TcpState = {ProcessId} at {Hour}:{Minute}:{Status}0 Reason = {Status}1.
Microsoft-Windows-TCPIP|Verbose|1481|0||TcpPrrSend||ut:TcpipDiagnosis|TCP: Connection {Tcb} PRR send SackIsLostSeq {SackIsLostSeq} SackInFlight {SackInFlight} SackBytes {SackBytes} SackIsLost {SackIsLost} SsThresh {SsThresh} RecoveryFS {HeadSeq} AckedData {AckedData} BytesInFlight {BytesInFlight} BytesToSend {Tcb}0 PrrDelivered {Tcb}1 PrrOut {Tcb}2.
Microsoft-Windows-TCPIP|Verbose|1482|0|Microsoft-Windows-TCPIP/Diagnostic|UdpSegmentMessage|||UDP: Endpoint {Endpoint} segment message. SegmentSize = {SegmentSize} (0 == No Segmentation) MessageLength = {MessageLength} HwDatagrams = {HwDatagrams} HwSegments = {HwSegments} SwSegments = {SwSegments} Status = {Status}.
Microsoft-Windows-TCPIP|Verbose|1482|1|Microsoft-Windows-TCPIP/Diagnostic|UdpSegmentMessage|||UDP: Endpoint {Endpoint} segment message. SegmentSize = {SegmentSize} (0 == No Segmentation) MessageLength = {MessageLength} HwDatagrams = {HwDatagrams} HwSegments = {HwSegments} SwSegments = {SwSegments} SubMssSegments = {SubMssSegments} Status = {Status}.
Microsoft-Windows-TCPIP|Verbose|1483|0|Microsoft-Windows-TCPIP/Diagnostic|UdpUsoFallback|||UDP: Endpoint {Endpoint} segmentation offload unavailable. Reason = {FailureReason} SegmentSize = {SegmentSize} LocalAddress = {LocalSockAddr}, RemoteAddress = {RemoteSockAddr}.
Microsoft-Windows-TCPIP|Error|1484|0|Microsoft-Windows-TCPIP/Diagnostic|TcpipFramingInterfaceBindFailure||ut:TcpipInterface ut:TcpipDiagnosis|TCPIP: Framing layer interface {IfIndex} (AddressFamily = {AddressFamily}) failed to bind to its provider. Code = {FailureCode}. Status = {Status}.
Microsoft-Windows-TCPIP|Error|1485|0|Microsoft-Windows-TCPIP/Diagnostic|TcpipFramingOidFailure||ut:TcpipDiagnosis|TCPIP: OID request from framing layer interface {IfIndex} (AddressFamily = {AddressFamily}) failed. OID = {OID}. Status = {Status}.
Microsoft-Windows-TCPIP|Information|1486|0|Microsoft-Windows-TCPIP/Diagnostic|TcpipStatusIndication||ut:TcpipInterface|TCPIP received a status indication on interface {IfIndex}. AddressFamily = {AddressFamily}. NdisStatus = {NdisStatus}.
Microsoft-Windows-TCPIP|Error|1487|0|Microsoft-Windows-TCPIP/Diagnostic|IpSessionFailure||ut:TcpipInterface ut:TcpipDiagnosis|IP: Failed to set socket option. Level = {SocketOptionLevel}. Option = {SocketOptionValue}. Status = {Status}.
Microsoft-Windows-TCPIP|Error|1488|0|Microsoft-Windows-TCPIP/Diagnostic|IpSessionFailure||ut:TcpipInterface ut:TcpipDiagnosis|IP: Failed to set socket IOCTL. IOCTL = {SocketIoctl}. Status = {Status}.
Microsoft-Windows-TCPIP|Error|1489|0|Microsoft-Windows-TCPIP/Diagnostic|IpSessionMulticastOperation||ut:TcpipDiagnosis|Failed to process multicast {RequestType} request. Address = {IPv4Address} {IPv6Address}. Source Address = {IPv4SourceAddress} {IPv6SourceAddress}. Reason = {FailureReason}. Status = {Status}.
Microsoft-Windows-TCPIP|Information|1490|0|Microsoft-Windows-TCPIP/Diagnostic|IpSessionMulticastOperation|||Processed multicast {RequestType} request successfully. Address = {IPv4Address} {IPv6Address}. Source Address = {IPv4SourceAddress} {IPv6SourceAddress}.
Microsoft-Windows-TCPIP|Information|1491|0|Microsoft-Windows-TCPIP/Diagnostic|IpMulticast|||{MessageType}. Interface = {IfIndex}. Address = {IPv4Address} {IPv6Address}. Data = {Data}.
Microsoft-Windows-TCPIP|Error|1492|0|Microsoft-Windows-TCPIP/Diagnostic|IpMulticast||ut:TcpipDiagnosis|{MessageType}. Interface = {IfIndex}. Address = {IPv4Address} {IPv6Address}. Data = {Data}. Status = {Status}.
Microsoft-Windows-TCPIP|Warning|1493|0|Microsoft-Windows-TCPIP/Diagnostic|IpReassembly||ut:TcpipDiagnosis|Invalid ECN codepoints in reassembly. Ce = {Ce}. Ect0 = {Ect0}. Ect1 = {Ect1}. NotEct = {NotEct}.
Microsoft-Windows-TCPIP|Error|1494|0|Microsoft-Windows-TCPIP/Diagnostic|IpReassembly||ut:TcpipDiagnosis|Reassembly failure: packets do not add up correctly.  Interface = {InterfaceIndex}. Address family = {AddressFamily}.
Microsoft-Windows-TCPIP|Error|1495|0|Microsoft-Windows-TCPIP/Diagnostic|IpReassembly||ut:TcpipDiagnosis|Reassembly failure: failed to restore IPSec packet history.  Interface = {IfIndex}. Address family = {AddressFamily}. Status = {Status}.
Microsoft-Windows-TCPIP|Warning|1496|0|Microsoft-Windows-TCPIP/Diagnostic|IpReassembly||ut:TcpipDiagnosis|Could not transfer {FragmentContextDirection}.  Interface = {IfIndex}. Address family = {AddressFamily}.
Microsoft-Windows-TCPIP|Information|1497|0|Microsoft-Windows-TCPIP/Diagnostic|IpMulticast|||Attempting to {GroupChangeType} the multicast group at FL.  Interface = {IfIndex}. Address = {IPv4Address} {IPv6Address}. Data = {Data}. Status = {Status}.
Microsoft-Windows-TCPIP|Warning|1498|0|Microsoft-Windows-TCPIP/Diagnostic|IpFlUpdateAddressList|||Failed to update address list at FL. Interface = {IfIndex}. Address Family = {AddressFamily}. Status = {Status}.
Microsoft-Windows-TCPIP|Warning|1499|0|Microsoft-Windows-TCPIP/Diagnostic|IpTemporaryAddressCreation||ut:TcpipInterface ut:TcpipDiagnosis|Too many DAD failures, so will not create temporary address. Interface = {IfIndex}. Address = {IPv4Address} {IPv6Address}.
Microsoft-Windows-TCPIP|Error|1500|0|Microsoft-Windows-TCPIP/Diagnostic|IpSubInterfaceCreation||ut:TcpipInterface ut:TcpipDiagnosis|Failed to address interface; deleting it. Interface = {IfIndex}. Status = {Status}.
Microsoft-Windows-TCPIP|Warning|1501|0|Microsoft-Windows-TCPIP/Diagnostic|TcpipMediaReconnect||ut:TcpipInterface ut:TcpipDiagnosis|Failed to reach default gateway after reconnect; cleaning settings.  Interface = {IfIndex}.
Microsoft-Windows-TCPIP|Warning|1502|0|Microsoft-Windows-TCPIP/Diagnostic|TcpipRegSyncInterface||ut:TcpipInterface ut:TcpipDiagnosis|Failed to sync interface with registry.  Interface = {IfIndex}. Field = {Field}. Status = {Status}.
Microsoft-Windows-TCPIP|Error|1503|0|Microsoft-Windows-TCPIP/Diagnostic|TcpipActiveRefFailure||ut:TcpipInterface ut:TcpipDiagnosis|Failed to {Release} an active reference on the interface.  Interface = {IfIndex}. Reference Reason = {Subtask}. Status = {Status}.
Microsoft-Windows-TCPIP|Warning|1504|0|Microsoft-Windows-TCPIP/Diagnostic|TcpipIpRedirectPath||ut:TcpipDiagnosis ut:TcpipRouter|Redirect path hijack for destination {IPv4DestinationAddress} {IPv4NextHop} from {IPv6DestinationAddress} {IPv6NextHop}. Interface = {IfIndex}.
Microsoft-Windows-TCPIP|Information|1505|0|Microsoft-Windows-TCPIP/Diagnostic|TcpipIpRedirectPath||ut:TcpipRouter|Redirect path rate limit for IPv6 source address {IPv6Address}. Interface = {IfIndex}.
Microsoft-Windows-TCPIP|Error|1506|0|Microsoft-Windows-TCPIP/Diagnostic|IpReassembly||ut:TcpipDiagnosis|Dropped {AddressFamily} fragment. Interface = {IfIndex}. Reason = {Release}.
Microsoft-Windows-TCPIP|Error|1507|0|Microsoft-Windows-TCPIP/Diagnostic|IpReassembly||ut:TcpipDiagnosis|Reassembly timeout. Interface = {IfIndex}. Id = {ReassemblyId}. Source Address = {IPv4SourceAddress} {IPv6SourceAddress}.  Destination Address = {IPv4DestinationAddress} {IPv6DestinationAddress}.
Microsoft-Windows-TCPIP|Error|1508|0|Microsoft-Windows-TCPIP/Diagnostic|IpAncillaryData||ut:TcpipDiagnosis|Invalid IP option. Option = {SocketOption}. Level = {SocketLevel}. Reason = {Reason}.
Microsoft-Windows-TCPIP|Error|1509|0|Microsoft-Windows-TCPIP/Diagnostic|IpAncillaryData||ut:TcpipDiagnosis|Invalid IP hop-by-hop option.  Option = {Option}. Reason = {Reason}.
Microsoft-Windows-TCPIP|Error|1510|0|Microsoft-Windows-TCPIP/Diagnostic|IpAncillaryData||ut:TcpipDiagnosis|Invalid IP hop-by-hop option.  Option = {Option}. Reason = {Reason}.
Microsoft-Windows-TCPIP|Error|1511|0|Microsoft-Windows-TCPIP/Diagnostic|IpAncillaryData||ut:TcpipDiagnosis|Invalid IP routing header option. Reason = {Reason}.
Microsoft-Windows-TCPIP|Error|1512|0|Microsoft-Windows-TCPIP/Diagnostic|IpAncillaryData||ut:TcpipDiagnosis|Invalid IP routing header option. Reason = {Reason}.
Microsoft-Windows-TCPIP|Error|1513|0|Microsoft-Windows-TCPIP/Diagnostic|IpAncillaryData||ut:TcpipDiagnosis|This option cannot be specified by the user
Microsoft-Windows-TCPIP|Information|1514|0|Microsoft-Windows-TCPIP/Diagnostic|TcpInterfaceRscStateChange||ut:TcpipInterface|TCP: interface {IfIndex}: received potential RSC status indication. Current IPv4 State = {TcpRscEnabledIpv4}, Offload IPv4 State = {OffloadRscEnabledIpv4}, Current IPv6 State = {TcpRscEnabledIpv6}, Offload IPv6 State = {OffloadRscEnabledIpv6}.
Microsoft-Windows-TCPIP|Verbose|1515|0|Microsoft-Windows-TCPIP/Diagnostic|UdpUroNblOobInfo|||UDP: endpoint {Endpoint}: URO SCU received. SegCount = {SegCount}, SegSize = {SegSize}, DataLength = {DataLength}.
Microsoft-Windows-TCPIP|Information|1516|0|Microsoft-Windows-TCPIP/Diagnostic|SoftwareReceiveOffloadGlobalState||ut:TcpipDiagnosis|TCP software RSC global disabled mask = {TcpRscDisabledMask}, UDP software URO global disabled mask = {UdpUroDisabledMask}.
Microsoft-Windows-TCPIP|Information|1517|0|Microsoft-Windows-TCPIP/Diagnostic|UdpGlobalParameters||ut:TcpipDiagnosis|UDP: Global parameters updated for Address Family {AddressFamily}: DisableUro = {DisableUro}.
Microsoft-Windows-TCPIP|Information|1518|0|Microsoft-Windows-TCPIP/Diagnostic|IpInterfaceRundown||ut:TcpipInterface ut:TcpipDiagnosis|IP: IPSNPI client rundown. {AddressFamily} Interface = {IfIndex}, Compartment = {CompartmentId}, Client = {ClientName}.
